eval_accuracy = 0.5820000171661377
eval_loss = 1.0177212953567505
eval_mae = 0.4804
eval_runtime = 17.4848
eval_samples_per_second = 285.962
