eval_accuracy = 0.598800003528595
eval_loss = 0.9557094573974609
eval_mae = 0.4656
eval_runtime = 17.2381
eval_samples_per_second = 290.055
