eval_accuracy = 0.5753999948501587
eval_loss = 1.0851227045059204
eval_mae = 0.5088
eval_runtime = 16.1608
eval_samples_per_second = 309.391
