eval_accuracy = 0.6037999987602234
eval_loss = 0.9515392780303955
eval_mae = 0.4588
eval_runtime = 17.2308
eval_samples_per_second = 290.178
