eval_accuracy = 0.5568000078201294
eval_loss = 1.0249216556549072
eval_mae = 0.534
eval_runtime = 17.2852
eval_samples_per_second = 289.265
