eval_accuracy = 0.5004000067710876
eval_loss = 1.228583812713623
eval_mae = 0.6026
eval_runtime = 18.4152
eval_samples_per_second = 271.515
