eval_accuracy = 0.5813999772071838
eval_loss = 1.0186305046081543
eval_mae = 0.4934
eval_runtime = 36.9917
eval_samples_per_second = 135.165
