eval_accuracy = 0.48100000619888306
eval_loss = 1.3923481702804565
eval_mae = 0.6736
eval_runtime = 20.347
eval_samples_per_second = 245.736
