eval_accuracy = 0.5756000280380249
eval_loss = 1.0850679874420166
eval_mae = 0.5092
eval_runtime = 16.4318
eval_samples_per_second = 304.288
