eval_accuracy = 0.5479999780654907
eval_loss = 1.0862207412719727
eval_mae = 0.5408
eval_runtime = 22.4963
eval_samples_per_second = 222.258
