eval_accuracy = 0.5687999725341797
eval_loss = 1.0232114791870117
eval_mae = 0.51
eval_runtime = 17.2016
eval_samples_per_second = 290.67
