eval_accuracy = 0.5296000242233276
eval_loss = 1.055750846862793
eval_mae = 0.57
eval_runtime = 16.0206
eval_samples_per_second = 312.097
