eval_accuracy = 0.4991999864578247
eval_loss = 1.1557554006576538
eval_mae = 0.5914
eval_runtime = 17.3589
eval_samples_per_second = 288.037
