eval_accuracy = 0.5633999705314636
eval_loss = 1.0146112442016602
eval_mae = 0.5082
eval_runtime = 16.406
eval_samples_per_second = 304.766
