eval_accuracy = 0.5799999833106995
eval_loss = 1.0113836526870728
eval_mae = 0.4814
eval_runtime = 17.5418
eval_samples_per_second = 285.033
