eval_accuracy = 0.5027999877929688
eval_loss = 1.177173137664795
eval_mae = 0.592
eval_runtime = 17.4365
eval_samples_per_second = 286.754
