eval_accuracy = 0.5465999841690063
eval_loss = 1.0873326063156128
eval_mae = 0.5418
eval_runtime = 23.7315
eval_samples_per_second = 210.691
