eval_accuracy = 0.5734000205993652
eval_loss = 1.0849709510803223
eval_mae = 0.5132
eval_runtime = 16.4004
eval_samples_per_second = 304.871
