eval_accuracy = 0.5752000212669373
eval_loss = 1.006001353263855
eval_mae = 0.4968
eval_runtime = 17.2883
eval_samples_per_second = 289.213
