eval_accuracy = 0.5727999806404114
eval_loss = 1.0048258304595947
eval_mae = 0.5
eval_runtime = 17.2144
eval_samples_per_second = 290.455
