eval_accuracy = 0.5702000260353088
eval_loss = 0.990598738193512
eval_mae = 0.5092
eval_runtime = 16.8495
eval_samples_per_second = 296.744
