eval_accuracy = 0.5916000008583069
eval_loss = 0.9473242163658142
eval_mae = 0.4702
eval_runtime = 18.9902
eval_samples_per_second = 263.294
