eval_accuracy = 0.5443999767303467
eval_loss = 1.0297119617462158
eval_mae = 0.5408
eval_runtime = 17.2988
eval_samples_per_second = 289.037
