eval_accuracy = 0.5789999961853027
eval_loss = 1.016115665435791
eval_mae = 0.496
eval_runtime = 19.6307
eval_samples_per_second = 254.704
