eval_accuracy = 0.5558000206947327
eval_loss = 1.024584412574768
eval_mae = 0.5354
eval_runtime = 16.3032
eval_samples_per_second = 306.689
