eval_accuracy = 0.6069999933242798
eval_loss = 0.9497427940368652
eval_mae = 0.4492
eval_runtime = 22.0149
eval_samples_per_second = 227.119
