eval_accuracy = 0.5569999814033508
eval_loss = 1.0628021955490112
eval_mae = 0.521
eval_runtime = 18.3169
eval_samples_per_second = 272.971
