eval_accuracy = 0.5709999799728394
eval_loss = 0.9916203022003174
eval_mae = 0.5076
eval_runtime = 16.9643
eval_samples_per_second = 294.737
