eval_accuracy = 0.5555999875068665
eval_loss = 1.0815171003341675
eval_mae = 0.5672
eval_runtime = 18.4898
eval_samples_per_second = 270.42
