eval_accuracy = 0.5040000081062317
eval_loss = 1.1746267080307007
eval_mae = 0.5902
eval_runtime = 17.419
eval_samples_per_second = 287.043
