eval_accuracy = 0.5644000172615051
eval_loss = 1.007706880569458
eval_mae = 0.5088
eval_runtime = 17.0006
eval_samples_per_second = 294.107
