eval_accuracy = 0.5429999828338623
eval_loss = 1.0307269096374512
eval_mae = 0.5424
eval_runtime = 16.6362
eval_samples_per_second = 300.549
