eval_accuracy = 0.5454000234603882
eval_loss = 1.0297141075134277
eval_mae = 0.5394
eval_runtime = 16.7672
eval_samples_per_second = 298.201
