eval_accuracy = 0.5902000069618225
eval_loss = 0.9486865401268005
eval_mae = 0.4636
eval_runtime = 17.2668
eval_samples_per_second = 289.572
