eval_accuracy = 0.6011999845504761
eval_loss = 0.9355605244636536
eval_mae = 0.4548
eval_runtime = 17.1814
eval_samples_per_second = 291.013
