eval_accuracy = 0.49880000948905945
eval_loss = 1.1554656028747559
eval_mae = 0.5922
eval_runtime = 17.2876
eval_samples_per_second = 289.225
