eval_accuracy = 0.5799999833106995
eval_loss = 1.0133004188537598
eval_mae = 0.4812
eval_runtime = 17.4385
eval_samples_per_second = 286.723
