eval_accuracy = 0.5802000164985657
eval_loss = 1.0177109241485596
eval_mae = 0.4816
eval_runtime = 16.8046
eval_samples_per_second = 297.537
