eval_accuracy = 0.5550000071525574
eval_loss = 1.0247211456298828
eval_mae = 0.5356
eval_runtime = 17.5196
eval_samples_per_second = 285.394
