eval_accuracy = 0.46880000829696655
eval_loss = 1.3520234823226929
eval_mae = 0.6854
eval_runtime = 17.3152
eval_samples_per_second = 288.764
