eval_accuracy = 0.5756000280380249
eval_loss = 1.0848444700241089
eval_mae = 0.5074
eval_runtime = 16.9752
eval_samples_per_second = 294.548
