eval_accuracy = 0.45719999074935913
eval_loss = 1.3662397861480713
eval_mae = 0.7338
eval_runtime = 16.7239
eval_samples_per_second = 298.974
