eval_accuracy = 0.6376000046730042
eval_loss = 0.8887724876403809
eval_mae = 0.413
eval_runtime = 28.7337
eval_samples_per_second = 174.012
