eval_accuracy = 0.574999988079071
eval_loss = 1.0869648456573486
eval_mae = 0.51
eval_runtime = 17.7402
eval_samples_per_second = 281.845
