eval_accuracy = 0.5799999833106995
eval_loss = 1.0112334489822388
eval_mae = 0.4818
eval_runtime = 17.6682
eval_samples_per_second = 282.994
