eval_accuracy = 0.5910000205039978
eval_loss = 0.9487976431846619
eval_mae = 0.4624
eval_runtime = 17.181
eval_samples_per_second = 291.02
