eval_accuracy = 0.6037999987602234
eval_loss = 0.9484663009643555
eval_mae = 0.4594
eval_runtime = 17.3832
eval_samples_per_second = 287.634
