eval_accuracy = 0.49900001287460327
eval_loss = 1.228663682937622
eval_mae = 0.6038
eval_runtime = 18.4022
eval_samples_per_second = 271.706
