eval_accuracy = 0.5577999949455261
eval_loss = 1.0635111331939697
eval_mae = 0.5216
eval_runtime = 18.3237
eval_samples_per_second = 272.87
