eval_accuracy = 0.5491999983787537
eval_loss = 1.1478527784347534
eval_mae = 0.582
eval_runtime = 17.3839
eval_samples_per_second = 287.622
