eval_accuracy = 0.5756000280380249
eval_loss = 1.0846755504608154
eval_mae = 0.51
eval_runtime = 16.5666
eval_samples_per_second = 301.813
