eval_accuracy = 0.4580000042915344
eval_loss = 1.3680291175842285
eval_mae = 0.7316
eval_runtime = 17.4252
eval_samples_per_second = 286.941
