eval_accuracy = 0.571399986743927
eval_loss = 1.0211517810821533
eval_mae = 0.5062
eval_runtime = 17.29
eval_samples_per_second = 289.185
