eval_accuracy = 0.571399986743927
eval_loss = 0.9908786416053772
eval_mae = 0.5074
eval_runtime = 16.986
eval_samples_per_second = 294.36
