eval_accuracy = 0.5271999835968018
eval_loss = 1.0531905889511108
eval_mae = 0.5702
eval_runtime = 16.9661
eval_samples_per_second = 294.705
