eval_accuracy = 0.5784000158309937
eval_loss = 1.017757773399353
eval_mae = 0.4844
eval_runtime = 17.4946
eval_samples_per_second = 285.802
