eval_accuracy = 0.5807999968528748
eval_loss = 1.0185835361480713
eval_mae = 0.494
eval_runtime = 36.7108
eval_samples_per_second = 136.2
