eval_accuracy = 0.5472000241279602
eval_loss = 1.1489837169647217
eval_mae = 0.5826
eval_runtime = 17.2928
eval_samples_per_second = 289.137
