eval_accuracy = 0.49959999322891235
eval_loss = 1.2280302047729492
eval_mae = 0.6034
eval_runtime = 18.011
eval_samples_per_second = 277.608
