eval_accuracy = 0.5691999793052673
eval_loss = 1.0209364891052246
eval_mae = 0.5084
eval_runtime = 17.287
eval_samples_per_second = 289.234
