eval_accuracy = 0.635200023651123
eval_loss = 0.8887171149253845
eval_mae = 0.4162
eval_runtime = 19.802
eval_samples_per_second = 252.5
