eval_accuracy = 0.5001999735832214
eval_loss = 1.2417668104171753
eval_mae = 0.5954
eval_runtime = 33.9387
eval_samples_per_second = 147.324
