eval_accuracy = 0.5644000172615051
eval_loss = 1.0153751373291016
eval_mae = 0.5078
eval_runtime = 16.9683
eval_samples_per_second = 294.667
