eval_accuracy = 0.607200026512146
eval_loss = 0.9492037296295166
eval_mae = 0.4488
eval_runtime = 20.605
eval_samples_per_second = 242.66
