eval_accuracy = 0.5809999704360962
eval_loss = 0.978445827960968
eval_mae = 0.4892
eval_runtime = 17.4822
eval_samples_per_second = 286.005
