eval_accuracy = 0.5703999996185303
eval_loss = 0.9909992218017578
eval_mae = 0.507
eval_runtime = 16.8816
eval_samples_per_second = 296.181
