eval_accuracy = 0.4697999954223633
eval_loss = 1.3478044271469116
eval_mae = 0.692
eval_runtime = 17.3049
eval_samples_per_second = 288.936
