eval_accuracy = 0.4819999933242798
eval_loss = 1.3925725221633911
eval_mae = 0.6728
eval_runtime = 21.5491
eval_samples_per_second = 232.029
