eval_accuracy = 0.49720001220703125
eval_loss = 1.238791823387146
eval_mae = 0.6472
eval_runtime = 32.3999
eval_samples_per_second = 154.321
