eval_accuracy = 0.5717999935150146
eval_loss = 0.9892328977584839
eval_mae = 0.5064
eval_runtime = 16.2018
eval_samples_per_second = 308.608
