eval_accuracy = 0.5551999807357788
eval_loss = 1.0245418548583984
eval_mae = 0.537
eval_runtime = 17.2714
eval_samples_per_second = 289.495
