eval_accuracy = 0.5490000247955322
eval_loss = 1.1476188898086548
eval_mae = 0.582
eval_runtime = 17.4477
eval_samples_per_second = 286.571
