eval_accuracy = 0.5054000020027161
eval_loss = 1.2295745611190796
eval_mae = 0.6222
eval_runtime = 18.9113
eval_samples_per_second = 264.393
