eval_accuracy = 0.5934000015258789
eval_loss = 0.9462976455688477
eval_mae = 0.4696
eval_runtime = 21.1915
eval_samples_per_second = 235.944
