eval_accuracy = 0.4973999857902527
eval_loss = 1.2387171983718872
eval_mae = 0.647
eval_runtime = 24.7031
eval_samples_per_second = 202.404
