eval_accuracy = 0.5004000067710876
eval_loss = 1.154512882232666
eval_mae = 0.5916
eval_runtime = 16.5447
eval_samples_per_second = 302.212
