eval_accuracy = 0.506600022315979
eval_loss = 1.2292009592056274
eval_mae = 0.6206
eval_runtime = 18.9442
eval_samples_per_second = 263.933
