eval_accuracy = 0.6353999972343445
eval_loss = 0.8926094770431519
eval_mae = 0.416
eval_runtime = 27.9488
eval_samples_per_second = 178.899
