eval_accuracy = 0.5934000015258789
eval_loss = 1.0020848512649536
eval_mae = 0.4678
eval_runtime = 17.3102
eval_samples_per_second = 288.847
