eval_accuracy = 0.45820000767707825
eval_loss = 1.3656176328659058
eval_mae = 0.7306
eval_runtime = 17.4329
eval_samples_per_second = 286.813
