eval_accuracy = 0.5478000044822693
eval_loss = 1.0858131647109985
eval_mae = 0.5406
eval_runtime = 23.9426
eval_samples_per_second = 208.833
