eval_accuracy = 0.4821999967098236
eval_loss = 1.3529481887817383
eval_mae = 0.6728
eval_runtime = 18.4175
eval_samples_per_second = 271.481
