eval_accuracy = 0.5587999820709229
eval_loss = 1.0791363716125488
eval_mae = 0.5294
eval_runtime = 18.5914
eval_samples_per_second = 268.941
