eval_accuracy = 0.47040000557899475
eval_loss = 1.287781000137329
eval_mae = 0.6786
eval_runtime = 21.2307
eval_samples_per_second = 235.508
