eval_accuracy = 0.47620001435279846
eval_loss = 1.343667984008789
eval_mae = 0.6938
eval_runtime = 17.1422
eval_samples_per_second = 291.678
