eval_accuracy = 0.527400016784668
eval_loss = 1.0536518096923828
eval_mae = 0.5692
eval_runtime = 17.0456
eval_samples_per_second = 293.33
