eval_accuracy = 0.5616000294685364
eval_loss = 1.0427690744400024
eval_mae = 0.5084
eval_runtime = 18.2337
eval_samples_per_second = 274.218
