eval_accuracy = 0.5788000226020813
eval_loss = 1.0172284841537476
eval_mae = 0.4838
eval_runtime = 17.4358
eval_samples_per_second = 286.767
