eval_accuracy = 0.6057999730110168
eval_loss = 0.9495459794998169
eval_mae = 0.4498
eval_runtime = 21.7971
eval_samples_per_second = 229.388
