eval_accuracy = 0.5001999735832214
eval_loss = 1.2422739267349243
eval_mae = 0.5954
eval_runtime = 27.2328
eval_samples_per_second = 183.602
