eval_accuracy = 0.5447999835014343
eval_loss = 1.02967369556427
eval_mae = 0.5404
eval_runtime = 17.0828
eval_samples_per_second = 292.692
