eval_accuracy = 0.47540000081062317
eval_loss = 1.3436633348464966
eval_mae = 0.6946
eval_runtime = 17.8728
eval_samples_per_second = 279.755
