eval_accuracy = 0.5934000015258789
eval_loss = 0.9631378054618835
eval_mae = 0.484
eval_runtime = 17.3876
eval_samples_per_second = 287.562
