eval_accuracy = 0.5654000043869019
eval_loss = 1.0122663974761963
eval_mae = 0.505
eval_runtime = 16.9634
eval_samples_per_second = 294.753
