eval_accuracy = 0.5663999915122986
eval_loss = 0.9931847453117371
eval_mae = 0.5104
eval_runtime = 16.3977
eval_samples_per_second = 304.922
