eval_accuracy = 0.5935999751091003
eval_loss = 1.007543921470642
eval_mae = 0.4684
eval_runtime = 17.1563
eval_samples_per_second = 291.438
