eval_accuracy = 0.5562000274658203
eval_loss = 1.0803581476211548
eval_mae = 0.5652
eval_runtime = 25.1077
eval_samples_per_second = 199.142
