eval_accuracy = 0.47040000557899475
eval_loss = 1.3488185405731201
eval_mae = 0.6934
eval_runtime = 17.2845
eval_samples_per_second = 289.276
