eval_accuracy = 0.5911999940872192
eval_loss = 0.9495046734809875
eval_mae = 0.4622
eval_runtime = 16.207
eval_samples_per_second = 308.509
