eval_accuracy = 0.5475999712944031
eval_loss = 1.0860360860824585
eval_mae = 0.5414
eval_runtime = 29.5211
eval_samples_per_second = 169.37
