eval_accuracy = 0.5564000010490417
eval_loss = 1.024655818939209
eval_mae = 0.5348
eval_runtime = 17.2631
eval_samples_per_second = 289.635
