eval_accuracy = 0.5594000220298767
eval_loss = 1.0785298347473145
eval_mae = 0.5296
eval_runtime = 19.4551
eval_samples_per_second = 257.002
