eval_accuracy = 0.6003999710083008
eval_loss = 0.9360155463218689
eval_mae = 0.4556
eval_runtime = 17.0141
eval_samples_per_second = 293.874
