eval_accuracy = 0.5785999894142151
eval_loss = 1.0129626989364624
eval_mae = 0.4834
eval_runtime = 16.7989
eval_samples_per_second = 297.639
