eval_accuracy = 0.6055999994277954
eval_loss = 0.9472206830978394
eval_mae = 0.457
eval_runtime = 17.3627
eval_samples_per_second = 287.973
