eval_accuracy = 0.58160001039505
eval_loss = 0.9818230271339417
eval_mae = 0.49
eval_runtime = 17.3341
eval_samples_per_second = 288.448
