eval_accuracy = 0.5928000211715698
eval_loss = 1.0059136152267456
eval_mae = 0.4686
eval_runtime = 17.3454
eval_samples_per_second = 288.261
