eval_accuracy = 0.4715999960899353
eval_loss = 1.3497854471206665
eval_mae = 0.6924
eval_runtime = 17.277
eval_samples_per_second = 289.401
