eval_accuracy = 0.5062000155448914
eval_loss = 1.2290716171264648
eval_mae = 0.621
eval_runtime = 20.1963
eval_samples_per_second = 247.57
