eval_accuracy = 0.5929999947547913
eval_loss = 0.9596736431121826
eval_mae = 0.4834
eval_runtime = 17.6887
eval_samples_per_second = 282.666
