eval_accuracy = 0.4846000075340271
eval_loss = 1.3491721153259277
eval_mae = 0.6694
eval_runtime = 20.8829
eval_samples_per_second = 239.43
