eval_accuracy = 0.5789999961853027
eval_loss = 1.0176206827163696
eval_mae = 0.4828
eval_runtime = 17.5346
eval_samples_per_second = 285.151
