eval_accuracy = 0.5759999752044678
eval_loss = 1.0845539569854736
eval_mae = 0.5104
eval_runtime = 16.0857
eval_samples_per_second = 310.834
