eval_accuracy = 0.5663999915122986
eval_loss = 1.0155688524246216
eval_mae = 0.507
eval_runtime = 16.9121
eval_samples_per_second = 295.645
