eval_accuracy = 0.579200029373169
eval_loss = 1.0188789367675781
eval_mae = 0.4832
eval_runtime = 17.7253
eval_samples_per_second = 282.082
