eval_accuracy = 0.5562000274658203
eval_loss = 1.0248912572860718
eval_mae = 0.535
eval_runtime = 17.3176
eval_samples_per_second = 288.724
