eval_accuracy = 0.5497999787330627
eval_loss = 1.147162914276123
eval_mae = 0.5804
eval_runtime = 17.5062
eval_samples_per_second = 285.612
