eval_accuracy = 0.5817999839782715
eval_loss = 0.9790356159210205
eval_mae = 0.4884
eval_runtime = 17.3934
eval_samples_per_second = 287.465
