eval_accuracy = 0.5573999881744385
eval_loss = 1.080552577972412
eval_mae = 0.5634
eval_runtime = 18.56
eval_samples_per_second = 269.397
