eval_accuracy = 0.5478000044822693
eval_loss = 1.1471353769302368
eval_mae = 0.5824
eval_runtime = 17.4517
eval_samples_per_second = 286.506
