eval_accuracy = 0.49939998984336853
eval_loss = 1.1526578664779663
eval_mae = 0.591
eval_runtime = 17.1877
eval_samples_per_second = 290.906
