eval_accuracy = 0.5442000031471252
eval_loss = 1.0293192863464355
eval_mae = 0.5398
eval_runtime = 16.5141
eval_samples_per_second = 302.772
