eval_accuracy = 0.5924000144004822
eval_loss = 0.9610400199890137
eval_mae = 0.4836
eval_runtime = 17.5064
eval_samples_per_second = 285.61
