eval_accuracy = 0.5559999942779541
eval_loss = 1.0802611112594604
eval_mae = 0.5652
eval_runtime = 23.7601
eval_samples_per_second = 210.437
