eval_accuracy = 0.5825999975204468
eval_loss = 0.979500949382782
eval_mae = 0.4872
eval_runtime = 17.3898
eval_samples_per_second = 287.524
