eval_accuracy = 0.47620001435279846
eval_loss = 1.3405861854553223
eval_mae = 0.6912
eval_runtime = 17.0702
eval_samples_per_second = 292.909
