eval_accuracy = 0.5008000135421753
eval_loss = 1.2423120737075806
eval_mae = 0.5958
eval_runtime = 19.2727
eval_samples_per_second = 259.435
