eval_accuracy = 0.6362000107765198
eval_loss = 0.8892908096313477
eval_mae = 0.4148
eval_runtime = 19.2945
eval_samples_per_second = 259.141
