eval_accuracy = 0.5583999752998352
eval_loss = 1.0784657001495361
eval_mae = 0.5308
eval_runtime = 36.2352
eval_samples_per_second = 137.987
