eval_accuracy = 0.48500001430511475
eval_loss = 1.347528338432312
eval_mae = 0.668
eval_runtime = 17.7879
eval_samples_per_second = 281.09
