eval_accuracy = 0.579800009727478
eval_loss = 0.9798082113265991
eval_mae = 0.4906
eval_runtime = 16.7395
eval_samples_per_second = 298.695
