eval_accuracy = 0.5705999732017517
eval_loss = 1.0210829973220825
eval_mae = 0.5072
eval_runtime = 17.257
eval_samples_per_second = 289.738
