eval_accuracy = 0.5558000206947327
eval_loss = 1.078961730003357
eval_mae = 0.5354
eval_runtime = 24.3888
eval_samples_per_second = 205.012
