eval_accuracy = 0.5565999746322632
eval_loss = 1.0802035331726074
eval_mae = 0.565
eval_runtime = 26.8888
eval_samples_per_second = 185.951
