eval_accuracy = 0.5562000274658203
eval_loss = 1.0799832344055176
eval_mae = 0.5648
eval_runtime = 30.051
eval_samples_per_second = 166.384
