eval_accuracy = 0.5012000203132629
eval_loss = 1.1550912857055664
eval_mae = 0.5888
eval_runtime = 16.299
eval_samples_per_second = 306.767
