eval_accuracy = 0.6011999845504761
eval_loss = 0.936111330986023
eval_mae = 0.4546
eval_runtime = 17.0251
eval_samples_per_second = 293.684
