eval_accuracy = 0.5807999968528748
eval_loss = 0.9764650464057922
eval_mae = 0.489
eval_runtime = 17.3592
eval_samples_per_second = 288.032
