eval_accuracy = 0.4684000015258789
eval_loss = 1.3399183750152588
eval_mae = 0.688
eval_runtime = 24.3073
eval_samples_per_second = 205.699
