eval_accuracy = 0.5795999765396118
eval_loss = 1.0118086338043213
eval_mae = 0.4826
eval_runtime = 17.482
eval_samples_per_second = 286.008
