eval_accuracy = 0.5012000203132629
eval_loss = 1.1777902841567993
eval_mae = 0.5928
eval_runtime = 17.4366
eval_samples_per_second = 286.752
