eval_accuracy = 0.5708000063896179
eval_loss = 1.0210866928100586
eval_mae = 0.5074
eval_runtime = 17.2979
eval_samples_per_second = 289.052
