eval_accuracy = 0.5777999758720398
eval_loss = 1.0174628496170044
eval_mae = 0.485
eval_runtime = 17.6168
eval_samples_per_second = 283.819
