eval_accuracy = 0.6019999980926514
eval_loss = 0.9553834199905396
eval_mae = 0.4598
eval_runtime = 17.4381
eval_samples_per_second = 286.728
