eval_accuracy = 0.6014000177383423
eval_loss = 0.9494861364364624
eval_mae = 0.4606
eval_runtime = 16.6378
eval_samples_per_second = 300.521
