eval_accuracy = 0.5616000294685364
eval_loss = 1.0477299690246582
eval_mae = 0.5076
eval_runtime = 18.4739
eval_samples_per_second = 270.653
