eval_accuracy = 0.6064000129699707
eval_loss = 0.9494875073432922
eval_mae = 0.4496
eval_runtime = 19.2805
eval_samples_per_second = 259.329
