eval_accuracy = 0.5568000078201294
eval_loss = 1.080530047416687
eval_mae = 0.5646
eval_runtime = 18.5702
eval_samples_per_second = 269.249
