eval_accuracy = 0.5001999735832214
eval_loss = 1.2279709577560425
eval_mae = 0.603
eval_runtime = 18.3762
eval_samples_per_second = 272.091
