eval_accuracy = 0.5694000124931335
eval_loss = 1.0250520706176758
eval_mae = 0.5092
eval_runtime = 16.1794
eval_samples_per_second = 309.034
