eval_accuracy = 0.46799999475479126
eval_loss = 1.2957667112350464
eval_mae = 0.6818
eval_runtime = 20.7683
eval_samples_per_second = 240.751
