eval_accuracy = 0.48159998655319214
eval_loss = 1.39170503616333
eval_mae = 0.6728
eval_runtime = 19.5983
eval_samples_per_second = 255.124
