eval_accuracy = 0.5821999907493591
eval_loss = 1.0155781507492065
eval_mae = 0.4796
eval_runtime = 17.7887
eval_samples_per_second = 281.078
