eval_accuracy = 0.5460000038146973
eval_loss = 1.0298526287078857
eval_mae = 0.539
eval_runtime = 16.4243
eval_samples_per_second = 304.427
