eval_accuracy = 0.5004000067710876
eval_loss = 1.177768588066101
eval_mae = 0.5954
eval_runtime = 17.3546
eval_samples_per_second = 288.108
