eval_accuracy = 0.5698000192642212
eval_loss = 0.9907078146934509
eval_mae = 0.5078
eval_runtime = 16.2502
eval_samples_per_second = 307.689
