eval_accuracy = 0.49939998984336853
eval_loss = 1.2305030822753906
eval_mae = 0.6038
eval_runtime = 19.2009
eval_samples_per_second = 260.404
