eval_accuracy = 0.4675999879837036
eval_loss = 1.295837640762329
eval_mae = 0.6814
eval_runtime = 34.0983
eval_samples_per_second = 146.635
