eval_accuracy = 0.5443999767303467
eval_loss = 1.0302062034606934
eval_mae = 0.5392
eval_runtime = 16.4394
eval_samples_per_second = 304.147
