eval_accuracy = 0.5619999766349792
eval_loss = 1.0453628301620483
eval_mae = 0.5072
eval_runtime = 22.4697
eval_samples_per_second = 222.522
