eval_accuracy = 0.5920000076293945
eval_loss = 0.9478033185005188
eval_mae = 0.4708
eval_runtime = 23.4167
eval_samples_per_second = 213.523
