eval_accuracy = 0.5447999835014343
eval_loss = 1.0297455787658691
eval_mae = 0.54
eval_runtime = 17.1733
eval_samples_per_second = 291.149
