eval_accuracy = 0.5723999738693237
eval_loss = 0.9888378977775574
eval_mae = 0.5052
eval_runtime = 16.99
eval_samples_per_second = 294.292
