eval_accuracy = 0.603600025177002
eval_loss = 0.946822464466095
eval_mae = 0.4588
eval_runtime = 17.2149
eval_samples_per_second = 290.446
