eval_accuracy = 0.4406000077724457
eval_loss = 1.4268063306808472
eval_mae = 0.7248
eval_runtime = 33.444
eval_samples_per_second = 149.503
