eval_accuracy = 0.4812000095844269
eval_loss = 1.3921083211898804
eval_mae = 0.6734
eval_runtime = 20.0662
eval_samples_per_second = 249.175
