eval_accuracy = 0.5473999977111816
eval_loss = 1.08514404296875
eval_mae = 0.5418
eval_runtime = 18.3471
eval_samples_per_second = 272.523
