eval_accuracy = 0.6075999736785889
eval_loss = 0.9498733282089233
eval_mae = 0.4488
eval_runtime = 18.883
eval_samples_per_second = 264.789
