eval_accuracy = 0.5752000212669373
eval_loss = 1.0846623182296753
eval_mae = 0.5108
eval_runtime = 16.4367
eval_samples_per_second = 304.198
