eval_accuracy = 0.4968000054359436
eval_loss = 1.2383439540863037
eval_mae = 0.6476
eval_runtime = 22.1416
eval_samples_per_second = 225.819
