eval_accuracy = 0.58160001039505
eval_loss = 0.9786745309829712
eval_mae = 0.4886
eval_runtime = 17.3697
eval_samples_per_second = 287.858
