eval_accuracy = 0.5812000036239624
eval_loss = 1.0186165571212769
eval_mae = 0.4936
eval_runtime = 30.1403
eval_samples_per_second = 165.891
