eval_accuracy = 0.4697999954223633
eval_loss = 1.3324998617172241
eval_mae = 0.686
eval_runtime = 33.1914
eval_samples_per_second = 150.642
