eval_accuracy = 0.6021999716758728
eval_loss = 0.9358289241790771
eval_mae = 0.4536
eval_runtime = 16.4072
eval_samples_per_second = 304.745
