eval_accuracy = 0.6366000175476074
eval_loss = 0.8899673819541931
eval_mae = 0.4146
eval_runtime = 18.8382
eval_samples_per_second = 265.419
