eval_accuracy = 0.4975999891757965
eval_loss = 1.2372347116470337
eval_mae = 0.6462
eval_runtime = 18.2326
eval_samples_per_second = 274.234
