eval_accuracy = 0.5924000144004822
eval_loss = 0.9479113221168518
eval_mae = 0.4702
eval_runtime = 18.4182
eval_samples_per_second = 271.47
