eval_accuracy = 0.4986000061035156
eval_loss = 1.2326408624649048
eval_mae = 0.6042
eval_runtime = 17.8268
eval_samples_per_second = 280.477
