eval_accuracy = 0.5609999895095825
eval_loss = 1.0462108850479126
eval_mae = 0.5088
eval_runtime = 19.0474
eval_samples_per_second = 262.503
