eval_accuracy = 0.6209999918937683
eval_loss = 0.9506442546844482
eval_mae = 0.4284
eval_runtime = 17.4433
eval_samples_per_second = 286.643
