eval_accuracy = 0.5917999744415283
eval_loss = 1.0091733932495117
eval_mae = 0.4698
eval_runtime = 17.1335
eval_samples_per_second = 291.825
