eval_accuracy = 0.5009999871253967
eval_loss = 1.2299845218658447
eval_mae = 0.6022
eval_runtime = 18.3151
eval_samples_per_second = 272.998
