eval_accuracy = 0.5591999888420105
eval_loss = 1.0643513202667236
eval_mae = 0.5206
eval_runtime = 18.3258
eval_samples_per_second = 272.839
