eval_accuracy = 0.5483999848365784
eval_loss = 1.1469576358795166
eval_mae = 0.5824
eval_runtime = 17.5212
eval_samples_per_second = 285.369
