eval_accuracy = 0.5465999841690063
eval_loss = 1.029599666595459
eval_mae = 0.5386
eval_runtime = 17.5438
eval_samples_per_second = 285.001
