eval_accuracy = 0.5924000144004822
eval_loss = 0.9480767846107483
eval_mae = 0.4698
eval_runtime = 23.33
eval_samples_per_second = 214.316
