eval_accuracy = 0.5699999928474426
eval_loss = 1.021100640296936
eval_mae = 0.5082
eval_runtime = 16.5465
eval_samples_per_second = 302.178
