eval_accuracy = 0.5005999803543091
eval_loss = 1.2438162565231323
eval_mae = 0.5952
eval_runtime = 20.0548
eval_samples_per_second = 249.317
