eval_accuracy = 0.5446000099182129
eval_loss = 1.0300551652908325
eval_mae = 0.5418
eval_runtime = 16.746
eval_samples_per_second = 298.579
