eval_accuracy = 0.4381999969482422
eval_loss = 1.4409977197647095
eval_mae = 0.7284
eval_runtime = 19.4491
eval_samples_per_second = 257.081
