eval_accuracy = 0.46880000829696655
eval_loss = 1.3392224311828613
eval_mae = 0.6878
eval_runtime = 27.5203
eval_samples_per_second = 181.684
