eval_accuracy = 0.5479999780654907
eval_loss = 1.1467336416244507
eval_mae = 0.5802
eval_runtime = 16.8092
eval_samples_per_second = 297.456
