eval_accuracy = 0.5809999704360962
eval_loss = 1.0184959173202515
eval_mae = 0.4938
eval_runtime = 34.9774
eval_samples_per_second = 142.95
