eval_accuracy = 0.5636000037193298
eval_loss = 1.01412034034729
eval_mae = 0.5096
eval_runtime = 17.0145
eval_samples_per_second = 293.867
