eval_accuracy = 0.5766000151634216
eval_loss = 1.0051966905593872
eval_mae = 0.4952
eval_runtime = 17.1563
eval_samples_per_second = 291.439
