eval_accuracy = 0.4997999966144562
eval_loss = 1.224077582359314
eval_mae = 0.6022
eval_runtime = 18.3607
eval_samples_per_second = 272.321
