eval_accuracy = 0.5795999765396118
eval_loss = 1.0117428302764893
eval_mae = 0.482
eval_runtime = 17.3594
eval_samples_per_second = 288.028
