eval_accuracy = 0.503000020980835
eval_loss = 1.1773468255996704
eval_mae = 0.5918
eval_runtime = 16.6585
eval_samples_per_second = 300.146
