eval_accuracy = 0.5795999765396118
eval_loss = 1.0138756036758423
eval_mae = 0.4814
eval_runtime = 17.4693
eval_samples_per_second = 286.216
