eval_accuracy = 0.5013999938964844
eval_loss = 1.1752300262451172
eval_mae = 0.5936
eval_runtime = 17.462
eval_samples_per_second = 286.336
