eval_accuracy = 0.5722000002861023
eval_loss = 0.9918091893196106
eval_mae = 0.5046
eval_runtime = 16.3402
eval_samples_per_second = 305.993
