eval_accuracy = 0.4749999940395355
eval_loss = 1.3424890041351318
eval_mae = 0.6944
eval_runtime = 17.138
eval_samples_per_second = 291.749
