eval_accuracy = 0.5414000153541565
eval_loss = 1.0306626558303833
eval_mae = 0.5446
eval_runtime = 16.5785
eval_samples_per_second = 301.595
