eval_accuracy = 0.49459999799728394
eval_loss = 1.2438815832138062
eval_mae = 0.6522
eval_runtime = 18.9013
eval_samples_per_second = 264.532
