eval_accuracy = 0.4968000054359436
eval_loss = 1.2387150526046753
eval_mae = 0.648
eval_runtime = 34.9953
eval_samples_per_second = 142.876
