eval_accuracy = 0.5996000170707703
eval_loss = 0.9554929733276367
eval_mae = 0.4634
eval_runtime = 17.2428
eval_samples_per_second = 289.975
