eval_accuracy = 0.47380000352859497
eval_loss = 1.3464679718017578
eval_mae = 0.6984
eval_runtime = 16.9777
eval_samples_per_second = 294.504
