eval_accuracy = 0.5608000159263611
eval_loss = 1.064625859260559
eval_mae = 0.5192
eval_runtime = 18.4363
eval_samples_per_second = 271.205
