eval_accuracy = 0.5809999704360962
eval_loss = 1.018742561340332
eval_mae = 0.4936
eval_runtime = 22.8085
eval_samples_per_second = 219.216
