eval_accuracy = 0.5803999900817871
eval_loss = 1.018721103668213
eval_mae = 0.4948
eval_runtime = 18.568
eval_samples_per_second = 269.281
