eval_accuracy = 0.49959999322891235
eval_loss = 1.2426036596298218
eval_mae = 0.5978
eval_runtime = 26.2077
eval_samples_per_second = 190.784
