eval_accuracy = 0.47839999198913574
eval_loss = 1.3907041549682617
eval_mae = 0.6774
eval_runtime = 33.3887
eval_samples_per_second = 149.751
