eval_accuracy = 0.5702000260353088
eval_loss = 0.9914859533309937
eval_mae = 0.508
eval_runtime = 16.9616
eval_samples_per_second = 294.784
