eval_accuracy = 0.5806000232696533
eval_loss = 1.0110323429107666
eval_mae = 0.4822
eval_runtime = 16.8313
eval_samples_per_second = 297.065
