eval_accuracy = 0.4375999867916107
eval_loss = 1.4623183012008667
eval_mae = 0.7324
eval_runtime = 23.6444
eval_samples_per_second = 211.467
