eval_accuracy = 0.5803999900817871
eval_loss = 1.0117454528808594
eval_mae = 0.4818
eval_runtime = 17.5333
eval_samples_per_second = 285.172
