eval_accuracy = 0.48080000281333923
eval_loss = 1.3923256397247314
eval_mae = 0.6738
eval_runtime = 20.6386
eval_samples_per_second = 242.264
