eval_accuracy = 0.578000009059906
eval_loss = 1.0178642272949219
eval_mae = 0.4844
eval_runtime = 17.467
eval_samples_per_second = 286.255
