eval_accuracy = 0.5788000226020813
eval_loss = 1.0150861740112305
eval_mae = 0.4824
eval_runtime = 17.4261
eval_samples_per_second = 286.926
