eval_accuracy = 0.6011999845504761
eval_loss = 0.9361271262168884
eval_mae = 0.4548
eval_runtime = 17.0588
eval_samples_per_second = 293.104
