eval_accuracy = 0.5586000084877014
eval_loss = 1.06279456615448
eval_mae = 0.5202
eval_runtime = 18.382
eval_samples_per_second = 272.005
