eval_accuracy = 0.4968000054359436
eval_loss = 1.2424342632293701
eval_mae = 0.6464
eval_runtime = 18.776
eval_samples_per_second = 266.298
