eval_accuracy = 0.5468000173568726
eval_loss = 1.0867263078689575
eval_mae = 0.5418
eval_runtime = 18.6325
eval_samples_per_second = 268.348
