eval_accuracy = 0.49959999322891235
eval_loss = 1.2419133186340332
eval_mae = 0.596
eval_runtime = 19.1311
eval_samples_per_second = 261.355
