eval_accuracy = 0.605400025844574
eval_loss = 0.9468467831611633
eval_mae = 0.4572
eval_runtime = 17.2032
eval_samples_per_second = 290.644
