eval_accuracy = 0.5817999839782715
eval_loss = 0.9774137735366821
eval_mae = 0.4888
eval_runtime = 17.2768
eval_samples_per_second = 289.405
