eval_accuracy = 0.5478000044822693
eval_loss = 1.085984468460083
eval_mae = 0.541
eval_runtime = 33.5914
eval_samples_per_second = 148.848
