eval_accuracy = 0.49720001220703125
eval_loss = 1.238847255706787
eval_mae = 0.6474
eval_runtime = 21.5997
eval_samples_per_second = 231.484
