eval_accuracy = 0.5564000010490417
eval_loss = 1.0246778726577759
eval_mae = 0.5346
eval_runtime = 17.2966
eval_samples_per_second = 289.074
