eval_accuracy = 0.4749999940395355
eval_loss = 1.3424055576324463
eval_mae = 0.6932
eval_runtime = 17.0132
eval_samples_per_second = 293.889
