eval_accuracy = 0.5576000213623047
eval_loss = 1.062888503074646
eval_mae = 0.522
eval_runtime = 18.3219
eval_samples_per_second = 272.898
