eval_accuracy = 0.5794000029563904
eval_loss = 1.0119582414627075
eval_mae = 0.4822
eval_runtime = 16.8652
eval_samples_per_second = 296.468
