eval_accuracy = 0.5989999771118164
eval_loss = 0.9564765691757202
eval_mae = 0.4636
eval_runtime = 17.4109
eval_samples_per_second = 287.177
