eval_accuracy = 0.4733999967575073
eval_loss = 1.3982291221618652
eval_mae = 0.6916
eval_runtime = 19.924
eval_samples_per_second = 250.953
