eval_accuracy = 0.5001999735832214
eval_loss = 1.1557843685150146
eval_mae = 0.5922
eval_runtime = 17.283
eval_samples_per_second = 289.302
