eval_accuracy = 0.5008000135421753
eval_loss = 1.1541301012039185
eval_mae = 0.5904
eval_runtime = 17.2436
eval_samples_per_second = 289.962
