eval_accuracy = 0.5703999996185303
eval_loss = 1.0219923257827759
eval_mae = 0.508
eval_runtime = 17.2373
eval_samples_per_second = 290.069
