eval_accuracy = 0.5497999787330627
eval_loss = 1.1468814611434937
eval_mae = 0.5798
eval_runtime = 16.8432
eval_samples_per_second = 296.856
