eval_accuracy = 0.6209999918937683
eval_loss = 0.9481104612350464
eval_mae = 0.4298
eval_runtime = 17.6478
eval_samples_per_second = 283.321
