eval_accuracy = 0.4747999906539917
eval_loss = 1.3410652875900269
eval_mae = 0.6954
eval_runtime = 16.9949
eval_samples_per_second = 294.207
