eval_accuracy = 0.4668000042438507
eval_loss = 1.3401542901992798
eval_mae = 0.6908
eval_runtime = 19.7532
eval_samples_per_second = 253.124
