eval_accuracy = 0.6215999722480774
eval_loss = 0.9508591890335083
eval_mae = 0.4288
eval_runtime = 17.4446
eval_samples_per_second = 286.621
