eval_accuracy = 0.5562000274658203
eval_loss = 1.080250859260559
eval_mae = 0.5652
eval_runtime = 31.5488
eval_samples_per_second = 158.485
