eval_accuracy = 0.5938000082969666
eval_loss = 0.9604167938232422
eval_mae = 0.4826
eval_runtime = 17.3188
eval_samples_per_second = 288.704
