eval_accuracy = 0.5934000015258789
eval_loss = 1.0063481330871582
eval_mae = 0.468
eval_runtime = 17.1384
eval_samples_per_second = 291.742
