eval_accuracy = 0.6366000175476074
eval_loss = 0.8897544145584106
eval_mae = 0.4144
eval_runtime = 20.1242
eval_samples_per_second = 248.457
