eval_accuracy = 0.4702000021934509
eval_loss = 1.3512154817581177
eval_mae = 0.6958
eval_runtime = 17.4014
eval_samples_per_second = 287.332
