eval_accuracy = 0.5756000280380249
eval_loss = 1.0848186016082764
eval_mae = 0.5102
eval_runtime = 17.0596
eval_samples_per_second = 293.09
