eval_accuracy = 0.5595999956130981
eval_loss = 1.078305721282959
eval_mae = 0.5304
eval_runtime = 28.4364
eval_samples_per_second = 175.831
