eval_accuracy = 0.5925999879837036
eval_loss = 1.005691647529602
eval_mae = 0.469
eval_runtime = 17.305
eval_samples_per_second = 288.933
