eval_accuracy = 0.4742000102996826
eval_loss = 1.3429059982299805
eval_mae = 0.6982
eval_runtime = 17.1505
eval_samples_per_second = 291.537
