eval_accuracy = 0.5442000031471252
eval_loss = 1.0259617567062378
eval_mae = 0.5384
eval_runtime = 16.3805
eval_samples_per_second = 305.24
