eval_accuracy = 0.569599986076355
eval_loss = 0.9907203316688538
eval_mae = 0.5084
eval_runtime = 16.9488
eval_samples_per_second = 295.006
