eval_accuracy = 0.5817999839782715
eval_loss = 1.0180282592773438
eval_mae = 0.4802
eval_runtime = 16.801
eval_samples_per_second = 297.602
