eval_accuracy = 0.5289999842643738
eval_loss = 1.055276870727539
eval_mae = 0.569
eval_runtime = 17.0102
eval_samples_per_second = 293.941
