eval_accuracy = 0.5546000003814697
eval_loss = 1.0634535551071167
eval_mae = 0.5242
eval_runtime = 18.3574
eval_samples_per_second = 272.369
