eval_accuracy = 0.5645999908447266
eval_loss = 1.0151500701904297
eval_mae = 0.5078
eval_runtime = 17.0056
eval_samples_per_second = 294.021
