eval_accuracy = 0.5925999879837036
eval_loss = 1.0070472955703735
eval_mae = 0.4688
eval_runtime = 17.1682
eval_samples_per_second = 291.237
