eval_accuracy = 0.5594000220298767
eval_loss = 1.055574655532837
eval_mae = 0.519
eval_runtime = 18.3748
eval_samples_per_second = 272.112
