eval_accuracy = 0.590399980545044
eval_loss = 0.9487817287445068
eval_mae = 0.4632
eval_runtime = 16.567
eval_samples_per_second = 301.805
