eval_accuracy = 0.607200026512146
eval_loss = 0.9500553011894226
eval_mae = 0.4502
eval_runtime = 18.5352
eval_samples_per_second = 269.757
