eval_accuracy = 0.5925999879837036
eval_loss = 1.0062878131866455
eval_mae = 0.4688
eval_runtime = 17.1783
eval_samples_per_second = 291.065
