eval_accuracy = 0.5297999978065491
eval_loss = 1.054153323173523
eval_mae = 0.5704
eval_runtime = 16.8899
eval_samples_per_second = 296.034
