eval_accuracy = 0.46779999136924744
eval_loss = 1.3425101041793823
eval_mae = 0.6892
eval_runtime = 18.5713
eval_samples_per_second = 269.232
