eval_accuracy = 0.5491999983787537
eval_loss = 1.1478813886642456
eval_mae = 0.5816
eval_runtime = 16.7368
eval_samples_per_second = 298.743
