eval_accuracy = 0.5306000113487244
eval_loss = 1.0540000200271606
eval_mae = 0.5664
eval_runtime = 15.9219
eval_samples_per_second = 314.033
