eval_accuracy = 0.4790000021457672
eval_loss = 1.3889282941818237
eval_mae = 0.6764
eval_runtime = 27.0248
eval_samples_per_second = 185.015
