eval_accuracy = 0.5497999787330627
eval_loss = 1.0871230363845825
eval_mae = 0.5402
eval_runtime = 18.5908
eval_samples_per_second = 268.95
