eval_accuracy = 0.6218000054359436
eval_loss = 0.9506271481513977
eval_mae = 0.4276
eval_runtime = 16.3219
eval_samples_per_second = 306.336
