eval_accuracy = 0.46779999136924744
eval_loss = 1.339428186416626
eval_mae = 0.6888
eval_runtime = 25.9114
eval_samples_per_second = 192.965
