eval_accuracy = 0.5062000155448914
eval_loss = 1.2299283742904663
eval_mae = 0.6212
eval_runtime = 30.5131
eval_samples_per_second = 163.864
