eval_accuracy = 0.5934000015258789
eval_loss = 1.0067681074142456
eval_mae = 0.466
eval_runtime = 17.5476
eval_samples_per_second = 284.939
