eval_accuracy = 0.5008000135421753
eval_loss = 1.2435429096221924
eval_mae = 0.5942
eval_runtime = 19.5916
eval_samples_per_second = 255.212
