eval_accuracy = 0.4586000144481659
eval_loss = 1.3678874969482422
eval_mae = 0.731
eval_runtime = 17.2999
eval_samples_per_second = 289.02
