eval_accuracy = 0.5012000203132629
eval_loss = 1.1558948755264282
eval_mae = 0.59
eval_runtime = 16.5797
eval_samples_per_second = 301.573
