eval_accuracy = 0.576200008392334
eval_loss = 1.005674123764038
eval_mae = 0.496
eval_runtime = 17.5452
eval_samples_per_second = 284.978
