eval_accuracy = 0.4925999939441681
eval_loss = 1.25899338722229
eval_mae = 0.6038
eval_runtime = 27.9367
eval_samples_per_second = 178.976
