eval_accuracy = 0.6015999913215637
eval_loss = 0.9359909296035767
eval_mae = 0.4542
eval_runtime = 17.1365
eval_samples_per_second = 291.776
