eval_accuracy = 0.621399998664856
eval_loss = 0.9504839777946472
eval_mae = 0.428
eval_runtime = 17.3791
eval_samples_per_second = 287.703
