eval_accuracy = 0.5609999895095825
eval_loss = 1.0454180240631104
eval_mae = 0.5086
eval_runtime = 18.1756
eval_samples_per_second = 275.095
