eval_accuracy = 0.5651999711990356
eval_loss = 1.0153625011444092
eval_mae = 0.5076
eval_runtime = 17.0043
eval_samples_per_second = 294.043
