eval_accuracy = 0.5690000057220459
eval_loss = 1.023053526878357
eval_mae = 0.5086
eval_runtime = 17.3357
eval_samples_per_second = 288.422
