eval_accuracy = 0.49799999594688416
eval_loss = 1.23200523853302
eval_mae = 0.605
eval_runtime = 18.4663
eval_samples_per_second = 270.763
