eval_accuracy = 0.6218000054359436
eval_loss = 0.9508568644523621
eval_mae = 0.4274
eval_runtime = 17.4891
eval_samples_per_second = 285.892
