eval_accuracy = 0.48339998722076416
eval_loss = 1.3524755239486694
eval_mae = 0.6696
eval_runtime = 19.3349
eval_samples_per_second = 258.6
