eval_accuracy = 0.5672000050544739
eval_loss = 1.0139150619506836
eval_mae = 0.506
eval_runtime = 17.0047
eval_samples_per_second = 294.037
