eval_accuracy = 0.6001999974250793
eval_loss = 0.9363402128219604
eval_mae = 0.456
eval_runtime = 17.1053
eval_samples_per_second = 292.307
