eval_accuracy = 0.4399999976158142
eval_loss = 1.4431829452514648
eval_mae = 0.729
eval_runtime = 31.1264
eval_samples_per_second = 160.635
