eval_accuracy = 0.5916000008583069
eval_loss = 0.9608951210975647
eval_mae = 0.4842
eval_runtime = 18.2805
eval_samples_per_second = 273.516
