eval_accuracy = 0.604200005531311
eval_loss = 0.9464677572250366
eval_mae = 0.4576
eval_runtime = 17.244
eval_samples_per_second = 289.955
