eval_accuracy = 0.5478000044822693
eval_loss = 1.1458085775375366
eval_mae = 0.5814
eval_runtime = 17.4681
eval_samples_per_second = 286.236
