eval_accuracy = 0.5478000044822693
eval_loss = 1.086049199104309
eval_mae = 0.541
eval_runtime = 23.7393
eval_samples_per_second = 210.621
