eval_accuracy = 0.47600001096725464
eval_loss = 1.343420147895813
eval_mae = 0.6932
eval_runtime = 16.985
eval_samples_per_second = 294.378
