eval_accuracy = 0.6010000109672546
eval_loss = 0.9360102415084839
eval_mae = 0.4552
eval_runtime = 17.0889
eval_samples_per_second = 292.587
