eval_accuracy = 0.5586000084877014
eval_loss = 1.0785189867019653
eval_mae = 0.5306
eval_runtime = 18.5433
eval_samples_per_second = 269.639
