eval_accuracy = 0.5045999884605408
eval_loss = 1.1775293350219727
eval_mae = 0.5894
eval_runtime = 17.4103
eval_samples_per_second = 287.186
