eval_accuracy = 0.6051999926567078
eval_loss = 0.9500763416290283
eval_mae = 0.4508
eval_runtime = 21.4352
eval_samples_per_second = 233.261
