eval_accuracy = 0.6011999845504761
eval_loss = 0.9355834126472473
eval_mae = 0.4554
eval_runtime = 17.0516
eval_samples_per_second = 293.227
