eval_accuracy = 0.5709999799728394
eval_loss = 0.9906191229820251
eval_mae = 0.5076
eval_runtime = 17.0443
eval_samples_per_second = 293.353
