eval_accuracy = 0.5062000155448914
eval_loss = 1.2289522886276245
eval_mae = 0.621
eval_runtime = 20.3575
eval_samples_per_second = 245.609
