eval_accuracy = 0.527999997138977
eval_loss = 1.0531584024429321
eval_mae = 0.5688
eval_runtime = 16.3727
eval_samples_per_second = 305.387
