eval_accuracy = 0.604200005531311
eval_loss = 0.9454507827758789
eval_mae = 0.457
eval_runtime = 17.2503
eval_samples_per_second = 289.85
