eval_accuracy = 0.4708000123500824
eval_loss = 1.3496978282928467
eval_mae = 0.6912
eval_runtime = 17.3148
eval_samples_per_second = 288.77
