eval_accuracy = 0.49900001287460327
eval_loss = 1.2314703464508057
eval_mae = 0.6046
eval_runtime = 18.4544
eval_samples_per_second = 270.939
