eval_accuracy = 0.5929999947547913
eval_loss = 0.9638057351112366
eval_mae = 0.4812
eval_runtime = 16.8115
eval_samples_per_second = 297.415
