eval_accuracy = 0.4397999942302704
eval_loss = 1.44230318069458
eval_mae = 0.729
eval_runtime = 18.9733
eval_samples_per_second = 263.528
