eval_accuracy = 0.5821999907493591
eval_loss = 0.9789110422134399
eval_mae = 0.488
eval_runtime = 17.38
eval_samples_per_second = 287.687
