eval_accuracy = 0.4814000129699707
eval_loss = 1.391931414604187
eval_mae = 0.674
eval_runtime = 19.1129
eval_samples_per_second = 261.604
