eval_accuracy = 0.6370000243186951
eval_loss = 0.8892099857330322
eval_mae = 0.4142
eval_runtime = 18.9329
eval_samples_per_second = 264.091
