eval_accuracy = 0.5929999947547913
eval_loss = 0.9460396766662598
eval_mae = 0.4686
eval_runtime = 21.2889
eval_samples_per_second = 234.864
