eval_accuracy = 0.4715999960899353
eval_loss = 1.3485722541809082
eval_mae = 0.6914
eval_runtime = 17.4913
eval_samples_per_second = 285.857
