eval_accuracy = 0.501800000667572
eval_loss = 1.1587588787078857
eval_mae = 0.5892
eval_runtime = 17.2203
eval_samples_per_second = 290.354
