eval_accuracy = 0.5267999768257141
eval_loss = 1.0537127256393433
eval_mae = 0.5706
eval_runtime = 16.3494
eval_samples_per_second = 305.822
