eval_accuracy = 0.475600004196167
eval_loss = 1.3426705598831177
eval_mae = 0.6944
eval_runtime = 16.9326
eval_samples_per_second = 295.289
