eval_accuracy = 0.5745999813079834
eval_loss = 1.0065691471099854
eval_mae = 0.4972
eval_runtime = 16.4782
eval_samples_per_second = 303.432
