eval_accuracy = 0.574400007724762
eval_loss = 1.005705714225769
eval_mae = 0.4968
eval_runtime = 16.5357
eval_samples_per_second = 302.377
