eval_accuracy = 0.4406000077724457
eval_loss = 1.4387668371200562
eval_mae = 0.726
eval_runtime = 19.3062
eval_samples_per_second = 258.984
