eval_accuracy = 0.5748000144958496
eval_loss = 1.0860577821731567
eval_mae = 0.511
eval_runtime = 17.1947
eval_samples_per_second = 290.787
