eval_accuracy = 0.5559999942779541
eval_loss = 1.080226182937622
eval_mae = 0.565
eval_runtime = 17.8368
eval_samples_per_second = 280.32
