eval_accuracy = 0.5928000211715698
eval_loss = 0.943520188331604
eval_mae = 0.4662
eval_runtime = 19.3258
eval_samples_per_second = 258.721
