eval_accuracy = 0.5806000232696533
eval_loss = 1.0116777420043945
eval_mae = 0.4822
eval_runtime = 16.7815
eval_samples_per_second = 297.947
