eval_accuracy = 0.5789999961853027
eval_loss = 1.018200159072876
eval_mae = 0.4826
eval_runtime = 16.9023
eval_samples_per_second = 295.817
