eval_accuracy = 0.6015999913215637
eval_loss = 0.9357631802558899
eval_mae = 0.4546
eval_runtime = 17.0782
eval_samples_per_second = 292.771
