eval_accuracy = 0.5708000063896179
eval_loss = 1.0193593502044678
eval_mae = 0.507
eval_runtime = 16.225
eval_samples_per_second = 308.166
