eval_accuracy = 0.5812000036239624
eval_loss = 1.0187278985977173
eval_mae = 0.4936
eval_runtime = 18.6845
eval_samples_per_second = 267.601
