eval_accuracy = 0.5794000029563904
eval_loss = 1.01145601272583
eval_mae = 0.4826
eval_runtime = 17.4163
eval_samples_per_second = 287.088
