eval_accuracy = 0.4970000088214874
eval_loss = 1.2387632131576538
eval_mae = 0.648
eval_runtime = 23.2981
eval_samples_per_second = 214.61
