eval_accuracy = 0.5925999879837036
eval_loss = 0.9472634792327881
eval_mae = 0.4688
eval_runtime = 18.4915
eval_samples_per_second = 270.395
