eval_accuracy = 0.6366000175476074
eval_loss = 0.888815701007843
eval_mae = 0.4144
eval_runtime = 19.5697
eval_samples_per_second = 255.497
