eval_accuracy = 0.45820000767707825
eval_loss = 1.3671379089355469
eval_mae = 0.7322
eval_runtime = 17.2335
eval_samples_per_second = 290.132
