eval_accuracy = 0.6363999843597412
eval_loss = 0.8894439339637756
eval_mae = 0.4156
eval_runtime = 28.4547
eval_samples_per_second = 175.718
