eval_accuracy = 0.5748000144958496
eval_loss = 1.0038058757781982
eval_mae = 0.4966
eval_runtime = 16.2233
eval_samples_per_second = 308.199
