eval_accuracy = 0.4715999960899353
eval_loss = 1.34894859790802
eval_mae = 0.6908
eval_runtime = 17.3142
eval_samples_per_second = 288.78
