eval_accuracy = 0.48260000348091125
eval_loss = 1.3530657291412354
eval_mae = 0.6716
eval_runtime = 21.1123
eval_samples_per_second = 236.829
