eval_accuracy = 0.4681999981403351
eval_loss = 1.2964420318603516
eval_mae = 0.6812
eval_runtime = 19.4421
eval_samples_per_second = 257.174
