eval_accuracy = 0.5709999799728394
eval_loss = 0.9897152185440063
eval_mae = 0.5068
eval_runtime = 16.147
eval_samples_per_second = 309.656
