eval_accuracy = 0.5052000284194946
eval_loss = 1.1760642528533936
eval_mae = 0.5896
eval_runtime = 18.5217
eval_samples_per_second = 269.953
