eval_accuracy = 0.48080000281333923
eval_loss = 1.3918685913085938
eval_mae = 0.6738
eval_runtime = 21.341
eval_samples_per_second = 234.29
