eval_accuracy = 0.5491999983787537
eval_loss = 1.1474064588546753
eval_mae = 0.5812
eval_runtime = 17.4879
eval_samples_per_second = 285.913
