eval_accuracy = 0.5573999881744385
eval_loss = 1.0633007287979126
eval_mae = 0.5212
eval_runtime = 18.3175
eval_samples_per_second = 272.962
