eval_accuracy = 0.46779999136924744
eval_loss = 1.2964839935302734
eval_mae = 0.6818
eval_runtime = 28.5866
eval_samples_per_second = 174.907
