eval_accuracy = 0.5008000135421753
eval_loss = 1.1769784688949585
eval_mae = 0.5942
eval_runtime = 18.0067
eval_samples_per_second = 277.674
