eval_accuracy = 0.5576000213623047
eval_loss = 1.0808777809143066
eval_mae = 0.5642
eval_runtime = 18.4629
eval_samples_per_second = 270.813
