eval_accuracy = 0.5929999947547913
eval_loss = 0.9606597423553467
eval_mae = 0.4828
eval_runtime = 17.3881
eval_samples_per_second = 287.552
