eval_accuracy = 0.5559999942779541
eval_loss = 1.0804088115692139
eval_mae = 0.5656
eval_runtime = 22.8682
eval_samples_per_second = 218.644
