eval_accuracy = 0.6050000190734863
eval_loss = 0.9461740255355835
eval_mae = 0.457
eval_runtime = 17.1774
eval_samples_per_second = 291.08
