eval_accuracy = 0.5559999942779541
eval_loss = 1.0294119119644165
eval_mae = 0.5362
eval_runtime = 17.2846
eval_samples_per_second = 289.275
