eval_accuracy = 0.5016000270843506
eval_loss = 1.1770026683807373
eval_mae = 0.5936
eval_runtime = 17.369
eval_samples_per_second = 287.869
