eval_accuracy = 0.6000000238418579
eval_loss = 0.9555438756942749
eval_mae = 0.463
eval_runtime = 16.613
eval_samples_per_second = 300.969
