eval_accuracy = 0.6065999865531921
eval_loss = 0.9495794773101807
eval_mae = 0.4498
eval_runtime = 19.7724
eval_samples_per_second = 252.878
