eval_accuracy = 0.46799999475479126
eval_loss = 1.2970019578933716
eval_mae = 0.6816
eval_runtime = 19.8488
eval_samples_per_second = 251.905
