eval_accuracy = 0.5568000078201294
eval_loss = 1.0650508403778076
eval_mae = 0.523
eval_runtime = 18.4469
eval_samples_per_second = 271.048
