eval_accuracy = 0.5694000124931335
eval_loss = 1.0216916799545288
eval_mae = 0.5094
eval_runtime = 16.484
eval_samples_per_second = 303.324
