eval_accuracy = 0.5920000076293945
eval_loss = 0.959999680519104
eval_mae = 0.4834
eval_runtime = 16.7377
eval_samples_per_second = 298.727
