eval_accuracy = 0.4575999975204468
eval_loss = 1.3677377700805664
eval_mae = 0.7316
eval_runtime = 16.7689
eval_samples_per_second = 298.171
