eval_accuracy = 0.5803999900817871
eval_loss = 1.0120978355407715
eval_mae = 0.4818
eval_runtime = 17.5523
eval_samples_per_second = 284.863
