eval_accuracy = 0.5758000016212463
eval_loss = 1.0851432085037231
eval_mae = 0.5098
eval_runtime = 17.1052
eval_samples_per_second = 292.308
