eval_accuracy = 0.5809999704360962
eval_loss = 1.0188175439834595
eval_mae = 0.4938
eval_runtime = 22.2372
eval_samples_per_second = 224.849
