eval_accuracy = 0.6055999994277954
eval_loss = 0.9477120041847229
eval_mae = 0.4576
eval_runtime = 17.2135
eval_samples_per_second = 290.469
