eval_accuracy = 0.49959999322891235
eval_loss = 1.2278716564178467
eval_mae = 0.603
eval_runtime = 18.4416
eval_samples_per_second = 271.127
