eval_accuracy = 0.5577999949455261
eval_loss = 1.0766531229019165
eval_mae = 0.5316
eval_runtime = 30.2153
eval_samples_per_second = 165.479
