eval_accuracy = 0.4832000136375427
eval_loss = 1.3524614572525024
eval_mae = 0.6714
eval_runtime = 18.8495
eval_samples_per_second = 265.259
