eval_accuracy = 0.5708000063896179
eval_loss = 0.9900950193405151
eval_mae = 0.5062
eval_runtime = 16.9112
eval_samples_per_second = 295.662
