eval_accuracy = 0.5654000043869019
eval_loss = 1.014356255531311
eval_mae = 0.5078
eval_runtime = 16.9995
eval_samples_per_second = 294.127
