eval_accuracy = 0.5005999803543091
eval_loss = 1.2424685955047607
eval_mae = 0.5952
eval_runtime = 18.7616
eval_samples_per_second = 266.502
