eval_accuracy = 0.5558000206947327
eval_loss = 1.0801961421966553
eval_mae = 0.566
eval_runtime = 33.7014
eval_samples_per_second = 148.362
