eval_accuracy = 0.4603999853134155
eval_loss = 1.3685014247894287
eval_mae = 0.7292
eval_runtime = 16.689
eval_samples_per_second = 299.599
