eval_accuracy = 0.52920001745224
eval_loss = 1.0514640808105469
eval_mae = 0.5678
eval_runtime = 16.3298
eval_samples_per_second = 306.189
