eval_accuracy = 0.504800021648407
eval_loss = 1.1759847402572632
eval_mae = 0.5908
eval_runtime = 17.6306
eval_samples_per_second = 283.597
