eval_accuracy = 0.5694000124931335
eval_loss = 0.9906851649284363
eval_mae = 0.5088
eval_runtime = 17.0293
eval_samples_per_second = 293.612
