eval_accuracy = 0.5532000064849854
eval_loss = 1.025665044784546
eval_mae = 0.539
eval_runtime = 17.2867
eval_samples_per_second = 289.24
