eval_accuracy = 0.5062000155448914
eval_loss = 1.2305878400802612
eval_mae = 0.6226
eval_runtime = 30.6117
eval_samples_per_second = 163.336
