eval_accuracy = 0.5932000279426575
eval_loss = 0.9474315643310547
eval_mae = 0.4694
eval_runtime = 21.0799
eval_samples_per_second = 237.193
