eval_accuracy = 0.5752000212669373
eval_loss = 1.0842692852020264
eval_mae = 0.5104
eval_runtime = 16.6729
eval_samples_per_second = 299.889
