eval_accuracy = 0.5932000279426575
eval_loss = 0.947748064994812
eval_mae = 0.4692
eval_runtime = 20.8811
eval_samples_per_second = 239.451
