eval_accuracy = 0.46799999475479126
eval_loss = 1.2963787317276
eval_mae = 0.6816
eval_runtime = 19.8814
eval_samples_per_second = 251.491
