eval_accuracy = 0.5645999908447266
eval_loss = 1.0146863460540771
eval_mae = 0.5076
eval_runtime = 16.9466
eval_samples_per_second = 295.044
