eval_accuracy = 0.5910000205039978
eval_loss = 0.9485927820205688
eval_mae = 0.463
eval_runtime = 16.3307
eval_samples_per_second = 306.172
