eval_accuracy = 0.52920001745224
eval_loss = 1.0515865087509155
eval_mae = 0.5652
eval_runtime = 15.895
eval_samples_per_second = 314.564
