eval_accuracy = 0.5005999803543091
eval_loss = 1.2274712324142456
eval_mae = 0.6004
eval_runtime = 17.8233
eval_samples_per_second = 280.532
