eval_accuracy = 0.4578000009059906
eval_loss = 1.3672590255737305
eval_mae = 0.7328
eval_runtime = 16.6876
eval_samples_per_second = 299.624
