eval_accuracy = 0.5924000144004822
eval_loss = 0.9475703239440918
eval_mae = 0.4698
eval_runtime = 18.1763
eval_samples_per_second = 275.083
