eval_accuracy = 0.4837999939918518
eval_loss = 1.3549716472625732
eval_mae = 0.6738
eval_runtime = 17.8113
eval_samples_per_second = 280.72
