eval_accuracy = 0.574999988079071
eval_loss = 1.0055397748947144
eval_mae = 0.4966
eval_runtime = 17.2037
eval_samples_per_second = 290.636
