eval_accuracy = 0.6373999714851379
eval_loss = 0.8883568644523621
eval_mae = 0.4136
eval_runtime = 18.9845
eval_samples_per_second = 263.373
