eval_accuracy = 0.5005999803543091
eval_loss = 1.1796514987945557
eval_mae = 0.5966
eval_runtime = 17.3171
eval_samples_per_second = 288.733
