eval_accuracy = 0.5027999877929688
eval_loss = 1.1769429445266724
eval_mae = 0.5928
eval_runtime = 17.311
eval_samples_per_second = 288.834
