eval_accuracy = 0.5802000164985657
eval_loss = 1.0112013816833496
eval_mae = 0.4814
eval_runtime = 17.4133
eval_samples_per_second = 287.137
