eval_accuracy = 0.5767999887466431
eval_loss = 1.0157135725021362
eval_mae = 0.4876
eval_runtime = 17.4235
eval_samples_per_second = 286.968
