eval_accuracy = 0.503600001335144
eval_loss = 1.1767646074295044
eval_mae = 0.5906
eval_runtime = 17.4695
eval_samples_per_second = 286.214
