eval_accuracy = 0.5659999847412109
eval_loss = 1.0141695737838745
eval_mae = 0.5048
eval_runtime = 16.7509
eval_samples_per_second = 298.492
