eval_accuracy = 0.5726000070571899
eval_loss = 1.0804274082183838
eval_mae = 0.5124
eval_runtime = 16.1239
eval_samples_per_second = 310.098
