eval_accuracy = 0.4699999988079071
eval_loss = 1.3488739728927612
eval_mae = 0.6906
eval_runtime = 17.3485
eval_samples_per_second = 288.209
