eval_accuracy = 0.6215999722480774
eval_loss = 0.9509470462799072
eval_mae = 0.4278
eval_runtime = 17.4095
eval_samples_per_second = 287.199
