eval_accuracy = 0.602400004863739
eval_loss = 0.9361361265182495
eval_mae = 0.454
eval_runtime = 17.0408
eval_samples_per_second = 293.414
