eval_accuracy = 0.4837999939918518
eval_loss = 1.352283239364624
eval_mae = 0.6708
eval_runtime = 18.3792
eval_samples_per_second = 272.047
