eval_accuracy = 0.5577999949455261
eval_loss = 1.0624001026153564
eval_mae = 0.52
eval_runtime = 18.3267
eval_samples_per_second = 272.826
