eval_accuracy = 0.5996000170707703
eval_loss = 0.9554481506347656
eval_mae = 0.4636
eval_runtime = 17.4788
eval_samples_per_second = 286.061
