eval_accuracy = 0.45879998803138733
eval_loss = 1.3664101362228394
eval_mae = 0.7306
eval_runtime = 16.7068
eval_samples_per_second = 299.279
