eval_accuracy = 0.5482000112533569
eval_loss = 1.0860018730163574
eval_mae = 0.5404
eval_runtime = 31.4766
eval_samples_per_second = 158.848
