eval_accuracy = 0.58160001039505
eval_loss = 0.9785217642784119
eval_mae = 0.488
eval_runtime = 17.4332
eval_samples_per_second = 286.809
