eval_accuracy = 0.5924000144004822
eval_loss = 0.9471535086631775
eval_mae = 0.4696
eval_runtime = 23.571
eval_samples_per_second = 212.125
