eval_accuracy = 0.602400004863739
eval_loss = 0.9358243942260742
eval_mae = 0.454
eval_runtime = 17.0696
eval_samples_per_second = 292.918
