eval_accuracy = 0.46779999136924744
eval_loss = 1.3392339944839478
eval_mae = 0.6888
eval_runtime = 22.3101
eval_samples_per_second = 224.114
