eval_accuracy = 0.4397999942302704
eval_loss = 1.4429329633712769
eval_mae = 0.7288
eval_runtime = 35.2246
eval_samples_per_second = 141.946
