eval_accuracy = 0.49720001220703125
eval_loss = 1.2389508485794067
eval_mae = 0.647
eval_runtime = 19.6152
eval_samples_per_second = 254.904
