eval_accuracy = 0.4941999912261963
eval_loss = 1.2315902709960938
eval_mae = 0.647
eval_runtime = 20.2871
eval_samples_per_second = 246.462
