eval_accuracy = 0.593999981880188
eval_loss = 0.9603418111801147
eval_mae = 0.4814
eval_runtime = 17.4049
eval_samples_per_second = 287.275
