eval_accuracy = 0.459199994802475
eval_loss = 1.3669198751449585
eval_mae = 0.7298
eval_runtime = 17.4023
eval_samples_per_second = 287.318
