eval_accuracy = 0.6065999865531921
eval_loss = 0.9498291015625
eval_mae = 0.4492
eval_runtime = 22.5636
eval_samples_per_second = 221.596
