eval_accuracy = 0.506600022315979
eval_loss = 1.2281922101974487
eval_mae = 0.6206
eval_runtime = 19.7417
eval_samples_per_second = 253.271
