eval_accuracy = 0.47279998660087585
eval_loss = 1.3473767042160034
eval_mae = 0.6894
eval_runtime = 17.3372
eval_samples_per_second = 288.397
