eval_accuracy = 0.5008000135421753
eval_loss = 1.2253484725952148
eval_mae = 0.601
eval_runtime = 18.0923
eval_samples_per_second = 276.36
