eval_accuracy = 0.5705999732017517
eval_loss = 1.0198016166687012
eval_mae = 0.5068
eval_runtime = 17.2827
eval_samples_per_second = 289.307
