eval_accuracy = 0.6209999918937683
eval_loss = 0.9509115219116211
eval_mae = 0.4286
eval_runtime = 17.3184
eval_samples_per_second = 288.71
