eval_accuracy = 0.5063999891281128
eval_loss = 1.2283052206039429
eval_mae = 0.6214
eval_runtime = 20.7815
eval_samples_per_second = 240.599
