eval_accuracy = 0.5016000270843506
eval_loss = 1.2335718870162964
eval_mae = 0.5936
eval_runtime = 18.4744
eval_samples_per_second = 270.646
