eval_accuracy = 0.5023999810218811
eval_loss = 1.1769806146621704
eval_mae = 0.5938
eval_runtime = 17.4612
eval_samples_per_second = 286.349
