eval_accuracy = 0.5012000203132629
eval_loss = 1.250648021697998
eval_mae = 0.5966
eval_runtime = 19.9636
eval_samples_per_second = 250.456
