eval_accuracy = 0.6212000250816345
eval_loss = 0.9512915015220642
eval_mae = 0.428
eval_runtime = 17.4398
eval_samples_per_second = 286.701
