eval_accuracy = 0.5934000015258789
eval_loss = 0.9473570585250854
eval_mae = 0.4694
eval_runtime = 18.7049
eval_samples_per_second = 267.31
