eval_accuracy = 0.621999979019165
eval_loss = 0.9508148431777954
eval_mae = 0.428
eval_runtime = 17.5346
eval_samples_per_second = 285.151
