eval_accuracy = 0.4674000144004822
eval_loss = 1.29689359664917
eval_mae = 0.682
eval_runtime = 22.4831
eval_samples_per_second = 222.389
