eval_accuracy = 0.5447999835014343
eval_loss = 1.0884828567504883
eval_mae = 0.5474
eval_runtime = 25.7952
eval_samples_per_second = 193.834
