eval_accuracy = 0.5806000232696533
eval_loss = 1.0191998481750488
eval_mae = 0.4944
eval_runtime = 20.0002
eval_samples_per_second = 249.998
