eval_accuracy = 0.6025999784469604
eval_loss = 0.9337783455848694
eval_mae = 0.4534
eval_runtime = 17.0308
eval_samples_per_second = 293.586
