eval_accuracy = 0.5717999935150146
eval_loss = 0.9904101490974426
eval_mae = 0.5062
eval_runtime = 16.9296
eval_samples_per_second = 295.34
