eval_accuracy = 0.5807999968528748
eval_loss = 1.019645094871521
eval_mae = 0.4938
eval_runtime = 27.4048
eval_samples_per_second = 182.45
