eval_accuracy = 0.6011999845504761
eval_loss = 0.9359452128410339
eval_mae = 0.4554
eval_runtime = 16.3307
eval_samples_per_second = 306.173
