eval_accuracy = 0.5748000144958496
eval_loss = 1.0856730937957764
eval_mae = 0.5088
eval_runtime = 17.3574
eval_samples_per_second = 288.061
