eval_accuracy = 0.5992000102996826
eval_loss = 0.9362310767173767
eval_mae = 0.4564
eval_runtime = 17.0908
eval_samples_per_second = 292.555
