eval_accuracy = 0.5935999751091003
eval_loss = 1.00704824924469
eval_mae = 0.4678
eval_runtime = 17.1387
eval_samples_per_second = 291.738
