eval_accuracy = 0.5496000051498413
eval_loss = 1.0861752033233643
eval_mae = 0.5384
eval_runtime = 24.0097
eval_samples_per_second = 208.249
