eval_accuracy = 0.5938000082969666
eval_loss = 0.9470783472061157
eval_mae = 0.469
eval_runtime = 18.6121
eval_samples_per_second = 268.643
