eval_accuracy = 0.48080000281333923
eval_loss = 1.3514597415924072
eval_mae = 0.6742
eval_runtime = 18.0936
eval_samples_per_second = 276.34
