eval_accuracy = 0.5720000267028809
eval_loss = 0.9903457164764404
eval_mae = 0.5066
eval_runtime = 16.8766
eval_samples_per_second = 296.269
