eval_accuracy = 0.5034000277519226
eval_loss = 1.175937294960022
eval_mae = 0.5912
eval_runtime = 17.4134
eval_samples_per_second = 287.135
