eval_accuracy = 0.6037999987602234
eval_loss = 0.9533696174621582
eval_mae = 0.4576
eval_runtime = 16.9482
eval_samples_per_second = 295.017
