eval_accuracy = 0.4586000144481659
eval_loss = 1.3517366647720337
eval_mae = 0.727
eval_runtime = 17.3273
eval_samples_per_second = 288.562
