eval_accuracy = 0.4970000088214874
eval_loss = 1.2385244369506836
eval_mae = 0.6478
eval_runtime = 25.1009
eval_samples_per_second = 199.196
