eval_accuracy = 0.4717999994754791
eval_loss = 1.348209023475647
eval_mae = 0.6906
eval_runtime = 16.1578
eval_samples_per_second = 309.447
