eval_accuracy = 0.5917999744415283
eval_loss = 1.0067681074142456
eval_mae = 0.4696
eval_runtime = 17.2466
eval_samples_per_second = 289.913
