eval_accuracy = 0.5267999768257141
eval_loss = 1.0547666549682617
eval_mae = 0.572
eval_runtime = 16.9588
eval_samples_per_second = 294.832
