eval_accuracy = 0.4684000015258789
eval_loss = 1.2976292371749878
eval_mae = 0.6814
eval_runtime = 26.572
eval_samples_per_second = 188.168
