eval_accuracy = 0.4562000036239624
eval_loss = 1.3685587644577026
eval_mae = 0.7336
eval_runtime = 18.1533
eval_samples_per_second = 275.432
