eval_accuracy = 0.4586000144481659
eval_loss = 1.366729736328125
eval_mae = 0.731
eval_runtime = 17.5758
eval_samples_per_second = 284.482
