eval_accuracy = 0.5568000078201294
eval_loss = 1.0804922580718994
eval_mae = 0.5642
eval_runtime = 18.531
eval_samples_per_second = 269.818
