eval_accuracy = 0.4722000062465668
eval_loss = 1.3471271991729736
eval_mae = 0.69
eval_runtime = 16.5593
eval_samples_per_second = 301.945
