eval_accuracy = 0.5659999847412109
eval_loss = 1.0144495964050293
eval_mae = 0.5052
eval_runtime = 17.0388
eval_samples_per_second = 293.447
