eval_accuracy = 0.4675999879837036
eval_loss = 1.2970967292785645
eval_mae = 0.6818
eval_runtime = 23.2455
eval_samples_per_second = 215.095
