eval_accuracy = 0.503600001335144
eval_loss = 1.1768196821212769
eval_mae = 0.5904
eval_runtime = 17.4726
eval_samples_per_second = 286.162
