eval_accuracy = 0.5482000112533569
eval_loss = 1.0843687057495117
eval_mae = 0.5408
eval_runtime = 25.2879
eval_samples_per_second = 197.723
