eval_accuracy = 0.5812000036239624
eval_loss = 1.0179226398468018
eval_mae = 0.4946
eval_runtime = 22.3789
eval_samples_per_second = 223.425
