eval_accuracy = 0.4699999988079071
eval_loss = 1.3502748012542725
eval_mae = 0.6924
eval_runtime = 17.2484
eval_samples_per_second = 289.882
