eval_accuracy = 0.5825999975204468
eval_loss = 0.9812222719192505
eval_mae = 0.488
eval_runtime = 17.3832
eval_samples_per_second = 287.635
