eval_accuracy = 0.5559999942779541
eval_loss = 1.0802488327026367
eval_mae = 0.5652
eval_runtime = 18.1606
eval_samples_per_second = 275.321
