eval_accuracy = 0.4970000088214874
eval_loss = 1.238997220993042
eval_mae = 0.6476
eval_runtime = 18.2211
eval_samples_per_second = 274.407
