eval_accuracy = 0.5001999735832214
eval_loss = 1.1556724309921265
eval_mae = 0.5906
eval_runtime = 17.3426
eval_samples_per_second = 288.308
