eval_accuracy = 0.5001999735832214
eval_loss = 1.156211256980896
eval_mae = 0.5902
eval_runtime = 16.54
eval_samples_per_second = 302.298
