eval_accuracy = 0.5546000003814697
eval_loss = 1.0245314836502075
eval_mae = 0.534
eval_runtime = 16.6614
eval_samples_per_second = 300.095
