eval_accuracy = 0.4763999879360199
eval_loss = 1.34171724319458
eval_mae = 0.6926
eval_runtime = 17.0897
eval_samples_per_second = 292.574
