eval_accuracy = 0.6046000123023987
eval_loss = 0.9462101459503174
eval_mae = 0.4574
eval_runtime = 16.4362
eval_samples_per_second = 304.206
