eval_accuracy = 0.5605999827384949
eval_loss = 1.0461255311965942
eval_mae = 0.5086
eval_runtime = 22.8507
eval_samples_per_second = 218.812
