eval_accuracy = 0.5568000078201294
eval_loss = 1.082407832145691
eval_mae = 0.5656
eval_runtime = 18.4505
eval_samples_per_second = 270.996
