eval_accuracy = 0.4997999966144562
eval_loss = 1.2418768405914307
eval_mae = 0.5958
eval_runtime = 18.6778
eval_samples_per_second = 267.698
