eval_accuracy = 0.5454000234603882
eval_loss = 1.0293656587600708
eval_mae = 0.5384
eval_runtime = 17.941
eval_samples_per_second = 278.692
