eval_accuracy = 0.6366000175476074
eval_loss = 0.8895214796066284
eval_mae = 0.4144
eval_runtime = 20.4909
eval_samples_per_second = 244.011
