eval_accuracy = 0.4715999960899353
eval_loss = 1.3500242233276367
eval_mae = 0.6904
eval_runtime = 17.3729
eval_samples_per_second = 287.804
