eval_accuracy = 0.5774000287055969
eval_loss = 1.021183729171753
eval_mae = 0.4846
eval_runtime = 18.3599
eval_samples_per_second = 272.332
