eval_accuracy = 0.5475999712944031
eval_loss = 1.085922122001648
eval_mae = 0.541
eval_runtime = 22.6567
eval_samples_per_second = 220.686
