eval_accuracy = 0.46779999136924744
eval_loss = 1.339727520942688
eval_mae = 0.6886
eval_runtime = 19.4929
eval_samples_per_second = 256.504
