eval_accuracy = 0.5667999982833862
eval_loss = 1.0136202573776245
eval_mae = 0.5054
eval_runtime = 16.9771
eval_samples_per_second = 294.514
