eval_accuracy = 0.5067999958992004
eval_loss = 1.2292120456695557
eval_mae = 0.6208
eval_runtime = 23.0209
eval_samples_per_second = 217.194
