eval_accuracy = 0.5266000032424927
eval_loss = 1.0550451278686523
eval_mae = 0.5724
eval_runtime = 16.9424
eval_samples_per_second = 295.118
