eval_accuracy = 0.49720001220703125
eval_loss = 1.2385259866714478
eval_mae = 0.647
eval_runtime = 19.6703
eval_samples_per_second = 254.19
