eval_accuracy = 0.604200005531311
eval_loss = 0.9457033276557922
eval_mae = 0.4582
eval_runtime = 17.2448
eval_samples_per_second = 289.943
