eval_accuracy = 0.47200000286102295
eval_loss = 1.3494172096252441
eval_mae = 0.6904
eval_runtime = 17.3057
eval_samples_per_second = 288.922
