eval_accuracy = 0.571399986743927
eval_loss = 0.9936292171478271
eval_mae = 0.5082
eval_runtime = 16.1663
eval_samples_per_second = 309.285
