eval_accuracy = 0.548799991607666
eval_loss = 1.146910548210144
eval_mae = 0.5824
eval_runtime = 16.9256
eval_samples_per_second = 295.41
