eval_accuracy = 0.5763999819755554
eval_loss = 1.005662441253662
eval_mae = 0.4962
eval_runtime = 17.4985
eval_samples_per_second = 285.738
