eval_accuracy = 0.5720000267028809
eval_loss = 1.084162712097168
eval_mae = 0.5134
eval_runtime = 16.1453
eval_samples_per_second = 309.687
