eval_accuracy = 0.5026000142097473
eval_loss = 1.177230715751648
eval_mae = 0.5926
eval_runtime = 17.3738
eval_samples_per_second = 287.789
