eval_accuracy = 0.5812000036239624
eval_loss = 1.0187264680862427
eval_mae = 0.494
eval_runtime = 24.5088
eval_samples_per_second = 204.008
