eval_accuracy = 0.5555999875068665
eval_loss = 1.0812499523162842
eval_mae = 0.566
eval_runtime = 30.64
eval_samples_per_second = 163.185
