eval_accuracy = 0.5898000001907349
eval_loss = 1.0050337314605713
eval_mae = 0.4718
eval_runtime = 17.1902
eval_samples_per_second = 290.863
