eval_accuracy = 0.5756000280380249
eval_loss = 1.0850374698638916
eval_mae = 0.5102
eval_runtime = 17.0104
eval_samples_per_second = 293.938
