eval_accuracy = 0.5929999947547913
eval_loss = 0.9476708769798279
eval_mae = 0.4694
eval_runtime = 20.8703
eval_samples_per_second = 239.575
