eval_accuracy = 0.5935999751091003
eval_loss = 1.0065525770187378
eval_mae = 0.4682
eval_runtime = 16.532
eval_samples_per_second = 302.443
