eval_accuracy = 0.5473999977111816
eval_loss = 1.0867210626602173
eval_mae = 0.5412
eval_runtime = 29.8137
eval_samples_per_second = 167.708
