eval_accuracy = 0.508400022983551
eval_loss = 1.2282217741012573
eval_mae = 0.619
eval_runtime = 18.8051
eval_samples_per_second = 265.885
