eval_accuracy = 0.5005999803543091
eval_loss = 1.2495098114013672
eval_mae = 0.596
eval_runtime = 18.2408
eval_samples_per_second = 274.11
