eval_accuracy = 0.590399980545044
eval_loss = 0.9474579095840454
eval_mae = 0.4634
eval_runtime = 16.2359
eval_samples_per_second = 307.96
