eval_accuracy = 0.483599990606308
eval_loss = 1.3508251905441284
eval_mae = 0.6708
eval_runtime = 18.8916
eval_samples_per_second = 264.668
