eval_accuracy = 0.4997999966144562
eval_loss = 1.2409087419509888
eval_mae = 0.5952
eval_runtime = 18.5958
eval_samples_per_second = 268.878
