eval_accuracy = 0.5766000151634216
eval_loss = 1.0852108001708984
eval_mae = 0.5086
eval_runtime = 16.3806
eval_samples_per_second = 305.239
