eval_accuracy = 0.4580000042915344
eval_loss = 1.366692066192627
eval_mae = 0.7312
eval_runtime = 17.3069
eval_samples_per_second = 288.902
