eval_accuracy = 0.6064000129699707
eval_loss = 0.9495159387588501
eval_mae = 0.45
eval_runtime = 21.4058
eval_samples_per_second = 233.582
