eval_accuracy = 0.4812000095844269
eval_loss = 1.3924752473831177
eval_mae = 0.6734
eval_runtime = 28.1645
eval_samples_per_second = 177.528
