eval_accuracy = 0.48080000281333923
eval_loss = 1.3921204805374146
eval_mae = 0.6738
eval_runtime = 34.7866
eval_samples_per_second = 143.733
