eval_accuracy = 0.5034000277519226
eval_loss = 1.1778291463851929
eval_mae = 0.591
eval_runtime = 17.3581
eval_samples_per_second = 288.05
