eval_accuracy = 0.4397999942302704
eval_loss = 1.4434102773666382
eval_mae = 0.7286
eval_runtime = 34.2441
eval_samples_per_second = 146.01
