eval_accuracy = 0.6014000177383423
eval_loss = 0.9522144794464111
eval_mae = 0.4614
eval_runtime = 16.0171
eval_samples_per_second = 312.166
