eval_accuracy = 0.5794000029563904
eval_loss = 1.01176917552948
eval_mae = 0.4832
eval_runtime = 17.2407
eval_samples_per_second = 290.011
