eval_accuracy = 0.6208000183105469
eval_loss = 0.9533405303955078
eval_mae = 0.4302
eval_runtime = 17.5093
eval_samples_per_second = 285.563
