eval_accuracy = 0.5784000158309937
eval_loss = 1.0170648097991943
eval_mae = 0.4846
eval_runtime = 17.41
eval_samples_per_second = 287.191
