eval_accuracy = 0.47620001435279846
eval_loss = 1.342675805091858
eval_mae = 0.693
eval_runtime = 16.4342
eval_samples_per_second = 304.243
