eval_accuracy = 0.47999998927116394
eval_loss = 1.3916903734207153
eval_mae = 0.6744
eval_runtime = 19.6448
eval_samples_per_second = 254.52
