eval_accuracy = 0.43939998745918274
eval_loss = 1.442770004272461
eval_mae = 0.7296
eval_runtime = 18.7034
eval_samples_per_second = 267.331
