eval_accuracy = 0.5820000171661377
eval_loss = 0.9787614941596985
eval_mae = 0.4884
eval_runtime = 17.315
eval_samples_per_second = 288.768
