eval_accuracy = 0.6065999865531921
eval_loss = 0.949697732925415
eval_mae = 0.4496
eval_runtime = 20.8533
eval_samples_per_second = 239.77
