eval_accuracy = 0.5902000069618225
eval_loss = 0.9494367241859436
eval_mae = 0.4632
eval_runtime = 16.5121
eval_samples_per_second = 302.808
