eval_accuracy = 0.620199978351593
eval_loss = 0.9511876106262207
eval_mae = 0.43
eval_runtime = 17.434
eval_samples_per_second = 286.797
