eval_accuracy = 0.5475999712944031
eval_loss = 1.0860062837600708
eval_mae = 0.5414
eval_runtime = 20.1041
eval_samples_per_second = 248.705
