eval_accuracy = 0.4991999864578247
eval_loss = 1.2420765161514282
eval_mae = 0.5948
eval_runtime = 18.6607
eval_samples_per_second = 267.943
