eval_accuracy = 0.6064000129699707
eval_loss = 0.9498252868652344
eval_mae = 0.4494
eval_runtime = 33.4141
eval_samples_per_second = 149.638
