eval_accuracy = 0.4681999981403351
eval_loss = 1.2967532873153687
eval_mae = 0.6804
eval_runtime = 33.4396
eval_samples_per_second = 149.523
