eval_accuracy = 0.47679999470710754
eval_loss = 1.391433835029602
eval_mae = 0.6786
eval_runtime = 33.4028
eval_samples_per_second = 149.688
