eval_accuracy = 0.592199981212616
eval_loss = 0.9613043069839478
eval_mae = 0.485
eval_runtime = 16.9257
eval_samples_per_second = 295.408
