eval_accuracy = 0.5785999894142151
eval_loss = 1.0175726413726807
eval_mae = 0.4846
eval_runtime = 17.4703
eval_samples_per_second = 286.199
