eval_accuracy = 0.5914000272750854
eval_loss = 0.9496262669563293
eval_mae = 0.4618
eval_runtime = 16.5372
eval_samples_per_second = 302.348
