eval_accuracy = 0.5550000071525574
eval_loss = 1.025512933731079
eval_mae = 0.5378
eval_runtime = 17.1862
eval_samples_per_second = 290.931
