eval_accuracy = 0.483599990606308
eval_loss = 1.3888702392578125
eval_mae = 0.6712
eval_runtime = 18.2323
eval_samples_per_second = 274.239
