eval_accuracy = 0.498199999332428
eval_loss = 1.1596318483352661
eval_mae = 0.5918
eval_runtime = 17.3112
eval_samples_per_second = 288.83
