eval_accuracy = 0.5569999814033508
eval_loss = 1.0809701681137085
eval_mae = 0.5648
eval_runtime = 21.0779
eval_samples_per_second = 237.216
