eval_accuracy = 0.46779999136924744
eval_loss = 1.2963470220565796
eval_mae = 0.6818
eval_runtime = 19.5524
eval_samples_per_second = 255.723
