eval_accuracy = 0.5648000240325928
eval_loss = 1.014662504196167
eval_mae = 0.507
eval_runtime = 16.9703
eval_samples_per_second = 294.632
