eval_accuracy = 0.45739999413490295
eval_loss = 1.3673654794692993
eval_mae = 0.7324
eval_runtime = 16.6758
eval_samples_per_second = 299.835
