eval_accuracy = 0.5004000067710876
eval_loss = 1.1572448015213013
eval_mae = 0.59
eval_runtime = 17.2729
eval_samples_per_second = 289.47
