eval_accuracy = 0.569599986076355
eval_loss = 0.990348219871521
eval_mae = 0.5088
eval_runtime = 16.3371
eval_samples_per_second = 306.052
