eval_accuracy = 0.6366000175476074
eval_loss = 0.8895710706710815
eval_mae = 0.4146
eval_runtime = 18.5278
eval_samples_per_second = 269.864
