eval_accuracy = 0.5806000232696533
eval_loss = 1.0118200778961182
eval_mae = 0.4814
eval_runtime = 17.471
eval_samples_per_second = 286.189
