eval_accuracy = 0.5740000009536743
eval_loss = 1.0871285200119019
eval_mae = 0.5104
eval_runtime = 17.0171
eval_samples_per_second = 293.823
