eval_accuracy = 0.5582000017166138
eval_loss = 1.0616410970687866
eval_mae = 0.5198
eval_runtime = 18.3052
eval_samples_per_second = 273.146
