eval_accuracy = 0.5004000067710876
eval_loss = 1.1588201522827148
eval_mae = 0.5894
eval_runtime = 17.2306
eval_samples_per_second = 290.181
