eval_accuracy = 0.5026000142097473
eval_loss = 1.2402557134628296
eval_mae = 0.5916
eval_runtime = 24.6365
eval_samples_per_second = 202.951
