eval_accuracy = 0.5788000226020813
eval_loss = 1.0173956155776978
eval_mae = 0.4834
eval_runtime = 17.6156
eval_samples_per_second = 283.84
