eval_accuracy = 0.46779999136924744
eval_loss = 1.3387562036514282
eval_mae = 0.689
eval_runtime = 30.8155
eval_samples_per_second = 162.256
