eval_accuracy = 0.4675999879837036
eval_loss = 1.2967016696929932
eval_mae = 0.682
eval_runtime = 25.7928
eval_samples_per_second = 193.853
