eval_accuracy = 0.4805999994277954
eval_loss = 1.3919720649719238
eval_mae = 0.6738
eval_runtime = 30.3752
eval_samples_per_second = 164.608
