eval_accuracy = 0.5813999772071838
eval_loss = 1.0183387994766235
eval_mae = 0.4934
eval_runtime = 21.3378
eval_samples_per_second = 234.325
