eval_accuracy = 0.5812000036239624
eval_loss = 1.0186474323272705
eval_mae = 0.4936
eval_runtime = 21.3983
eval_samples_per_second = 233.664
