eval_accuracy = 0.5925999879837036
eval_loss = 0.9474972486495972
eval_mae = 0.4706
eval_runtime = 18.6342
eval_samples_per_second = 268.324
