eval_accuracy = 0.5699999928474426
eval_loss = 1.0213546752929688
eval_mae = 0.507
eval_runtime = 16.4656
eval_samples_per_second = 303.664
