eval_accuracy = 0.5455999970436096
eval_loss = 1.0297514200210571
eval_mae = 0.5386
eval_runtime = 17.0272
eval_samples_per_second = 293.648
