eval_accuracy = 0.5809999704360962
eval_loss = 1.0187715291976929
eval_mae = 0.494
eval_runtime = 24.0605
eval_samples_per_second = 207.809
