eval_accuracy = 0.49959999322891235
eval_loss = 1.156188726425171
eval_mae = 0.5904
eval_runtime = 17.2646
eval_samples_per_second = 289.609
