eval_accuracy = 0.47620001435279846
eval_loss = 1.341597318649292
eval_mae = 0.6924
eval_runtime = 16.98
eval_samples_per_second = 294.464
