eval_accuracy = 0.5609999895095825
eval_loss = 1.0458271503448486
eval_mae = 0.5086
eval_runtime = 18.6105
eval_samples_per_second = 268.666
