eval_accuracy = 0.5654000043869019
eval_loss = 1.0152403116226196
eval_mae = 0.5082
eval_runtime = 16.3966
eval_samples_per_second = 304.942
