eval_accuracy = 0.5473999977111816
eval_loss = 1.1494189500808716
eval_mae = 0.5856
eval_runtime = 17.4633
eval_samples_per_second = 286.315
