eval_accuracy = 0.4397999942302704
eval_loss = 1.4419466257095337
eval_mae = 0.7286
eval_runtime = 18.8274
eval_samples_per_second = 265.57
