eval_accuracy = 0.6000000238418579
eval_loss = 0.9568154215812683
eval_mae = 0.4626
eval_runtime = 17.2634
eval_samples_per_second = 289.63
