eval_accuracy = 0.5997999906539917
eval_loss = 0.9556601643562317
eval_mae = 0.4636
eval_runtime = 17.484
eval_samples_per_second = 285.976
