eval_accuracy = 0.5795999765396118
eval_loss = 1.0113791227340698
eval_mae = 0.4822
eval_runtime = 17.6448
eval_samples_per_second = 283.369
