eval_accuracy = 0.5580000281333923
eval_loss = 1.0631012916564941
eval_mae = 0.5208
eval_runtime = 18.3178
eval_samples_per_second = 272.958
