eval_accuracy = 0.5004000067710876
eval_loss = 1.2419586181640625
eval_mae = 0.595
eval_runtime = 23.6815
eval_samples_per_second = 211.135
