eval_accuracy = 0.5662000179290771
eval_loss = 1.0142748355865479
eval_mae = 0.5064
eval_runtime = 16.9782
eval_samples_per_second = 294.495
