eval_accuracy = 0.592199981212616
eval_loss = 1.0066646337509155
eval_mae = 0.4694
eval_runtime = 17.2088
eval_samples_per_second = 290.549
