eval_accuracy = 0.5928000211715698
eval_loss = 1.0075188875198364
eval_mae = 0.4688
eval_runtime = 17.3419
eval_samples_per_second = 288.318
