eval_accuracy = 0.5924000144004822
eval_loss = 0.9477297067642212
eval_mae = 0.47
eval_runtime = 18.5737
eval_samples_per_second = 269.198
