eval_accuracy = 0.545199990272522
eval_loss = 1.0305417776107788
eval_mae = 0.5388
eval_runtime = 17.3546
eval_samples_per_second = 288.108
