eval_accuracy = 0.5655999779701233
eval_loss = 1.0145820379257202
eval_mae = 0.506
eval_runtime = 17.1164
eval_samples_per_second = 292.117
