eval_accuracy = 0.5705999732017517
eval_loss = 0.9904650449752808
eval_mae = 0.507
eval_runtime = 16.2136
eval_samples_per_second = 308.383
