eval_accuracy = 0.579800009727478
eval_loss = 1.0177197456359863
eval_mae = 0.4812
eval_runtime = 17.4863
eval_samples_per_second = 285.939
