eval_accuracy = 0.47540000081062317
eval_loss = 1.3426330089569092
eval_mae = 0.6946
eval_runtime = 16.3839
eval_samples_per_second = 305.178
