eval_accuracy = 0.599399983882904
eval_loss = 0.9547298550605774
eval_mae = 0.4646
eval_runtime = 17.2761
eval_samples_per_second = 289.416
