eval_accuracy = 0.5794000029563904
eval_loss = 1.0169886350631714
eval_mae = 0.4834
eval_runtime = 17.1176
eval_samples_per_second = 292.097
