eval_accuracy = 0.5482000112533569
eval_loss = 1.1466606855392456
eval_mae = 0.5828
eval_runtime = 18.0275
eval_samples_per_second = 277.354
