eval_accuracy = 0.5803999900817871
eval_loss = 1.011825442314148
eval_mae = 0.4814
eval_runtime = 17.4114
eval_samples_per_second = 287.169
