eval_accuracy = 0.48080000281333923
eval_loss = 1.3546010255813599
eval_mae = 0.674
eval_runtime = 18.135
eval_samples_per_second = 275.71
