eval_accuracy = 0.5564000010490417
eval_loss = 1.0671696662902832
eval_mae = 0.5224
eval_runtime = 17.7433
eval_samples_per_second = 281.796
