eval_accuracy = 0.5559999942779541
eval_loss = 1.0249450206756592
eval_mae = 0.5348
eval_runtime = 17.2441
eval_samples_per_second = 289.954
