eval_accuracy = 0.5809999704360962
eval_loss = 1.0113431215286255
eval_mae = 0.4808
eval_runtime = 17.5545
eval_samples_per_second = 284.828
