eval_accuracy = 0.4413999915122986
eval_loss = 1.439237356185913
eval_mae = 0.723
eval_runtime = 19.0692
eval_samples_per_second = 262.203
