eval_accuracy = 0.48240000009536743
eval_loss = 1.3535410165786743
eval_mae = 0.672
eval_runtime = 22.1087
eval_samples_per_second = 226.155
