eval_accuracy = 0.49900001287460327
eval_loss = 1.185492753982544
eval_mae = 0.5968
eval_runtime = 16.7539
eval_samples_per_second = 298.437
