eval_accuracy = 0.6003999710083008
eval_loss = 0.933888852596283
eval_mae = 0.455
eval_runtime = 15.9815
eval_samples_per_second = 312.862
