eval_accuracy = 0.5898000001907349
eval_loss = 0.9483890533447266
eval_mae = 0.4638
eval_runtime = 17.2794
eval_samples_per_second = 289.361
