eval_accuracy = 0.46700000762939453
eval_loss = 1.3395464420318604
eval_mae = 0.6896
eval_runtime = 24.1055
eval_samples_per_second = 207.422
