eval_accuracy = 0.5573999881744385
eval_loss = 1.0627095699310303
eval_mae = 0.5218
eval_runtime = 18.3332
eval_samples_per_second = 272.729
