eval_accuracy = 0.508400022983551
eval_loss = 1.2303847074508667
eval_mae = 0.6192
eval_runtime = 18.6788
eval_samples_per_second = 267.682
