eval_accuracy = 0.5275999903678894
eval_loss = 1.0549046993255615
eval_mae = 0.5706
eval_runtime = 16.8296
eval_samples_per_second = 297.095
