eval_accuracy = 0.5636000037193298
eval_loss = 1.015418291091919
eval_mae = 0.5108
eval_runtime = 16.5239
eval_samples_per_second = 302.592
