eval_accuracy = 0.4392000138759613
eval_loss = 1.442475438117981
eval_mae = 0.7296
eval_runtime = 20.4576
eval_samples_per_second = 244.408
