eval_accuracy = 0.574400007724762
eval_loss = 1.0859365463256836
eval_mae = 0.5112
eval_runtime = 16.287
eval_samples_per_second = 306.993
