eval_accuracy = 0.5023999810218811
eval_loss = 1.2411595582962036
eval_mae = 0.5912
eval_runtime = 29.5992
eval_samples_per_second = 168.924
