eval_accuracy = 0.590399980545044
eval_loss = 0.9464201331138611
eval_mae = 0.4622
eval_runtime = 16.6791
eval_samples_per_second = 299.777
