eval_accuracy = 0.5460000038146973
eval_loss = 1.1457014083862305
eval_mae = 0.585
eval_runtime = 17.4418
eval_samples_per_second = 286.667
