eval_accuracy = 0.4733999967575073
eval_loss = 1.3480945825576782
eval_mae = 0.6886
eval_runtime = 17.5096
eval_samples_per_second = 285.557
