eval_accuracy = 0.5712000131607056
eval_loss = 0.9898589849472046
eval_mae = 0.507
eval_runtime = 17.0931
eval_samples_per_second = 292.516
