eval_accuracy = 0.5722000002861023
eval_loss = 0.99078369140625
eval_mae = 0.505
eval_runtime = 16.1384
eval_samples_per_second = 309.82
