eval_accuracy = 0.5012000203132629
eval_loss = 1.2266148328781128
eval_mae = 0.6016
eval_runtime = 18.3855
eval_samples_per_second = 271.953
