eval_accuracy = 0.438400000333786
eval_loss = 1.4455633163452148
eval_mae = 0.7306
eval_runtime = 18.8739
eval_samples_per_second = 264.916
