eval_accuracy = 0.5928000211715698
eval_loss = 0.9611314535140991
eval_mae = 0.4834
eval_runtime = 17.5162
eval_samples_per_second = 285.45
