eval_accuracy = 0.5609999895095825
eval_loss = 1.0455656051635742
eval_mae = 0.5082
eval_runtime = 18.1639
eval_samples_per_second = 275.272
