eval_accuracy = 0.5475999712944031
eval_loss = 1.0875641107559204
eval_mae = 0.541
eval_runtime = 17.7828
eval_samples_per_second = 281.171
