eval_accuracy = 0.4675999879837036
eval_loss = 1.2967559099197388
eval_mae = 0.6818
eval_runtime = 34.7735
eval_samples_per_second = 143.788
