eval_accuracy = 0.5464000105857849
eval_loss = 1.086142659187317
eval_mae = 0.5428
eval_runtime = 28.0249
eval_samples_per_second = 178.413
