eval_accuracy = 0.5564000010490417
eval_loss = 1.0248366594314575
eval_mae = 0.5346
eval_runtime = 17.2905
eval_samples_per_second = 289.177
