eval_accuracy = 0.5616000294685364
eval_loss = 1.0453530550003052
eval_mae = 0.5078
eval_runtime = 21.2319
eval_samples_per_second = 235.495
