eval_accuracy = 0.621399998664856
eval_loss = 0.9493265748023987
eval_mae = 0.4278
eval_runtime = 17.2845
eval_samples_per_second = 289.276
