eval_accuracy = 0.47540000081062317
eval_loss = 1.343091368675232
eval_mae = 0.6994
eval_runtime = 16.9995
eval_samples_per_second = 294.126
