eval_accuracy = 0.46880000829696655
eval_loss = 1.3366425037384033
eval_mae = 0.6876
eval_runtime = 25.2507
eval_samples_per_second = 198.014
