eval_accuracy = 0.5026000142097473
eval_loss = 1.175575613975525
eval_mae = 0.5906
eval_runtime = 16.8803
eval_samples_per_second = 296.204
