eval_accuracy = 0.5680000185966492
eval_loss = 1.0220047235488892
eval_mae = 0.5122
eval_runtime = 16.4425
eval_samples_per_second = 304.09
