eval_accuracy = 0.5899999737739563
eval_loss = 0.9488829970359802
eval_mae = 0.4642
eval_runtime = 17.2722
eval_samples_per_second = 289.483
