eval_accuracy = 0.5447999835014343
eval_loss = 1.0305378437042236
eval_mae = 0.54
eval_runtime = 17.4189
eval_samples_per_second = 287.045
