eval_accuracy = 0.6363999843597412
eval_loss = 0.8895791172981262
eval_mae = 0.4146
eval_runtime = 18.5571
eval_samples_per_second = 269.439
