eval_accuracy = 0.5766000151634216
eval_loss = 1.00406014919281
eval_mae = 0.4946
eval_runtime = 16.3412
eval_samples_per_second = 305.976
