eval_accuracy = 0.546999990940094
eval_loss = 1.0287834405899048
eval_mae = 0.538
eval_runtime = 17.52
eval_samples_per_second = 285.387
