eval_accuracy = 0.5022000074386597
eval_loss = 1.175968050956726
eval_mae = 0.5926
eval_runtime = 17.3957
eval_samples_per_second = 287.428
