eval_accuracy = 0.5609999895095825
eval_loss = 1.0450286865234375
eval_mae = 0.51
eval_runtime = 18.3529
eval_samples_per_second = 272.436
