eval_accuracy = 0.6190000176429749
eval_loss = 0.94972825050354
eval_mae = 0.4304
eval_runtime = 17.5011
eval_samples_per_second = 285.696
