eval_accuracy = 0.5293999910354614
eval_loss = 1.0530617237091064
eval_mae = 0.5678
eval_runtime = 16.3495
eval_samples_per_second = 305.821
