eval_accuracy = 0.4973999857902527
eval_loss = 1.2379615306854248
eval_mae = 0.6468
eval_runtime = 34.0419
eval_samples_per_second = 146.878
