eval_accuracy = 0.6000000238418579
eval_loss = 0.9556311368942261
eval_mae = 0.4628
eval_runtime = 17.5114
eval_samples_per_second = 285.529
