eval_accuracy = 0.45660001039505005
eval_loss = 1.3692190647125244
eval_mae = 0.7328
eval_runtime = 17.231
eval_samples_per_second = 290.174
