eval_accuracy = 0.5608000159263611
eval_loss = 1.0716451406478882
eval_mae = 0.5264
eval_runtime = 18.235
eval_samples_per_second = 274.197
