eval_accuracy = 0.49720001220703125
eval_loss = 1.2386376857757568
eval_mae = 0.6474
eval_runtime = 17.8456
eval_samples_per_second = 280.182
