eval_accuracy = 0.555400013923645
eval_loss = 1.0253922939300537
eval_mae = 0.5358
eval_runtime = 17.2247
eval_samples_per_second = 290.281
