eval_accuracy = 0.5005999803543091
eval_loss = 1.2278878688812256
eval_mae = 0.602
eval_runtime = 18.482
eval_samples_per_second = 270.533
