eval_accuracy = 0.598800003528595
eval_loss = 0.9555734395980835
eval_mae = 0.4648
eval_runtime = 16.6572
eval_samples_per_second = 300.171
