eval_accuracy = 0.593999981880188
eval_loss = 0.9485732316970825
eval_mae = 0.468
eval_runtime = 19.5403
eval_samples_per_second = 255.881
