eval_accuracy = 0.5558000206947327
eval_loss = 1.080264687538147
eval_mae = 0.565
eval_runtime = 28.961
eval_samples_per_second = 172.646
