eval_accuracy = 0.5461999773979187
eval_loss = 1.089720368385315
eval_mae = 0.5428
eval_runtime = 25.0672
eval_samples_per_second = 199.464
