eval_accuracy = 0.4991999864578247
eval_loss = 1.1551262140274048
eval_mae = 0.5902
eval_runtime = 16.6327
eval_samples_per_second = 300.613
