eval_accuracy = 0.5497999787330627
eval_loss = 1.1450823545455933
eval_mae = 0.5816
eval_runtime = 17.4182
eval_samples_per_second = 287.056
