eval_accuracy = 0.4569999873638153
eval_loss = 1.369502305984497
eval_mae = 0.7318
eval_runtime = 16.4175
eval_samples_per_second = 304.553
