eval_accuracy = 0.5722000002861023
eval_loss = 0.990393340587616
eval_mae = 0.5068
eval_runtime = 16.9558
eval_samples_per_second = 294.885
