eval_accuracy = 0.5586000084877014
eval_loss = 1.0791352987289429
eval_mae = 0.5308
eval_runtime = 18.2639
eval_samples_per_second = 273.764
