eval_accuracy = 0.4702000021934509
eval_loss = 1.3442261219024658
eval_mae = 0.6918
eval_runtime = 17.3451
eval_samples_per_second = 288.266
