eval_accuracy = 0.5027999877929688
eval_loss = 1.174814224243164
eval_mae = 0.591
eval_runtime = 16.5602
eval_samples_per_second = 301.93
