eval_accuracy = 0.5914000272750854
eval_loss = 0.9562662243843079
eval_mae = 0.4638
eval_runtime = 16.5853
eval_samples_per_second = 301.471
