eval_accuracy = 0.5943999886512756
eval_loss = 0.9463865160942078
eval_mae = 0.4682
eval_runtime = 18.9456
eval_samples_per_second = 263.913
