eval_accuracy = 0.43639999628067017
eval_loss = 1.4480706453323364
eval_mae = 0.7336
eval_runtime = 19.5035
eval_samples_per_second = 256.364
