eval_accuracy = 0.6074000000953674
eval_loss = 0.949746310710907
eval_mae = 0.4486
eval_runtime = 18.542
eval_samples_per_second = 269.658
