eval_accuracy = 0.5587999820709229
eval_loss = 1.0778179168701172
eval_mae = 0.5598
eval_runtime = 18.5003
eval_samples_per_second = 270.265
