eval_accuracy = 0.5717999935150146
eval_loss = 0.9906904101371765
eval_mae = 0.5062
eval_runtime = 16.1423
eval_samples_per_second = 309.744
