eval_accuracy = 0.6223999857902527
eval_loss = 0.9506028294563293
eval_mae = 0.4272
eval_runtime = 17.4762
eval_samples_per_second = 286.104
