eval_accuracy = 0.5618000030517578
eval_loss = 1.0164403915405273
eval_mae = 0.5116
eval_runtime = 16.9951
eval_samples_per_second = 294.202
