eval_accuracy = 0.48339998722076416
eval_loss = 1.354265809059143
eval_mae = 0.6706
eval_runtime = 18.0615
eval_samples_per_second = 276.832
