eval_accuracy = 0.4397999942302704
eval_loss = 1.4372341632843018
eval_mae = 0.728
eval_runtime = 18.8791
eval_samples_per_second = 264.844
