eval_accuracy = 0.5432000160217285
eval_loss = 1.0324718952178955
eval_mae = 0.5394
eval_runtime = 16.7338
eval_samples_per_second = 298.796
