eval_accuracy = 0.45579999685287476
eval_loss = 1.3679713010787964
eval_mae = 0.7336
eval_runtime = 17.3261
eval_samples_per_second = 288.581
