eval_accuracy = 0.5558000206947327
eval_loss = 1.0798648595809937
eval_mae = 0.5654
eval_runtime = 27.6091
eval_samples_per_second = 181.099
