eval_accuracy = 0.5479999780654907
eval_loss = 1.0861246585845947
eval_mae = 0.5408
eval_runtime = 28.6578
eval_samples_per_second = 174.473
