eval_accuracy = 0.5576000213623047
eval_loss = 1.0627979040145874
eval_mae = 0.5218
eval_runtime = 18.3053
eval_samples_per_second = 273.144
