eval_accuracy = 0.6366000175476074
eval_loss = 0.8895924091339111
eval_mae = 0.4144
eval_runtime = 19.2492
eval_samples_per_second = 259.751
