eval_accuracy = 0.5582000017166138
eval_loss = 1.0800281763076782
eval_mae = 0.5626
eval_runtime = 20.4745
eval_samples_per_second = 244.206
