eval_accuracy = 0.5709999799728394
eval_loss = 0.9907610416412354
eval_mae = 0.5076
eval_runtime = 16.1765
eval_samples_per_second = 309.09
