eval_accuracy = 0.4742000102996826
eval_loss = 1.3435654640197754
eval_mae = 0.6898
eval_runtime = 17.3096
eval_samples_per_second = 288.857
