eval_accuracy = 0.45820000767707825
eval_loss = 1.366706371307373
eval_mae = 0.7312
eval_runtime = 16.782
eval_samples_per_second = 297.938
