eval_accuracy = 0.5027999877929688
eval_loss = 1.175250768661499
eval_mae = 0.5924
eval_runtime = 17.3346
eval_samples_per_second = 288.44
