eval_accuracy = 0.5753999948501587
eval_loss = 1.084567904472351
eval_mae = 0.5106
eval_runtime = 16.447
eval_samples_per_second = 304.007
