eval_accuracy = 0.600600004196167
eval_loss = 0.9356759786605835
eval_mae = 0.456
eval_runtime = 26.013
eval_samples_per_second = 192.212
