eval_accuracy = 0.6061999797821045
eval_loss = 0.9452018737792969
eval_mae = 0.456
eval_runtime = 17.2253
eval_samples_per_second = 290.271
