eval_accuracy = 0.579800009727478
eval_loss = 1.0173991918563843
eval_mae = 0.4826
eval_runtime = 17.4302
eval_samples_per_second = 286.858
