eval_accuracy = 0.5601999759674072
eval_loss = 1.0475590229034424
eval_mae = 0.509
eval_runtime = 20.7844
eval_samples_per_second = 240.565
