eval_accuracy = 0.4812000095844269
eval_loss = 1.3923869132995605
eval_mae = 0.6734
eval_runtime = 19.424
eval_samples_per_second = 257.413
