eval_accuracy = 0.5555999875068665
eval_loss = 1.0635302066802979
eval_mae = 0.5224
eval_runtime = 18.3261
eval_samples_per_second = 272.835
