eval_accuracy = 0.4968000054359436
eval_loss = 1.238908290863037
eval_mae = 0.6482
eval_runtime = 21.952
eval_samples_per_second = 227.769
