eval_accuracy = 0.6000000238418579
eval_loss = 0.9552702903747559
eval_mae = 0.4622
eval_runtime = 16.7354
eval_samples_per_second = 298.767
