eval_accuracy = 0.5645999908447266
eval_loss = 1.0135531425476074
eval_mae = 0.5076
eval_runtime = 17.0404
eval_samples_per_second = 293.42
