eval_accuracy = 0.5813999772071838
eval_loss = 0.97910475730896
eval_mae = 0.4888
eval_runtime = 17.3191
eval_samples_per_second = 288.699
