eval_accuracy = 0.5767999887466431
eval_loss = 1.0061242580413818
eval_mae = 0.4946
eval_runtime = 17.4334
eval_samples_per_second = 286.806
