eval_accuracy = 0.5888000130653381
eval_loss = 0.9496964812278748
eval_mae = 0.4648
eval_runtime = 17.3054
eval_samples_per_second = 288.928
