eval_accuracy = 0.4713999927043915
eval_loss = 1.3476017713546753
eval_mae = 0.6902
eval_runtime = 16.7125
eval_samples_per_second = 299.177
