eval_accuracy = 0.5708000063896179
eval_loss = 0.9906850457191467
eval_mae = 0.508
eval_runtime = 16.9563
eval_samples_per_second = 294.876
