eval_accuracy = 0.5478000044822693
eval_loss = 1.0859310626983643
eval_mae = 0.5412
eval_runtime = 18.5107
eval_samples_per_second = 270.114
