eval_accuracy = 0.5026000142097473
eval_loss = 1.1771067380905151
eval_mae = 0.5912
eval_runtime = 17.3644
eval_samples_per_second = 287.946
