eval_accuracy = 0.6047999858856201
eval_loss = 0.9464465975761414
eval_mae = 0.4574
eval_runtime = 17.4188
eval_samples_per_second = 287.046
