eval_accuracy = 0.5558000206947327
eval_loss = 1.062656283378601
eval_mae = 0.5236
eval_runtime = 18.3462
eval_samples_per_second = 272.537
