eval_accuracy = 0.5705999732017517
eval_loss = 0.9928189516067505
eval_mae = 0.508
eval_runtime = 16.9901
eval_samples_per_second = 294.29
