eval_accuracy = 0.5454000234603882
eval_loss = 1.0299203395843506
eval_mae = 0.5396
eval_runtime = 16.5245
eval_samples_per_second = 302.581
