eval_accuracy = 0.605400025844574
eval_loss = 0.9457863569259644
eval_mae = 0.456
eval_runtime = 16.4124
eval_samples_per_second = 304.648
