eval_accuracy = 0.6064000129699707
eval_loss = 0.9455967545509338
eval_mae = 0.455
eval_runtime = 17.25
eval_samples_per_second = 289.856
