eval_accuracy = 0.5795999765396118
eval_loss = 1.0117007493972778
eval_mae = 0.4824
eval_runtime = 17.4208
eval_samples_per_second = 287.013
