eval_accuracy = 0.5699999928474426
eval_loss = 1.0209389925003052
eval_mae = 0.5088
eval_runtime = 16.6344
eval_samples_per_second = 300.582
