eval_accuracy = 0.5577999949455261
eval_loss = 1.0587785243988037
eval_mae = 0.5214
eval_runtime = 18.4439
eval_samples_per_second = 271.092
