eval_accuracy = 0.43959999084472656
eval_loss = 1.4429681301116943
eval_mae = 0.7294
eval_runtime = 25.0909
eval_samples_per_second = 199.275
