eval_accuracy = 0.5821999907493591
eval_loss = 0.9787219762802124
eval_mae = 0.488
eval_runtime = 17.3677
eval_samples_per_second = 287.891
