eval_accuracy = 0.5558000206947327
eval_loss = 1.0801739692687988
eval_mae = 0.5654
eval_runtime = 18.4621
eval_samples_per_second = 270.826
