eval_accuracy = 0.5565999746322632
eval_loss = 1.060484528541565
eval_mae = 0.522
eval_runtime = 17.9893
eval_samples_per_second = 277.942
