eval_accuracy = 0.5031999945640564
eval_loss = 1.2330083847045898
eval_mae = 0.6296
eval_runtime = 24.9976
eval_samples_per_second = 200.019
