eval_accuracy = 0.4745999872684479
eval_loss = 1.341749906539917
eval_mae = 0.6968
eval_runtime = 16.9788
eval_samples_per_second = 294.485
