eval_accuracy = 0.5565999746322632
eval_loss = 1.079847812652588
eval_mae = 0.5642
eval_runtime = 23.3596
eval_samples_per_second = 214.044
