eval_accuracy = 0.5985999703407288
eval_loss = 0.9558818340301514
eval_mae = 0.4652
eval_runtime = 17.3254
eval_samples_per_second = 288.593
