eval_accuracy = 0.4837999939918518
eval_loss = 1.355154037475586
eval_mae = 0.6706
eval_runtime = 18.9128
eval_samples_per_second = 264.372
