eval_accuracy = 0.5812000036239624
eval_loss = 1.0199857950210571
eval_mae = 0.4808
eval_runtime = 16.8289
eval_samples_per_second = 297.109
