eval_accuracy = 0.5655999779701233
eval_loss = 1.0143473148345947
eval_mae = 0.5072
eval_runtime = 17.0001
eval_samples_per_second = 294.116
