eval_accuracy = 0.43939998745918274
eval_loss = 1.4399406909942627
eval_mae = 0.7296
eval_runtime = 36.5073
eval_samples_per_second = 136.959
