eval_accuracy = 0.5989999771118164
eval_loss = 0.955193281173706
eval_mae = 0.4646
eval_runtime = 16.7268
eval_samples_per_second = 298.921
