eval_accuracy = 0.5705999732017517
eval_loss = 0.9909882545471191
eval_mae = 0.5072
eval_runtime = 16.19
eval_samples_per_second = 308.832
