eval_accuracy = 0.5031999945640564
eval_loss = 1.1772339344024658
eval_mae = 0.5912
eval_runtime = 17.3355
eval_samples_per_second = 288.426
