eval_accuracy = 0.5745999813079834
eval_loss = 1.0058205127716064
eval_mae = 0.4974
eval_runtime = 16.392
eval_samples_per_second = 305.027
