eval_accuracy = 0.6186000108718872
eval_loss = 0.9519619345664978
eval_mae = 0.432
eval_runtime = 17.4308
eval_samples_per_second = 286.849
