eval_accuracy = 0.5985999703407288
eval_loss = 0.956250786781311
eval_mae = 0.4644
eval_runtime = 17.3122
eval_samples_per_second = 288.814
