eval_accuracy = 0.579800009727478
eval_loss = 1.0176658630371094
eval_mae = 0.4822
eval_runtime = 17.4821
eval_samples_per_second = 286.008
