eval_accuracy = 0.4675999879837036
eval_loss = 1.296798586845398
eval_mae = 0.6818
eval_runtime = 27.0525
eval_samples_per_second = 184.826
