eval_accuracy = 0.5902000069618225
eval_loss = 0.949164628982544
eval_mae = 0.4638
eval_runtime = 17.1776
eval_samples_per_second = 291.076
