eval_accuracy = 0.4805999994277954
eval_loss = 1.3919451236724854
eval_mae = 0.6742
eval_runtime = 20.0215
eval_samples_per_second = 249.732
