eval_accuracy = 0.4675999879837036
eval_loss = 1.2971863746643066
eval_mae = 0.6822
eval_runtime = 20.6414
eval_samples_per_second = 242.231
