eval_accuracy = 0.5917999744415283
eval_loss = 0.949088454246521
eval_mae = 0.4704
eval_runtime = 19.2476
eval_samples_per_second = 259.772
