eval_accuracy = 0.4997999966144562
eval_loss = 1.2419570684432983
eval_mae = 0.5956
eval_runtime = 20.2777
eval_samples_per_second = 246.576
