eval_accuracy = 0.5473999977111816
eval_loss = 1.0879945755004883
eval_mae = 0.5414
eval_runtime = 21.8522
eval_samples_per_second = 228.81
