eval_accuracy = 0.574999988079071
eval_loss = 1.0842607021331787
eval_mae = 0.511
eval_runtime = 17.0078
eval_samples_per_second = 293.983
