eval_accuracy = 0.5924000144004822
eval_loss = 0.9476211071014404
eval_mae = 0.4706
eval_runtime = 21.0879
eval_samples_per_second = 237.103
