eval_accuracy = 0.5803999900817871
eval_loss = 1.0169934034347534
eval_mae = 0.4818
eval_runtime = 17.443
eval_samples_per_second = 286.648
