eval_accuracy = 0.5001999735832214
eval_loss = 1.2423475980758667
eval_mae = 0.5952
eval_runtime = 19.816
eval_samples_per_second = 252.321
