eval_accuracy = 0.45879998803138733
eval_loss = 1.3666471242904663
eval_mae = 0.731
eval_runtime = 16.8183
eval_samples_per_second = 297.294
