eval_accuracy = 0.47540000081062317
eval_loss = 1.3433213233947754
eval_mae = 0.694
eval_runtime = 16.3209
eval_samples_per_second = 306.356
