eval_accuracy = 0.4722000062465668
eval_loss = 1.3466206789016724
eval_mae = 0.6994
eval_runtime = 16.3839
eval_samples_per_second = 305.178
