eval_accuracy = 0.4984000027179718
eval_loss = 1.2364691495895386
eval_mae = 0.6058
eval_runtime = 18.3731
eval_samples_per_second = 272.137
