eval_accuracy = 0.599399983882904
eval_loss = 0.9544858336448669
eval_mae = 0.4642
eval_runtime = 17.3067
eval_samples_per_second = 288.905
