eval_accuracy = 0.6363999843597412
eval_loss = 0.8887814283370972
eval_mae = 0.416
eval_runtime = 29.0605
eval_samples_per_second = 172.055
