eval_accuracy = 0.5483999848365784
eval_loss = 1.1475688219070435
eval_mae = 0.5832
eval_runtime = 17.472
eval_samples_per_second = 286.173
