eval_accuracy = 0.45840001106262207
eval_loss = 1.3672226667404175
eval_mae = 0.7314
eval_runtime = 16.7635
eval_samples_per_second = 298.267
