eval_accuracy = 0.5586000084877014
eval_loss = 1.0786117315292358
eval_mae = 0.5306
eval_runtime = 19.2519
eval_samples_per_second = 259.714
