eval_accuracy = 0.4742000102996826
eval_loss = 1.3425593376159668
eval_mae = 0.697
eval_runtime = 16.1856
eval_samples_per_second = 308.917
