eval_accuracy = 0.5275999903678894
eval_loss = 1.0528013706207275
eval_mae = 0.5686
eval_runtime = 16.6578
eval_samples_per_second = 300.159
