eval_accuracy = 0.4763999879360199
eval_loss = 1.3756639957427979
eval_mae = 0.677
eval_runtime = 23.7394
eval_samples_per_second = 210.621
