eval_accuracy = 0.4399999976158142
eval_loss = 1.4428448677062988
eval_mae = 0.729
eval_runtime = 28.8151
eval_samples_per_second = 173.52
