eval_accuracy = 0.5920000076293945
eval_loss = 0.9475849866867065
eval_mae = 0.4706
eval_runtime = 29.0967
eval_samples_per_second = 171.841
