eval_accuracy = 0.5812000036239624
eval_loss = 1.0097182989120483
eval_mae = 0.4814
eval_runtime = 16.9834
eval_samples_per_second = 294.405
