eval_accuracy = 0.5491999983787537
eval_loss = 1.1479620933532715
eval_mae = 0.5812
eval_runtime = 17.5958
eval_samples_per_second = 284.158
