eval_accuracy = 0.4690000116825104
eval_loss = 1.3321818113327026
eval_mae = 0.6894
eval_runtime = 22.2674
eval_samples_per_second = 224.544
