eval_accuracy = 0.5812000036239624
eval_loss = 1.0186128616333008
eval_mae = 0.4938
eval_runtime = 22.4757
eval_samples_per_second = 222.463
