eval_accuracy = 0.5759999752044678
eval_loss = 1.0058703422546387
eval_mae = 0.4956
eval_runtime = 17.2577
eval_samples_per_second = 289.726
