eval_accuracy = 0.4713999927043915
eval_loss = 1.3483524322509766
eval_mae = 0.691
eval_runtime = 17.4673
eval_samples_per_second = 286.25
