eval_accuracy = 0.5270000100135803
eval_loss = 1.0536668300628662
eval_mae = 0.57
eval_runtime = 16.362
eval_samples_per_second = 305.586
