eval_accuracy = 0.5929999947547913
eval_loss = 0.9609051942825317
eval_mae = 0.483
eval_runtime = 17.3206
eval_samples_per_second = 288.674
