eval_accuracy = 0.5587999820709229
eval_loss = 1.0786173343658447
eval_mae = 0.5304
eval_runtime = 34.0163
eval_samples_per_second = 146.988
