eval_accuracy = 0.6065999865531921
eval_loss = 0.9494124054908752
eval_mae = 0.4496
eval_runtime = 18.4934
eval_samples_per_second = 270.367
