eval_accuracy = 0.592199981212616
eval_loss = 0.9475488066673279
eval_mae = 0.4704
eval_runtime = 19.1679
eval_samples_per_second = 260.853
