eval_accuracy = 0.5012000203132629
eval_loss = 1.2439266443252563
eval_mae = 0.5946
eval_runtime = 18.0106
eval_samples_per_second = 277.615
