eval_accuracy = 0.6047999858856201
eval_loss = 0.9451543092727661
eval_mae = 0.457
eval_runtime = 17.4547
eval_samples_per_second = 286.456
