eval_accuracy = 0.5752000212669373
eval_loss = 1.0866820812225342
eval_mae = 0.5094
eval_runtime = 16.493
eval_samples_per_second = 303.16
