eval_accuracy = 0.5460000038146973
eval_loss = 1.0301687717437744
eval_mae = 0.5402
eval_runtime = 16.713
eval_samples_per_second = 299.168
