eval_accuracy = 0.43880000710487366
eval_loss = 1.442836880683899
eval_mae = 0.7304
eval_runtime = 19.1131
eval_samples_per_second = 261.6
