eval_accuracy = 0.5067999958992004
eval_loss = 1.231645941734314
eval_mae = 0.6232
eval_runtime = 19.0861
eval_samples_per_second = 261.971
