eval_accuracy = 0.6018000245094299
eval_loss = 0.9356727600097656
eval_mae = 0.4544
eval_runtime = 16.3367
eval_samples_per_second = 306.06
