eval_accuracy = 0.6011999845504761
eval_loss = 0.9570050835609436
eval_mae = 0.4634
eval_runtime = 17.4863
eval_samples_per_second = 285.937
