eval_accuracy = 0.5569999814033508
eval_loss = 1.0836759805679321
eval_mae = 0.5336
eval_runtime = 20.1859
eval_samples_per_second = 247.698
