eval_accuracy = 0.5898000001907349
eval_loss = 0.949292778968811
eval_mae = 0.4638
eval_runtime = 17.154
eval_samples_per_second = 291.477
