eval_accuracy = 0.5573999881744385
eval_loss = 1.0794955492019653
eval_mae = 0.5314
eval_runtime = 34.0902
eval_samples_per_second = 146.67
