eval_accuracy = 0.6209999918937683
eval_loss = 0.9512357711791992
eval_mae = 0.4286
eval_runtime = 16.807
eval_samples_per_second = 297.495
