eval_accuracy = 0.4729999899864197
eval_loss = 1.3484442234039307
eval_mae = 0.689
eval_runtime = 17.3973
eval_samples_per_second = 287.401
