eval_accuracy = 0.5257999897003174
eval_loss = 1.053519368171692
eval_mae = 0.571
eval_runtime = 17.0568
eval_samples_per_second = 293.139
