eval_accuracy = 0.5601999759674072
eval_loss = 1.0405304431915283
eval_mae = 0.5086
eval_runtime = 18.1342
eval_samples_per_second = 275.722
