eval_accuracy = 0.600600004196167
eval_loss = 0.9356604218482971
eval_mae = 0.4554
eval_runtime = 16.4723
eval_samples_per_second = 303.541
