eval_accuracy = 0.5622000098228455
eval_loss = 1.0452090501785278
eval_mae = 0.5068
eval_runtime = 18.1772
eval_samples_per_second = 275.071
