eval_accuracy = 0.5636000037193298
eval_loss = 1.014521598815918
eval_mae = 0.5094
eval_runtime = 16.9566
eval_samples_per_second = 294.87
