eval_accuracy = 0.5928000211715698
eval_loss = 0.9476738572120667
eval_mae = 0.4704
eval_runtime = 18.3127
eval_samples_per_second = 273.035
