eval_accuracy = 0.5712000131607056
eval_loss = 0.9891392588615417
eval_mae = 0.5058
eval_runtime = 16.1601
eval_samples_per_second = 309.404
