eval_accuracy = 0.5928000211715698
eval_loss = 0.9608870148658752
eval_mae = 0.4832
eval_runtime = 17.3819
eval_samples_per_second = 287.655
