eval_accuracy = 0.6051999926567078
eval_loss = 0.9463362097740173
eval_mae = 0.4562
eval_runtime = 16.3796
eval_samples_per_second = 305.258
