eval_accuracy = 0.5479999780654907
eval_loss = 1.1464656591415405
eval_mae = 0.5822
eval_runtime = 17.414
eval_samples_per_second = 287.126
