eval_accuracy = 0.5766000151634216
eval_loss = 1.0059759616851807
eval_mae = 0.4952
eval_runtime = 16.3603
eval_samples_per_second = 305.617
