eval_accuracy = 0.4713999927043915
eval_loss = 1.3524813652038574
eval_mae = 0.6914
eval_runtime = 17.4303
eval_samples_per_second = 286.856
