eval_accuracy = 0.4586000144481659
eval_loss = 1.3664461374282837
eval_mae = 0.7308
eval_runtime = 16.4556
eval_samples_per_second = 303.848
