eval_accuracy = 0.5699999928474426
eval_loss = 1.0209709405899048
eval_mae = 0.5086
eval_runtime = 16.4534
eval_samples_per_second = 303.888
