eval_accuracy = 0.5564000010490417
eval_loss = 1.0795392990112305
eval_mae = 0.5658
eval_runtime = 18.1369
eval_samples_per_second = 275.682
