eval_accuracy = 0.5583999752998352
eval_loss = 1.0786774158477783
eval_mae = 0.531
eval_runtime = 18.7703
eval_samples_per_second = 266.379
