eval_accuracy = 0.43959999084472656
eval_loss = 1.4422993659973145
eval_mae = 0.7296
eval_runtime = 21.452
eval_samples_per_second = 233.079
