eval_accuracy = 0.6209999918937683
eval_loss = 0.950951099395752
eval_mae = 0.4286
eval_runtime = 17.4581
eval_samples_per_second = 286.399
