eval_accuracy = 0.5636000037193298
eval_loss = 1.0145349502563477
eval_mae = 0.5102
eval_runtime = 16.9994
eval_samples_per_second = 294.128
