eval_accuracy = 0.501800000667572
eval_loss = 1.1766849756240845
eval_mae = 0.593
eval_runtime = 17.3724
eval_samples_per_second = 287.813
