eval_accuracy = 0.4975999891757965
eval_loss = 1.238789439201355
eval_mae = 0.6474
eval_runtime = 25.0535
eval_samples_per_second = 199.573
