eval_accuracy = 0.503000020980835
eval_loss = 1.1763330698013306
eval_mae = 0.5918
eval_runtime = 17.407
eval_samples_per_second = 287.241
