eval_accuracy = 0.5925999879837036
eval_loss = 0.9485164284706116
eval_mae = 0.4602
eval_runtime = 16.5262
eval_samples_per_second = 302.55
