eval_accuracy = 0.5613999962806702
eval_loss = 1.0467884540557861
eval_mae = 0.5086
eval_runtime = 20.8763
eval_samples_per_second = 239.506
