eval_accuracy = 0.5550000071525574
eval_loss = 1.02517831325531
eval_mae = 0.5358
eval_runtime = 17.3499
eval_samples_per_second = 288.185
