eval_accuracy = 0.4957999885082245
eval_loss = 1.242158055305481
eval_mae = 0.6492
eval_runtime = 19.4674
eval_samples_per_second = 256.839
