eval_accuracy = 0.5799999833106995
eval_loss = 1.016974687576294
eval_mae = 0.4822
eval_runtime = 17.4523
eval_samples_per_second = 286.495
