eval_accuracy = 0.5027999877929688
eval_loss = 1.1784907579421997
eval_mae = 0.5922
eval_runtime = 17.2925
eval_samples_per_second = 289.143
