eval_accuracy = 0.5795999765396118
eval_loss = 1.014257550239563
eval_mae = 0.4952
eval_runtime = 20.4543
eval_samples_per_second = 244.448
