eval_accuracy = 0.5928000211715698
eval_loss = 1.0061408281326294
eval_mae = 0.4684
eval_runtime = 17.0869
eval_samples_per_second = 292.621
