eval_accuracy = 0.5486000180244446
eval_loss = 1.1512491703033447
eval_mae = 0.5804
eval_runtime = 17.4598
eval_samples_per_second = 286.371
