eval_accuracy = 0.45719999074935913
eval_loss = 1.3670564889907837
eval_mae = 0.7328
eval_runtime = 16.4477
eval_samples_per_second = 303.994
