eval_accuracy = 0.6007999777793884
eval_loss = 0.9549375176429749
eval_mae = 0.4622
eval_runtime = 16.6456
eval_samples_per_second = 300.379
