eval_accuracy = 0.6051999926567078
eval_loss = 0.9455900192260742
eval_mae = 0.4562
eval_runtime = 17.1382
eval_samples_per_second = 291.745
