eval_accuracy = 0.5440000295639038
eval_loss = 1.0301854610443115
eval_mae = 0.5442
eval_runtime = 16.487
eval_samples_per_second = 303.27
