eval_accuracy = 0.5794000029563904
eval_loss = 1.0167161226272583
eval_mae = 0.4948
eval_runtime = 18.7507
eval_samples_per_second = 266.656
