eval_accuracy = 0.5562000274658203
eval_loss = 1.0803990364074707
eval_mae = 0.5652
eval_runtime = 24.0977
eval_samples_per_second = 207.489
