eval_accuracy = 0.5809999704360962
eval_loss = 1.0186570882797241
eval_mae = 0.494
eval_runtime = 19.808
eval_samples_per_second = 252.423
