eval_accuracy = 0.5812000036239624
eval_loss = 1.0186699628829956
eval_mae = 0.4938
eval_runtime = 24.1154
eval_samples_per_second = 207.337
