eval_accuracy = 0.6204000115394592
eval_loss = 0.9507588148117065
eval_mae = 0.4292
eval_runtime = 17.3879
eval_samples_per_second = 287.557
