eval_accuracy = 0.6057999730110168
eval_loss = 0.945835530757904
eval_mae = 0.456
eval_runtime = 17.2283
eval_samples_per_second = 290.22
