eval_accuracy = 0.579200029373169
eval_loss = 1.0113980770111084
eval_mae = 0.4826
eval_runtime = 17.5672
eval_samples_per_second = 284.621
