eval_accuracy = 0.4717999994754791
eval_loss = 1.3499703407287598
eval_mae = 0.6908
eval_runtime = 17.2867
eval_samples_per_second = 289.24
