eval_accuracy = 0.5045999884605408
eval_loss = 1.1775521039962769
eval_mae = 0.59
eval_runtime = 17.5297
eval_samples_per_second = 285.231
