eval_accuracy = 0.5934000015258789
eval_loss = 1.005961298942566
eval_mae = 0.4688
eval_runtime = 17.2274
eval_samples_per_second = 290.235
