eval_accuracy = 0.5920000076293945
eval_loss = 0.961135745048523
eval_mae = 0.4846
eval_runtime = 17.3345
eval_samples_per_second = 288.443
