eval_accuracy = 0.5934000015258789
eval_loss = 0.9606017470359802
eval_mae = 0.4834
eval_runtime = 17.3722
eval_samples_per_second = 287.815
