eval_accuracy = 0.6043999791145325
eval_loss = 0.9452844858169556
eval_mae = 0.4566
eval_runtime = 17.2847
eval_samples_per_second = 289.273
