eval_accuracy = 0.5809999704360962
eval_loss = 1.0185840129852295
eval_mae = 0.4938
eval_runtime = 22.0179
eval_samples_per_second = 227.088
