eval_accuracy = 0.5644000172615051
eval_loss = 1.0146948099136353
eval_mae = 0.5078
eval_runtime = 16.3264
eval_samples_per_second = 306.252
