eval_accuracy = 0.5741999745368958
eval_loss = 1.0064371824264526
eval_mae = 0.4974
eval_runtime = 16.6659
eval_samples_per_second = 300.013
