eval_accuracy = 0.6212000250816345
eval_loss = 0.9506930708885193
eval_mae = 0.428
eval_runtime = 17.6774
eval_samples_per_second = 282.847
