eval_accuracy = 0.5830000042915344
eval_loss = 0.9781587719917297
eval_mae = 0.4868
eval_runtime = 16.6637
eval_samples_per_second = 300.053
