eval_accuracy = 0.5709999799728394
eval_loss = 0.9909184575080872
eval_mae = 0.5074
eval_runtime = 16.6177
eval_samples_per_second = 300.884
