eval_accuracy = 0.5072000026702881
eval_loss = 1.228989601135254
eval_mae = 0.62
eval_runtime = 35.5503
eval_samples_per_second = 140.646
