eval_accuracy = 0.5802000164985657
eval_loss = 1.021421194076538
eval_mae = 0.4958
eval_runtime = 24.2827
eval_samples_per_second = 205.908
