eval_accuracy = 0.47600001096725464
eval_loss = 1.34312903881073
eval_mae = 0.6934
eval_runtime = 16.2663
eval_samples_per_second = 307.384
