eval_accuracy = 0.5460000038146973
eval_loss = 1.0296630859375
eval_mae = 0.5388
eval_runtime = 16.8674
eval_samples_per_second = 296.429
