eval_accuracy = 0.576200008392334
eval_loss = 1.0848520994186401
eval_mae = 0.5092
eval_runtime = 17.2112
eval_samples_per_second = 290.508
