eval_accuracy = 0.5806000232696533
eval_loss = 0.9787594676017761
eval_mae = 0.4888
eval_runtime = 17.3749
eval_samples_per_second = 287.772
