eval_accuracy = 0.5763999819755554
eval_loss = 1.0056414604187012
eval_mae = 0.4954
eval_runtime = 16.5064
eval_samples_per_second = 302.913
