eval_accuracy = 0.4991999864578247
eval_loss = 1.2415627241134644
eval_mae = 0.5966
eval_runtime = 19.7718
eval_samples_per_second = 252.885
