eval_accuracy = 0.5820000171661377
eval_loss = 0.9781600832939148
eval_mae = 0.488
eval_runtime = 17.3385
eval_samples_per_second = 288.375
