eval_accuracy = 0.5907999873161316
eval_loss = 0.9491626024246216
eval_mae = 0.4626
eval_runtime = 17.3776
eval_samples_per_second = 287.727
