eval_accuracy = 0.6363999843597412
eval_loss = 0.889580249786377
eval_mae = 0.4146
eval_runtime = 18.7958
eval_samples_per_second = 266.017
