eval_accuracy = 0.5694000124931335
eval_loss = 1.0217925310134888
eval_mae = 0.5092
eval_runtime = 17.2328
eval_samples_per_second = 290.144
