eval_accuracy = 0.5702000260353088
eval_loss = 1.0201627016067505
eval_mae = 0.508
eval_runtime = 17.3504
eval_samples_per_second = 288.178
