eval_accuracy = 0.603600025177002
eval_loss = 0.9462659955024719
eval_mae = 0.4584
eval_runtime = 17.4271
eval_samples_per_second = 286.91
