eval_accuracy = 0.5644000172615051
eval_loss = 1.0145914554595947
eval_mae = 0.5078
eval_runtime = 17.3898
eval_samples_per_second = 287.525
