eval_accuracy = 0.503000020980835
eval_loss = 1.1765897274017334
eval_mae = 0.5924
eval_runtime = 17.4078
eval_samples_per_second = 287.227
