eval_accuracy = 0.5752000212669373
eval_loss = 1.0863159894943237
eval_mae = 0.5094
eval_runtime = 16.1595
eval_samples_per_second = 309.415
