eval_accuracy = 0.5934000015258789
eval_loss = 1.005979299545288
eval_mae = 0.469
eval_runtime = 17.2419
eval_samples_per_second = 289.992
