eval_accuracy = 0.5752000212669373
eval_loss = 1.0843464136123657
eval_mae = 0.51
eval_runtime = 16.4559
eval_samples_per_second = 303.843
