eval_accuracy = 0.5789999961853027
eval_loss = 1.01802396774292
eval_mae = 0.4832
eval_runtime = 16.8853
eval_samples_per_second = 296.116
