eval_accuracy = 0.6011999845504761
eval_loss = 0.9463172554969788
eval_mae = 0.4596
eval_runtime = 17.2241
eval_samples_per_second = 290.29
