eval_accuracy = 0.5809999704360962
eval_loss = 1.0098543167114258
eval_mae = 0.4802
eval_runtime = 17.6115
eval_samples_per_second = 283.906
