eval_accuracy = 0.5932000279426575
eval_loss = 0.9605640769004822
eval_mae = 0.4832
eval_runtime = 17.3195
eval_samples_per_second = 288.692
