eval_accuracy = 0.5935999751091003
eval_loss = 0.9476549029350281
eval_mae = 0.4596
eval_runtime = 16.2872
eval_samples_per_second = 306.99
