eval_accuracy = 0.5591999888420105
eval_loss = 1.0786488056182861
eval_mae = 0.53
eval_runtime = 19.1004
eval_samples_per_second = 261.774
