eval_accuracy = 0.5842000246047974
eval_loss = 0.9718230366706848
eval_mae = 0.483
eval_runtime = 16.6798
eval_samples_per_second = 299.763
