eval_accuracy = 0.58160001039505
eval_loss = 0.9784490466117859
eval_mae = 0.4884
eval_runtime = 17.3322
eval_samples_per_second = 288.48
