eval_accuracy = 0.6055999994277954
eval_loss = 0.9461568593978882
eval_mae = 0.456
eval_runtime = 17.4711
eval_samples_per_second = 286.186
