eval_accuracy = 0.5924000144004822
eval_loss = 1.0063813924789429
eval_mae = 0.4692
eval_runtime = 17.5745
eval_samples_per_second = 284.503
