eval_accuracy = 0.5929999947547913
eval_loss = 1.006449580192566
eval_mae = 0.4684
eval_runtime = 17.1448
eval_samples_per_second = 291.633
