eval_accuracy = 0.5928000211715698
eval_loss = 0.9477522373199463
eval_mae = 0.47
eval_runtime = 19.3947
eval_samples_per_second = 257.803
