eval_accuracy = 0.5562000274658203
eval_loss = 1.0801881551742554
eval_mae = 0.5652
eval_runtime = 33.0684
eval_samples_per_second = 151.202
