eval_accuracy = 0.6046000123023987
eval_loss = 0.9472216963768005
eval_mae = 0.4572
eval_runtime = 17.3243
eval_samples_per_second = 288.612
