eval_accuracy = 0.5727999806404114
eval_loss = 1.0832799673080444
eval_mae = 0.511
eval_runtime = 17.2198
eval_samples_per_second = 290.363
