eval_accuracy = 0.6186000108718872
eval_loss = 0.9500197172164917
eval_mae = 0.4308
eval_runtime = 17.4205
eval_samples_per_second = 287.018
