eval_accuracy = 0.5911999940872192
eval_loss = 0.948997974395752
eval_mae = 0.4616
eval_runtime = 16.2749
eval_samples_per_second = 307.221
