eval_accuracy = 0.6363999843597412
eval_loss = 0.8895124793052673
eval_mae = 0.4154
eval_runtime = 18.8082
eval_samples_per_second = 265.842
