eval_accuracy = 0.4970000088214874
eval_loss = 1.2413257360458374
eval_mae = 0.648
eval_runtime = 19.0547
eval_samples_per_second = 262.403
