eval_accuracy = 0.5490000247955322
eval_loss = 1.146957516670227
eval_mae = 0.5828
eval_runtime = 16.7738
eval_samples_per_second = 298.083
