eval_accuracy = 0.5523999929428101
eval_loss = 1.0252212285995483
eval_mae = 0.5372
eval_runtime = 17.3259
eval_samples_per_second = 288.586
