eval_accuracy = 0.5705999732017517
eval_loss = 0.9906763434410095
eval_mae = 0.507
eval_runtime = 16.2926
eval_samples_per_second = 306.888
