eval_accuracy = 0.5054000020027161
eval_loss = 1.2292735576629639
eval_mae = 0.6226
eval_runtime = 18.9785
eval_samples_per_second = 263.455
