eval_accuracy = 0.4803999960422516
eval_loss = 1.3358445167541504
eval_mae = 0.692
eval_runtime = 16.238
eval_samples_per_second = 307.919
