eval_accuracy = 0.6001999974250793
eval_loss = 0.9561574459075928
eval_mae = 0.4636
eval_runtime = 16.3086
eval_samples_per_second = 306.587
