eval_accuracy = 0.4986000061035156
eval_loss = 1.2290940284729004
eval_mae = 0.6046
eval_runtime = 18.3969
eval_samples_per_second = 271.785
