eval_accuracy = 0.5989999771118164
eval_loss = 0.9558206796646118
eval_mae = 0.4656
eval_runtime = 17.2372
eval_samples_per_second = 290.071
