eval_accuracy = 0.599399983882904
eval_loss = 0.9552130699157715
eval_mae = 0.4636
eval_runtime = 17.2584
eval_samples_per_second = 289.714
