eval_accuracy = 0.47380000352859497
eval_loss = 1.3501168489456177
eval_mae = 0.697
eval_runtime = 16.9915
eval_samples_per_second = 294.265
