eval_accuracy = 0.5637999773025513
eval_loss = 1.0141141414642334
eval_mae = 0.5088
eval_runtime = 16.9623
eval_samples_per_second = 294.771
