eval_accuracy = 0.4844000041484833
eval_loss = 1.3543120622634888
eval_mae = 0.6716
eval_runtime = 17.6632
eval_samples_per_second = 283.074
