eval_accuracy = 0.6057999730110168
eval_loss = 0.9453122019767761
eval_mae = 0.4572
eval_runtime = 17.365
eval_samples_per_second = 287.935
