eval_accuracy = 0.5788000226020813
eval_loss = 1.0170047283172607
eval_mae = 0.4832
eval_runtime = 17.6406
eval_samples_per_second = 283.437
