eval_accuracy = 0.5910000205039978
eval_loss = 0.9613754749298096
eval_mae = 0.4858
eval_runtime = 16.7268
eval_samples_per_second = 298.921
