eval_accuracy = 0.5896000266075134
eval_loss = 0.9492529034614563
eval_mae = 0.464
eval_runtime = 16.7603
eval_samples_per_second = 298.325
