eval_accuracy = 0.5491999983787537
eval_loss = 1.1475908756256104
eval_mae = 0.5818
eval_runtime = 16.7583
eval_samples_per_second = 298.36
