eval_accuracy = 0.4729999899864197
eval_loss = 1.34767484664917
eval_mae = 0.6888
eval_runtime = 16.4587
eval_samples_per_second = 303.791
