eval_accuracy = 0.4691999852657318
eval_loss = 1.2945812940597534
eval_mae = 0.6778
eval_runtime = 24.9044
eval_samples_per_second = 200.768
