eval_accuracy = 0.5004000067710876
eval_loss = 1.2424765825271606
eval_mae = 0.5954
eval_runtime = 29.2613
eval_samples_per_second = 170.874
