eval_accuracy = 0.5582000017166138
eval_loss = 1.0606359243392944
eval_mae = 0.52
eval_runtime = 18.4923
eval_samples_per_second = 270.382
