eval_accuracy = 0.4742000102996826
eval_loss = 1.3466209173202515
eval_mae = 0.6892
eval_runtime = 19.4585
eval_samples_per_second = 256.957
