eval_accuracy = 0.4675999879837036
eval_loss = 1.3403747081756592
eval_mae = 0.69
eval_runtime = 18.8091
eval_samples_per_second = 265.828
