eval_accuracy = 0.4997999966144562
eval_loss = 1.2421104907989502
eval_mae = 0.5958
eval_runtime = 19.2356
eval_samples_per_second = 259.934
