eval_accuracy = 0.5979999899864197
eval_loss = 0.9561045169830322
eval_mae = 0.466
eval_runtime = 17.262
eval_samples_per_second = 289.654
