eval_accuracy = 0.5461999773979187
eval_loss = 1.0292824506759644
eval_mae = 0.5392
eval_runtime = 17.3379
eval_samples_per_second = 288.385
