eval_accuracy = 0.6205999851226807
eval_loss = 0.947014570236206
eval_mae = 0.4278
eval_runtime = 17.4497
eval_samples_per_second = 286.539
