eval_accuracy = 0.46779999136924744
eval_loss = 1.2966185808181763
eval_mae = 0.6818
eval_runtime = 34.4607
eval_samples_per_second = 145.093
