eval_accuracy = 0.5932000279426575
eval_loss = 0.9607686400413513
eval_mae = 0.4824
eval_runtime = 17.4365
eval_samples_per_second = 286.755
