eval_accuracy = 0.5583999752998352
eval_loss = 1.0784708261489868
eval_mae = 0.531
eval_runtime = 25.0843
eval_samples_per_second = 199.328
