eval_accuracy = 0.5785999894142151
eval_loss = 1.0180245637893677
eval_mae = 0.484
eval_runtime = 17.5676
eval_samples_per_second = 284.615
