eval_accuracy = 0.5569999814033508
eval_loss = 1.0635459423065186
eval_mae = 0.5224
eval_runtime = 18.3077
eval_samples_per_second = 273.109
