eval_accuracy = 0.6195999979972839
eval_loss = 0.9501410126686096
eval_mae = 0.4304
eval_runtime = 17.462
eval_samples_per_second = 286.336
