eval_accuracy = 0.5702000260353088
eval_loss = 1.0209949016571045
eval_mae = 0.5076
eval_runtime = 16.4982
eval_samples_per_second = 303.063
