eval_accuracy = 0.4722000062465668
eval_loss = 1.3482718467712402
eval_mae = 0.6902
eval_runtime = 16.4956
eval_samples_per_second = 303.111
