eval_accuracy = 0.45879998803138733
eval_loss = 1.3668360710144043
eval_mae = 0.7308
eval_runtime = 16.7417
eval_samples_per_second = 298.655
