eval_accuracy = 0.5013999938964844
eval_loss = 1.1586527824401855
eval_mae = 0.5896
eval_runtime = 17.3191
eval_samples_per_second = 288.698
