eval_accuracy = 0.43939998745918274
eval_loss = 1.4439250230789185
eval_mae = 0.7298
eval_runtime = 20.8805
eval_samples_per_second = 239.458
