eval_accuracy = 0.5896000266075134
eval_loss = 0.9487310647964478
eval_mae = 0.4642
eval_runtime = 17.3281
eval_samples_per_second = 288.548
