eval_accuracy = 0.5935999751091003
eval_loss = 1.0052297115325928
eval_mae = 0.4678
eval_runtime = 17.1748
eval_samples_per_second = 291.124
