eval_accuracy = 0.6050000190734863
eval_loss = 0.946201741695404
eval_mae = 0.457
eval_runtime = 17.2331
eval_samples_per_second = 290.139
