eval_accuracy = 0.5703999996185303
eval_loss = 0.9907153248786926
eval_mae = 0.5072
eval_runtime = 16.9924
eval_samples_per_second = 294.25
