eval_accuracy = 0.4681999981403351
eval_loss = 1.3389372825622559
eval_mae = 0.6886
eval_runtime = 22.9398
eval_samples_per_second = 217.962
