eval_accuracy = 0.6209999918937683
eval_loss = 0.9514392614364624
eval_mae = 0.4284
eval_runtime = 17.3344
eval_samples_per_second = 288.444
