eval_accuracy = 0.557200014591217
eval_loss = 1.0628323554992676
eval_mae = 0.5204
eval_runtime = 18.4527
eval_samples_per_second = 270.963
