eval_accuracy = 0.501800000667572
eval_loss = 1.176682949066162
eval_mae = 0.5932
eval_runtime = 17.414
eval_samples_per_second = 287.126
