eval_accuracy = 0.5275999903678894
eval_loss = 1.0538921356201172
eval_mae = 0.5694
eval_runtime = 16.3473
eval_samples_per_second = 305.86
