eval_accuracy = 0.5023999810218811
eval_loss = 1.1778404712677002
eval_mae = 0.5934
eval_runtime = 17.4061
eval_samples_per_second = 287.255
