eval_accuracy = 0.5616000294685364
eval_loss = 1.070928931236267
eval_mae = 0.517
eval_runtime = 18.4166
eval_samples_per_second = 271.494
