eval_accuracy = 0.4406000077724457
eval_loss = 1.4406734704971313
eval_mae = 0.7294
eval_runtime = 24.9731
eval_samples_per_second = 200.216
