eval_accuracy = 0.4578000009059906
eval_loss = 1.3697587251663208
eval_mae = 0.7324
eval_runtime = 17.3756
eval_samples_per_second = 287.759
