eval_accuracy = 0.5289999842643738
eval_loss = 1.0540627241134644
eval_mae = 0.5676
eval_runtime = 16.2742
eval_samples_per_second = 307.235
