eval_accuracy = 0.5794000029563904
eval_loss = 1.0115805864334106
eval_mae = 0.4828
eval_runtime = 17.4803
eval_samples_per_second = 286.036
