eval_accuracy = 0.5802000164985657
eval_loss = 1.0180635452270508
eval_mae = 0.4824
eval_runtime = 17.4276
eval_samples_per_second = 286.901
