eval_accuracy = 0.5022000074386597
eval_loss = 1.1794919967651367
eval_mae = 0.5924
eval_runtime = 16.8685
eval_samples_per_second = 296.41
