eval_accuracy = 0.5004000067710876
eval_loss = 1.2420159578323364
eval_mae = 0.595
eval_runtime = 32.5398
eval_samples_per_second = 153.658
