eval_accuracy = 0.621399998664856
eval_loss = 0.9513564705848694
eval_mae = 0.4284
eval_runtime = 17.3405
eval_samples_per_second = 288.343
