eval_accuracy = 0.6021999716758728
eval_loss = 0.9550004005432129
eval_mae = 0.4604
eval_runtime = 17.2301
eval_samples_per_second = 290.191
