eval_accuracy = 0.545199990272522
eval_loss = 1.0318334102630615
eval_mae = 0.5414
eval_runtime = 17.2633
eval_samples_per_second = 289.631
