eval_accuracy = 0.5898000001907349
eval_loss = 0.949414849281311
eval_mae = 0.4634
eval_runtime = 16.5362
eval_samples_per_second = 302.366
