eval_accuracy = 0.6363999843597412
eval_loss = 0.8890908360481262
eval_mae = 0.4148
eval_runtime = 22.3079
eval_samples_per_second = 224.136
