eval_accuracy = 0.5907999873161316
eval_loss = 0.961132824420929
eval_mae = 0.4854
eval_runtime = 17.3916
eval_samples_per_second = 287.496
