eval_accuracy = 0.5027999877929688
eval_loss = 1.2265263795852661
eval_mae = 0.5982
eval_runtime = 18.0771
eval_samples_per_second = 276.593
