eval_accuracy = 0.4643999934196472
eval_loss = 1.3615339994430542
eval_mae = 0.6994
eval_runtime = 17.8213
eval_samples_per_second = 280.564
