eval_accuracy = 0.43959999084472656
eval_loss = 1.442749261856079
eval_mae = 0.7294
eval_runtime = 25.5955
eval_samples_per_second = 195.347
