eval_accuracy = 0.5702000260353088
eval_loss = 1.0224915742874146
eval_mae = 0.5082
eval_runtime = 16.5046
eval_samples_per_second = 302.946
