eval_accuracy = 0.5648000240325928
eval_loss = 1.0150443315505981
eval_mae = 0.5076
eval_runtime = 16.4316
eval_samples_per_second = 304.292
