eval_accuracy = 0.548799991607666
eval_loss = 1.0767592191696167
eval_mae = 0.537
eval_runtime = 29.0601
eval_samples_per_second = 172.057
