eval_accuracy = 0.5942000150680542
eval_loss = 0.9475591778755188
eval_mae = 0.4596
eval_runtime = 16.2678
eval_samples_per_second = 307.356
