eval_accuracy = 0.5802000164985657
eval_loss = 1.0161666870117188
eval_mae = 0.4822
eval_runtime = 17.5553
eval_samples_per_second = 284.814
