eval_accuracy = 0.5788000226020813
eval_loss = 1.0186958312988281
eval_mae = 0.484
eval_runtime = 17.4588
eval_samples_per_second = 286.389
