eval_accuracy = 0.576200008392334
eval_loss = 1.0054072141647339
eval_mae = 0.4954
eval_runtime = 17.22
eval_samples_per_second = 290.361
