eval_accuracy = 0.4675999879837036
eval_loss = 1.3420295715332031
eval_mae = 0.6908
eval_runtime = 19.3843
eval_samples_per_second = 257.941
