eval_accuracy = 0.5899999737739563
eval_loss = 0.9502924084663391
eval_mae = 0.4642
eval_runtime = 16.648
eval_samples_per_second = 300.337
