eval_accuracy = 0.545199990272522
eval_loss = 1.0279208421707153
eval_mae = 0.5384
eval_runtime = 16.4583
eval_samples_per_second = 303.797
