eval_accuracy = 0.49900001287460327
eval_loss = 1.158255934715271
eval_mae = 0.5916
eval_runtime = 17.2865
eval_samples_per_second = 289.243
