eval_accuracy = 0.5270000100135803
eval_loss = 1.053309440612793
eval_mae = 0.5698
eval_runtime = 16.9088
eval_samples_per_second = 295.704
