eval_accuracy = 0.5564000010490417
eval_loss = 1.0413342714309692
eval_mae = 0.5136
eval_runtime = 18.5135
eval_samples_per_second = 270.074
