eval_accuracy = 0.5758000016212463
eval_loss = 1.086730718612671
eval_mae = 0.5098
eval_runtime = 16.1729
eval_samples_per_second = 309.159
