eval_accuracy = 0.6015999913215637
eval_loss = 0.9364192485809326
eval_mae = 0.4546
eval_runtime = 16.4419
eval_samples_per_second = 304.101
