eval_accuracy = 0.5956000089645386
eval_loss = 0.9360486268997192
eval_mae = 0.4618
eval_runtime = 15.9876
eval_samples_per_second = 312.742
