eval_accuracy = 0.5586000084877014
eval_loss = 1.0786081552505493
eval_mae = 0.5306
eval_runtime = 25.2723
eval_samples_per_second = 197.845
