eval_accuracy = 0.4805999994277954
eval_loss = 1.3525395393371582
eval_mae = 0.6764
eval_runtime = 18.4277
eval_samples_per_second = 271.331
