eval_accuracy = 0.5896000266075134
eval_loss = 0.9491662383079529
eval_mae = 0.4644
eval_runtime = 16.3875
eval_samples_per_second = 305.11
