eval_accuracy = 0.557200014591217
eval_loss = 1.0787124633789062
eval_mae = 0.5614
eval_runtime = 19.1574
eval_samples_per_second = 260.996
