eval_accuracy = 0.5820000171661377
eval_loss = 0.9786843061447144
eval_mae = 0.488
eval_runtime = 17.572
eval_samples_per_second = 284.543
