eval_accuracy = 0.5802000164985657
eval_loss = 1.0115876197814941
eval_mae = 0.4814
eval_runtime = 17.2829
eval_samples_per_second = 289.303
