eval_accuracy = 0.5479999780654907
eval_loss = 1.0861449241638184
eval_mae = 0.5408
eval_runtime = 28.2473
eval_samples_per_second = 177.008
