eval_accuracy = 0.5943999886512756
eval_loss = 0.9478865265846252
eval_mae = 0.4666
eval_runtime = 19.9439
eval_samples_per_second = 250.703
