eval_accuracy = 0.599399983882904
eval_loss = 0.9555881023406982
eval_mae = 0.4632
eval_runtime = 16.6181
eval_samples_per_second = 300.877
