eval_accuracy = 0.5809999704360962
eval_loss = 0.9790242314338684
eval_mae = 0.4892
eval_runtime = 16.7339
eval_samples_per_second = 298.794
