eval_accuracy = 0.48399999737739563
eval_loss = 1.3519493341445923
eval_mae = 0.67
eval_runtime = 22.4498
eval_samples_per_second = 222.719
