eval_accuracy = 0.548799991607666
eval_loss = 1.1490594148635864
eval_mae = 0.581
eval_runtime = 16.722
eval_samples_per_second = 299.007
