eval_accuracy = 0.5491999983787537
eval_loss = 1.1472307443618774
eval_mae = 0.5808
eval_runtime = 16.7632
eval_samples_per_second = 298.272
