eval_accuracy = 0.5708000063896179
eval_loss = 0.9906263947486877
eval_mae = 0.5074
eval_runtime = 17.1336
eval_samples_per_second = 291.825
