eval_accuracy = 0.635200023651123
eval_loss = 0.8898462653160095
eval_mae = 0.4162
eval_runtime = 19.2639
eval_samples_per_second = 259.553
