eval_accuracy = 0.5952000021934509
eval_loss = 0.9483238458633423
eval_mae = 0.468
eval_runtime = 19.0596
eval_samples_per_second = 262.335
