eval_accuracy = 0.5034000277519226
eval_loss = 1.1801751852035522
eval_mae = 0.5914
eval_runtime = 17.3949
eval_samples_per_second = 287.44
