eval_accuracy = 0.4966000020503998
eval_loss = 1.2386943101882935
eval_mae = 0.6478
eval_runtime = 28.062
eval_samples_per_second = 178.177
