eval_accuracy = 0.5490000247955322
eval_loss = 1.0835649967193604
eval_mae = 0.5392
eval_runtime = 23.7771
eval_samples_per_second = 210.286
