eval_accuracy = 0.4950000047683716
eval_loss = 1.2382221221923828
eval_mae = 0.6472
eval_runtime = 24.9514
eval_samples_per_second = 200.39
