eval_accuracy = 0.5587999820709229
eval_loss = 1.0784565210342407
eval_mae = 0.5304
eval_runtime = 18.2511
eval_samples_per_second = 273.957
