eval_accuracy = 0.5992000102996826
eval_loss = 0.9559275507926941
eval_mae = 0.4646
eval_runtime = 17.3121
eval_samples_per_second = 288.815
