eval_accuracy = 0.6341999769210815
eval_loss = 0.8863910436630249
eval_mae = 0.4166
eval_runtime = 18.5269
eval_samples_per_second = 269.878
