eval_accuracy = 0.5041999816894531
eval_loss = 1.1771912574768066
eval_mae = 0.5902
eval_runtime = 17.4455
eval_samples_per_second = 286.608
