eval_accuracy = 0.6359999775886536
eval_loss = 0.8898341655731201
eval_mae = 0.4156
eval_runtime = 26.9683
eval_samples_per_second = 185.403
