eval_accuracy = 0.5436000227928162
eval_loss = 1.030519962310791
eval_mae = 0.5422
eval_runtime = 16.7726
eval_samples_per_second = 298.106
