eval_accuracy = 0.4970000088214874
eval_loss = 1.2383984327316284
eval_mae = 0.6476
eval_runtime = 22.6065
eval_samples_per_second = 221.175
