eval_accuracy = 0.527999997138977
eval_loss = 1.0540330410003662
eval_mae = 0.57
eval_runtime = 17.0098
eval_samples_per_second = 293.948
