eval_accuracy = 0.545799970626831
eval_loss = 1.0291991233825684
eval_mae = 0.5388
eval_runtime = 16.548
eval_samples_per_second = 302.15
