eval_accuracy = 0.4350000023841858
eval_loss = 1.4204695224761963
eval_mae = 0.7304
eval_runtime = 23.0279
eval_samples_per_second = 217.128
