eval_accuracy = 0.5598000288009644
eval_loss = 1.045381784439087
eval_mae = 0.5102
eval_runtime = 18.3957
eval_samples_per_second = 271.803
