eval_accuracy = 0.6000000238418579
eval_loss = 0.9554822444915771
eval_mae = 0.4628
eval_runtime = 17.2036
eval_samples_per_second = 290.638
