eval_accuracy = 0.6205999851226807
eval_loss = 0.9511703848838806
eval_mae = 0.4284
eval_runtime = 17.4842
eval_samples_per_second = 285.972
