eval_accuracy = 0.5935999751091003
eval_loss = 1.007081389427185
eval_mae = 0.4682
eval_runtime = 17.2267
eval_samples_per_second = 290.248
