eval_accuracy = 0.5738000273704529
eval_loss = 1.085049033164978
eval_mae = 0.5118
eval_runtime = 16.9644
eval_samples_per_second = 294.735
