eval_accuracy = 0.5712000131607056
eval_loss = 0.9911535382270813
eval_mae = 0.5056
eval_runtime = 16.1268
eval_samples_per_second = 310.044
