eval_accuracy = 0.5735999941825867
eval_loss = 1.0857398509979248
eval_mae = 0.5112
eval_runtime = 16.413
eval_samples_per_second = 304.636
