eval_accuracy = 0.6362000107765198
eval_loss = 0.8894547820091248
eval_mae = 0.4148
eval_runtime = 24.9113
eval_samples_per_second = 200.713
