eval_accuracy = 0.5803999900817871
eval_loss = 1.0146424770355225
eval_mae = 0.4812
eval_runtime = 17.7914
eval_samples_per_second = 281.035
