eval_accuracy = 0.5249999761581421
eval_loss = 1.0541319847106934
eval_mae = 0.5728
eval_runtime = 16.9108
eval_samples_per_second = 295.669
