eval_accuracy = 0.4997999966144562
eval_loss = 1.2423185110092163
eval_mae = 0.5958
eval_runtime = 20.3929
eval_samples_per_second = 245.183
