eval_accuracy = 0.5486000180244446
eval_loss = 1.0859652757644653
eval_mae = 0.5402
eval_runtime = 33.0145
eval_samples_per_second = 151.448
