eval_accuracy = 0.503000020980835
eval_loss = 1.1761480569839478
eval_mae = 0.5912
eval_runtime = 17.3565
eval_samples_per_second = 288.077
