eval_accuracy = 0.6047999858856201
eval_loss = 0.9483038187026978
eval_mae = 0.4522
eval_runtime = 19.0172
eval_samples_per_second = 262.92
