eval_accuracy = 0.6064000129699707
eval_loss = 0.9457350373268127
eval_mae = 0.4552
eval_runtime = 17.2073
eval_samples_per_second = 290.574
