eval_accuracy = 0.48080000281333923
eval_loss = 1.392226219177246
eval_mae = 0.6738
eval_runtime = 19.4928
eval_samples_per_second = 256.505
