eval_accuracy = 0.44040000438690186
eval_loss = 1.450437068939209
eval_mae = 0.7294
eval_runtime = 18.6491
eval_samples_per_second = 268.11
