eval_accuracy = 0.5807999968528748
eval_loss = 1.0184061527252197
eval_mae = 0.494
eval_runtime = 33.2003
eval_samples_per_second = 150.601
