eval_accuracy = 0.5659999847412109
eval_loss = 1.0145792961120605
eval_mae = 0.5052
eval_runtime = 17.3088
eval_samples_per_second = 288.871
