eval_accuracy = 0.5288000106811523
eval_loss = 1.0545176267623901
eval_mae = 0.5692
eval_runtime = 16.3286
eval_samples_per_second = 306.211
