eval_accuracy = 0.5820000171661377
eval_loss = 0.9791806936264038
eval_mae = 0.4878
eval_runtime = 17.3989
eval_samples_per_second = 287.374
