eval_accuracy = 0.5758000016212463
eval_loss = 1.0835211277008057
eval_mae = 0.5074
eval_runtime = 16.4399
eval_samples_per_second = 304.137
