eval_accuracy = 0.5004000067710876
eval_loss = 1.1555225849151611
eval_mae = 0.5902
eval_runtime = 17.3218
eval_samples_per_second = 288.654
