eval_accuracy = 0.5022000074386597
eval_loss = 1.2424346208572388
eval_mae = 0.5904
eval_runtime = 23.0473
eval_samples_per_second = 216.945
