eval_accuracy = 0.4966000020503998
eval_loss = 1.2378398180007935
eval_mae = 0.6482
eval_runtime = 32.1465
eval_samples_per_second = 155.538
