eval_accuracy = 0.5586000084877014
eval_loss = 1.0614503622055054
eval_mae = 0.5214
eval_runtime = 18.3756
eval_samples_per_second = 272.099
