eval_accuracy = 0.5590000152587891
eval_loss = 1.0786453485488892
eval_mae = 0.5304
eval_runtime = 18.5791
eval_samples_per_second = 269.119
