eval_accuracy = 0.6001999974250793
eval_loss = 0.9558714628219604
eval_mae = 0.4624
eval_runtime = 17.348
eval_samples_per_second = 288.217
