eval_accuracy = 0.571399986743927
eval_loss = 0.990983784198761
eval_mae = 0.5068
eval_runtime = 16.9263
eval_samples_per_second = 295.397
