eval_accuracy = 0.5803999900817871
eval_loss = 1.0126919746398926
eval_mae = 0.4966
eval_runtime = 32.2783
eval_samples_per_second = 154.903
