eval_accuracy = 0.5788000226020813
eval_loss = 1.0176973342895508
eval_mae = 0.4838
eval_runtime = 16.8713
eval_samples_per_second = 296.362
