eval_accuracy = 0.599399983882904
eval_loss = 0.9552420973777771
eval_mae = 0.464
eval_runtime = 17.3297
eval_samples_per_second = 288.523
