eval_accuracy = 0.6064000129699707
eval_loss = 0.9495642781257629
eval_mae = 0.45
eval_runtime = 18.2449
eval_samples_per_second = 274.049
