eval_accuracy = 0.5685999989509583
eval_loss = 1.0171120166778564
eval_mae = 0.5088
eval_runtime = 17.4416
eval_samples_per_second = 286.672
