eval_accuracy = 0.5613999962806702
eval_loss = 1.0591771602630615
eval_mae = 0.5162
eval_runtime = 18.3032
eval_samples_per_second = 273.176
