eval_accuracy = 0.5924000144004822
eval_loss = 0.9606841802597046
eval_mae = 0.4834
eval_runtime = 17.4065
eval_samples_per_second = 287.249
