eval_accuracy = 0.5920000076293945
eval_loss = 0.9602160453796387
eval_mae = 0.4824
eval_runtime = 17.3261
eval_samples_per_second = 288.582
