eval_accuracy = 0.5501999855041504
eval_loss = 1.0840795040130615
eval_mae = 0.5388
eval_runtime = 20.0744
eval_samples_per_second = 249.073
