eval_accuracy = 0.5752000212669373
eval_loss = 1.0053874254226685
eval_mae = 0.4964
eval_runtime = 16.5958
eval_samples_per_second = 301.282
