eval_accuracy = 0.5925999879837036
eval_loss = 0.9477713704109192
eval_mae = 0.4702
eval_runtime = 20.7404
eval_samples_per_second = 241.076
