eval_accuracy = 0.5583999752998352
eval_loss = 1.0628687143325806
eval_mae = 0.5206
eval_runtime = 18.4337
eval_samples_per_second = 271.243
