eval_accuracy = 0.5559999942779541
eval_loss = 1.0803472995758057
eval_mae = 0.5652
eval_runtime = 22.0278
eval_samples_per_second = 226.986
