eval_accuracy = 0.6359999775886536
eval_loss = 0.8895741105079651
eval_mae = 0.415
eval_runtime = 20.5271
eval_samples_per_second = 243.58
