eval_accuracy = 0.46779999136924744
eval_loss = 1.3395158052444458
eval_mae = 0.6888
eval_runtime = 23.7738
eval_samples_per_second = 210.316
