eval_accuracy = 0.6370000243186951
eval_loss = 0.8892069458961487
eval_mae = 0.4132
eval_runtime = 19.9213
eval_samples_per_second = 250.988
