eval_accuracy = 0.4973999857902527
eval_loss = 1.2549147605895996
eval_mae = 0.5976
eval_runtime = 28.8397
eval_samples_per_second = 173.372
