eval_accuracy = 0.5031999945640564
eval_loss = 1.155821442604065
eval_mae = 0.5874
eval_runtime = 17.392
eval_samples_per_second = 287.489
