eval_accuracy = 0.5266000032424927
eval_loss = 1.0539920330047607
eval_mae = 0.5706
eval_runtime = 16.8654
eval_samples_per_second = 296.465
