eval_accuracy = 0.5565999746322632
eval_loss = 1.0631840229034424
eval_mae = 0.5228
eval_runtime = 18.2934
eval_samples_per_second = 273.323
