eval_accuracy = 0.46779999136924744
eval_loss = 1.29534912109375
eval_mae = 0.6806
eval_runtime = 20.1094
eval_samples_per_second = 248.64
