eval_accuracy = 0.5932000279426575
eval_loss = 0.9474185705184937
eval_mae = 0.4688
eval_runtime = 33.1455
eval_samples_per_second = 150.85
