eval_accuracy = 0.5464000105857849
eval_loss = 1.029513955116272
eval_mae = 0.5396
eval_runtime = 17.3865
eval_samples_per_second = 287.579
