eval_accuracy = 0.6061999797821045
eval_loss = 0.9444806575775146
eval_mae = 0.455
eval_runtime = 16.5298
eval_samples_per_second = 302.484
