eval_accuracy = 0.4586000144481659
eval_loss = 1.3665282726287842
eval_mae = 0.731
eval_runtime = 17.3532
eval_samples_per_second = 288.132
