eval_accuracy = 0.5428000092506409
eval_loss = 1.0295474529266357
eval_mae = 0.5418
eval_runtime = 17.0869
eval_samples_per_second = 292.621
