eval_accuracy = 0.58160001039505
eval_loss = 0.9785119295120239
eval_mae = 0.489
eval_runtime = 17.3309
eval_samples_per_second = 288.502
