eval_accuracy = 0.569599986076355
eval_loss = 1.021266222000122
eval_mae = 0.5088
eval_runtime = 16.6844
eval_samples_per_second = 299.681
