eval_accuracy = 0.4699999988079071
eval_loss = 1.3511748313903809
eval_mae = 0.6912
eval_runtime = 17.3154
eval_samples_per_second = 288.76
