eval_accuracy = 0.4397999942302704
eval_loss = 1.4433501958847046
eval_mae = 0.7292
eval_runtime = 18.8561
eval_samples_per_second = 265.166
