eval_accuracy = 0.6204000115394592
eval_loss = 0.9502266645431519
eval_mae = 0.4286
eval_runtime = 17.4597
eval_samples_per_second = 286.374
