eval_accuracy = 0.5935999751091003
eval_loss = 0.948007345199585
eval_mae = 0.4684
eval_runtime = 18.2898
eval_samples_per_second = 273.376
