eval_accuracy = 0.5812000036239624
eval_loss = 1.0184355974197388
eval_mae = 0.4936
eval_runtime = 26.2671
eval_samples_per_second = 190.352
