eval_accuracy = 0.49939998984336853
eval_loss = 1.1752642393112183
eval_mae = 0.5966
eval_runtime = 17.3269
eval_samples_per_second = 288.569
