eval_accuracy = 0.49939998984336853
eval_loss = 1.22748863697052
eval_mae = 0.6036
eval_runtime = 18.4606
eval_samples_per_second = 270.847
