eval_accuracy = 0.6212000250816345
eval_loss = 0.9504842758178711
eval_mae = 0.4282
eval_runtime = 17.3604
eval_samples_per_second = 288.012
