eval_accuracy = 0.5541999936103821
eval_loss = 1.0250962972640991
eval_mae = 0.537
eval_runtime = 17.3675
eval_samples_per_second = 287.893
