eval_accuracy = 0.5008000135421753
eval_loss = 1.1562867164611816
eval_mae = 0.5888
eval_runtime = 16.7293
eval_samples_per_second = 298.877
