eval_accuracy = 0.4578000009059906
eval_loss = 1.367674469947815
eval_mae = 0.7302
eval_runtime = 16.8441
eval_samples_per_second = 296.839
