eval_accuracy = 0.4724000096321106
eval_loss = 1.347394585609436
eval_mae = 0.6892
eval_runtime = 17.3739
eval_samples_per_second = 287.789
