eval_accuracy = 0.5063999891281128
eval_loss = 1.2289279699325562
eval_mae = 0.6206
eval_runtime = 27.0854
eval_samples_per_second = 184.601
