eval_accuracy = 0.4560000002384186
eval_loss = 1.373504877090454
eval_mae = 0.7342
eval_runtime = 17.3226
eval_samples_per_second = 288.641
