eval_accuracy = 0.58160001039505
eval_loss = 1.0155818462371826
eval_mae = 0.4796
eval_runtime = 17.4973
eval_samples_per_second = 285.759
