eval_accuracy = 0.5270000100135803
eval_loss = 1.0535542964935303
eval_mae = 0.5708
eval_runtime = 16.6755
eval_samples_per_second = 299.841
