eval_accuracy = 0.5929999947547913
eval_loss = 0.9475162029266357
eval_mae = 0.4698
eval_runtime = 19.3603
eval_samples_per_second = 258.261
