eval_accuracy = 0.6218000054359436
eval_loss = 0.9503166079521179
eval_mae = 0.4282
eval_runtime = 17.5288
eval_samples_per_second = 285.244
