eval_accuracy = 0.5794000029563904
eval_loss = 1.0171103477478027
eval_mae = 0.4836
eval_runtime = 17.6544
eval_samples_per_second = 283.215
