eval_accuracy = 0.4618000090122223
eval_loss = 1.307795524597168
eval_mae = 0.6894
eval_runtime = 21.5389
eval_samples_per_second = 232.138
