eval_accuracy = 0.5604000091552734
eval_loss = 1.046308994293213
eval_mae = 0.509
eval_runtime = 22.1113
eval_samples_per_second = 226.129
