eval_accuracy = 0.4805999994277954
eval_loss = 1.3922334909439087
eval_mae = 0.674
eval_runtime = 29.5037
eval_samples_per_second = 169.47
