eval_accuracy = 0.5946000218391418
eval_loss = 0.9451640844345093
eval_mae = 0.4676
eval_runtime = 19.5061
eval_samples_per_second = 256.331
