eval_accuracy = 0.5807999968528748
eval_loss = 0.9785411357879639
eval_mae = 0.4882
eval_runtime = 17.293
eval_samples_per_second = 289.135
