eval_accuracy = 0.551800012588501
eval_loss = 1.025686502456665
eval_mae = 0.5388
eval_runtime = 17.2724
eval_samples_per_second = 289.48
