eval_accuracy = 0.5034000277519226
eval_loss = 1.1758183240890503
eval_mae = 0.5904
eval_runtime = 17.2953
eval_samples_per_second = 289.096
