eval_accuracy = 0.574999988079071
eval_loss = 1.0813103914260864
eval_mae = 0.5082
eval_runtime = 16.917
eval_samples_per_second = 295.561
