eval_accuracy = 0.4797999858856201
eval_loss = 1.3914101123809814
eval_mae = 0.6756
eval_runtime = 23.1201
eval_samples_per_second = 216.262
