eval_accuracy = 0.5985999703407288
eval_loss = 0.9542251229286194
eval_mae = 0.465
eval_runtime = 16.7101
eval_samples_per_second = 299.22
