eval_accuracy = 0.5781999826431274
eval_loss = 1.017868161201477
eval_mae = 0.484
eval_runtime = 16.861
eval_samples_per_second = 296.542
