eval_accuracy = 0.6370000243186951
eval_loss = 0.8895484209060669
eval_mae = 0.4144
eval_runtime = 19.3133
eval_samples_per_second = 258.889
