eval_accuracy = 0.5037999749183655
eval_loss = 1.1765220165252686
eval_mae = 0.5906
eval_runtime = 17.3066
eval_samples_per_second = 288.907
