eval_accuracy = 0.46720001101493835
eval_loss = 1.3389027118682861
eval_mae = 0.6894
eval_runtime = 27.6863
eval_samples_per_second = 180.595
