eval_accuracy = 0.5809999704360962
eval_loss = 1.0184533596038818
eval_mae = 0.4938
eval_runtime = 23.4897
eval_samples_per_second = 212.859
