eval_accuracy = 0.5546000003814697
eval_loss = 1.0253968238830566
eval_mae = 0.5374
eval_runtime = 17.2474
eval_samples_per_second = 289.898
