eval_accuracy = 0.45820000767707825
eval_loss = 1.3664435148239136
eval_mae = 0.7316
eval_runtime = 17.371
eval_samples_per_second = 287.836
