eval_accuracy = 0.5698000192642212
eval_loss = 1.021007776260376
eval_mae = 0.508
eval_runtime = 16.488
eval_samples_per_second = 303.251
