eval_accuracy = 0.5473999977111816
eval_loss = 1.0859874486923218
eval_mae = 0.5414
eval_runtime = 31.8561
eval_samples_per_second = 156.956
