eval_accuracy = 0.571399986743927
eval_loss = 0.9903133511543274
eval_mae = 0.5068
eval_runtime = 16.9746
eval_samples_per_second = 294.557
