eval_accuracy = 0.4968000054359436
eval_loss = 1.2385362386703491
eval_mae = 0.6474
eval_runtime = 34.4147
eval_samples_per_second = 145.287
