eval_accuracy = 0.47279998660087585
eval_loss = 1.346726417541504
eval_mae = 0.6908
eval_runtime = 17.3057
eval_samples_per_second = 288.923
