eval_accuracy = 0.5924000144004822
eval_loss = 1.006790041923523
eval_mae = 0.469
eval_runtime = 16.5653
eval_samples_per_second = 301.835
