eval_accuracy = 0.5795999765396118
eval_loss = 1.0110219717025757
eval_mae = 0.4826
eval_runtime = 17.481
eval_samples_per_second = 286.025
