eval_accuracy = 0.5004000067710876
eval_loss = 1.242376685142517
eval_mae = 0.595
eval_runtime = 18.6231
eval_samples_per_second = 268.483
