eval_accuracy = 0.4724000096321106
eval_loss = 1.347412347793579
eval_mae = 0.6902
eval_runtime = 17.3246
eval_samples_per_second = 288.607
