eval_accuracy = 0.5813999772071838
eval_loss = 1.013089895248413
eval_mae = 0.4814
eval_runtime = 17.2836
eval_samples_per_second = 289.291
