eval_accuracy = 0.5703999996185303
eval_loss = 1.021330714225769
eval_mae = 0.5076
eval_runtime = 17.4474
eval_samples_per_second = 286.575
