eval_accuracy = 0.6373999714851379
eval_loss = 0.8915790915489197
eval_mae = 0.4138
eval_runtime = 20.3655
eval_samples_per_second = 245.513
