eval_accuracy = 0.49720001220703125
eval_loss = 1.2381913661956787
eval_mae = 0.6472
eval_runtime = 19.5567
eval_samples_per_second = 255.666
