eval_accuracy = 0.5789999961853027
eval_loss = 1.011794090270996
eval_mae = 0.483
eval_runtime = 16.9764
eval_samples_per_second = 294.527
