eval_accuracy = 0.6000000238418579
eval_loss = 0.9559281468391418
eval_mae = 0.4632
eval_runtime = 18.1948
eval_samples_per_second = 274.804
