eval_accuracy = 0.5555999875068665
eval_loss = 1.0798715353012085
eval_mae = 0.5646
eval_runtime = 18.4887
eval_samples_per_second = 270.435
