eval_accuracy = 0.5917999744415283
eval_loss = 0.9476411938667297
eval_mae = 0.47
eval_runtime = 19.0637
eval_samples_per_second = 262.279
