eval_accuracy = 0.5478000044822693
eval_loss = 1.085904836654663
eval_mae = 0.5408
eval_runtime = 33.362
eval_samples_per_second = 149.871
