eval_accuracy = 0.576200008392334
eval_loss = 1.0055607557296753
eval_mae = 0.4948
eval_runtime = 17.3609
eval_samples_per_second = 288.004
