eval_accuracy = 0.5267999768257141
eval_loss = 1.0537632703781128
eval_mae = 0.5704
eval_runtime = 16.9208
eval_samples_per_second = 295.494
