eval_accuracy = 0.5938000082969666
eval_loss = 1.006987452507019
eval_mae = 0.4682
eval_runtime = 18.3686
eval_samples_per_second = 272.203
