eval_accuracy = 0.49900001287460327
eval_loss = 1.2287094593048096
eval_mae = 0.6038
eval_runtime = 18.3637
eval_samples_per_second = 272.276
