eval_accuracy = 0.5794000029563904
eval_loss = 1.0118573904037476
eval_mae = 0.4814
eval_runtime = 17.4395
eval_samples_per_second = 286.706
