eval_accuracy = 0.5899999737739563
eval_loss = 0.9494261741638184
eval_mae = 0.4636
eval_runtime = 16.5585
eval_samples_per_second = 301.959
