eval_accuracy = 0.557200014591217
eval_loss = 1.0244057178497314
eval_mae = 0.5344
eval_runtime = 17.4784
eval_samples_per_second = 286.067
