eval_accuracy = 0.5550000071525574
eval_loss = 1.0247136354446411
eval_mae = 0.5356
eval_runtime = 17.2078
eval_samples_per_second = 290.566
