eval_accuracy = 0.49619999527931213
eval_loss = 1.239035964012146
eval_mae = 0.6486
eval_runtime = 33.734
eval_samples_per_second = 148.218
