eval_accuracy = 0.6050000190734863
eval_loss = 0.9461163878440857
eval_mae = 0.457
eval_runtime = 17.1865
eval_samples_per_second = 290.926
