eval_accuracy = 0.6007999777793884
eval_loss = 0.9356517791748047
eval_mae = 0.4548
eval_runtime = 17.0509
eval_samples_per_second = 293.24
