eval_accuracy = 0.557200014591217
eval_loss = 1.0632915496826172
eval_mae = 0.5222
eval_runtime = 18.3117
eval_samples_per_second = 273.049
