eval_accuracy = 0.6014000177383423
eval_loss = 0.9357731342315674
eval_mae = 0.4542
eval_runtime = 16.9967
eval_samples_per_second = 294.175
