eval_accuracy = 0.5558000206947327
eval_loss = 1.0801185369491577
eval_mae = 0.5654
eval_runtime = 19.4353
eval_samples_per_second = 257.263
