eval_accuracy = 0.4975999891757965
eval_loss = 1.2373781204223633
eval_mae = 0.6464
eval_runtime = 34.0253
eval_samples_per_second = 146.949
