eval_accuracy = 0.6018000245094299
eval_loss = 0.9357830882072449
eval_mae = 0.4546
eval_runtime = 17.1278
eval_samples_per_second = 291.923
