eval_accuracy = 0.5475999712944031
eval_loss = 1.086039423942566
eval_mae = 0.5412
eval_runtime = 32.9428
eval_samples_per_second = 151.778
