eval_accuracy = 0.48100000619888306
eval_loss = 1.3937492370605469
eval_mae = 0.6732
eval_runtime = 25.5134
eval_samples_per_second = 195.976
