eval_accuracy = 0.47920000553131104
eval_loss = 1.386610507965088
eval_mae = 0.6748
eval_runtime = 19.7589
eval_samples_per_second = 253.05
