eval_accuracy = 0.4991999864578247
eval_loss = 1.2277076244354248
eval_mae = 0.6032
eval_runtime = 18.3437
eval_samples_per_second = 272.574
