eval_accuracy = 0.4970000088214874
eval_loss = 1.2383148670196533
eval_mae = 0.6472
eval_runtime = 18.9849
eval_samples_per_second = 263.368
