eval_accuracy = 0.593999981880188
eval_loss = 0.9602554440498352
eval_mae = 0.4812
eval_runtime = 17.2689
eval_samples_per_second = 289.537
