eval_accuracy = 0.6363999843597412
eval_loss = 0.8896355628967285
eval_mae = 0.4146
eval_runtime = 20.1332
eval_samples_per_second = 248.346
