eval_accuracy = 0.6064000129699707
eval_loss = 0.9496524333953857
eval_mae = 0.4496
eval_runtime = 26.0113
eval_samples_per_second = 192.224
