eval_accuracy = 0.5789999961853027
eval_loss = 1.0186939239501953
eval_mae = 0.4834
eval_runtime = 17.4113
eval_samples_per_second = 287.171
