eval_accuracy = 0.5997999906539917
eval_loss = 0.9344620108604431
eval_mae = 0.456
eval_runtime = 16.3823
eval_samples_per_second = 305.208
