eval_accuracy = 0.47200000286102295
eval_loss = 1.350049376487732
eval_mae = 0.6894
eval_runtime = 16.5279
eval_samples_per_second = 302.519
