eval_accuracy = 0.5001999735832214
eval_loss = 1.225542664527893
eval_mae = 0.6028
eval_runtime = 18.3716
eval_samples_per_second = 272.159
