eval_accuracy = 0.5666000247001648
eval_loss = 1.0131627321243286
eval_mae = 0.5054
eval_runtime = 17.0727
eval_samples_per_second = 292.865
