eval_accuracy = 0.5720000267028809
eval_loss = 0.9907336235046387
eval_mae = 0.5056
eval_runtime = 16.9993
eval_samples_per_second = 294.129
