eval_accuracy = 0.4706000089645386
eval_loss = 1.349135398864746
eval_mae = 0.69
eval_runtime = 17.3857
eval_samples_per_second = 287.593
