eval_accuracy = 0.5685999989509583
eval_loss = 0.9921301007270813
eval_mae = 0.5102
eval_runtime = 16.9571
eval_samples_per_second = 294.861
