eval_accuracy = 0.5896000266075134
eval_loss = 0.9488800764083862
eval_mae = 0.4642
eval_runtime = 16.5879
eval_samples_per_second = 301.425
