eval_accuracy = 0.5576000213623047
eval_loss = 1.0830050706863403
eval_mae = 0.5308
eval_runtime = 26.3903
eval_samples_per_second = 189.463
