eval_accuracy = 0.5812000036239624
eval_loss = 1.0187791585922241
eval_mae = 0.4936
eval_runtime = 27.8915
eval_samples_per_second = 179.266
