eval_accuracy = 0.5547999739646912
eval_loss = 1.0252074003219604
eval_mae = 0.5346
eval_runtime = 17.2664
eval_samples_per_second = 289.58
