eval_accuracy = 0.5004000067710876
eval_loss = 1.2420997619628906
eval_mae = 0.5952
eval_runtime = 19.6737
eval_samples_per_second = 254.146
