eval_accuracy = 0.6014000177383423
eval_loss = 0.9361811280250549
eval_mae = 0.4544
eval_runtime = 17.1212
eval_samples_per_second = 292.035
