eval_accuracy = 0.4973999857902527
eval_loss = 1.2382782697677612
eval_mae = 0.6072
eval_runtime = 18.086
eval_samples_per_second = 276.457
