eval_accuracy = 0.5649999976158142
eval_loss = 1.0140944719314575
eval_mae = 0.5076
eval_runtime = 17.2101
eval_samples_per_second = 290.528
