eval_accuracy = 0.5812000036239624
eval_loss = 1.0187135934829712
eval_mae = 0.4936
eval_runtime = 28.6478
eval_samples_per_second = 174.533
