eval_accuracy = 0.5899999737739563
eval_loss = 0.9488347768783569
eval_mae = 0.4638
eval_runtime = 16.5737
eval_samples_per_second = 301.682
