eval_accuracy = 0.6082000136375427
eval_loss = 0.9460645318031311
eval_mae = 0.4482
eval_runtime = 18.3495
eval_samples_per_second = 272.487
