eval_accuracy = 0.5824000239372253
eval_loss = 0.978811502456665
eval_mae = 0.4876
eval_runtime = 16.8046
eval_samples_per_second = 297.537
