eval_accuracy = 0.5740000009536743
eval_loss = 1.085455298423767
eval_mae = 0.5118
eval_runtime = 17.0032
eval_samples_per_second = 294.063
