eval_accuracy = 0.5716000199317932
eval_loss = 0.9905570149421692
eval_mae = 0.5062
eval_runtime = 17.0854
eval_samples_per_second = 292.648
