eval_accuracy = 0.5807999968528748
eval_loss = 0.9789144396781921
eval_mae = 0.489
eval_runtime = 17.3911
eval_samples_per_second = 287.503
