eval_accuracy = 0.5005999803543091
eval_loss = 1.1547318696975708
eval_mae = 0.5888
eval_runtime = 16.5814
eval_samples_per_second = 301.542
