eval_accuracy = 0.5461999773979187
eval_loss = 1.1478495597839355
eval_mae = 0.5856
eval_runtime = 17.4459
eval_samples_per_second = 286.6
