eval_accuracy = 0.45840001106262207
eval_loss = 1.367175579071045
eval_mae = 0.7312
eval_runtime = 17.3342
eval_samples_per_second = 288.447
