eval_accuracy = 0.5248000025749207
eval_loss = 1.0539101362228394
eval_mae = 0.5722
eval_runtime = 16.24
eval_samples_per_second = 307.883
