eval_accuracy = 0.4991999864578247
eval_loss = 1.2284295558929443
eval_mae = 0.6034
eval_runtime = 18.3937
eval_samples_per_second = 271.832
