eval_accuracy = 0.45899999141693115
eval_loss = 1.3659725189208984
eval_mae = 0.7298
eval_runtime = 16.7385
eval_samples_per_second = 298.713
