eval_accuracy = 0.6007999777793884
eval_loss = 0.9364476799964905
eval_mae = 0.4556
eval_runtime = 17.0461
eval_samples_per_second = 293.323
