eval_accuracy = 0.5486000180244446
eval_loss = 1.1478179693222046
eval_mae = 0.5824
eval_runtime = 17.3697
eval_samples_per_second = 287.857
