eval_accuracy = 0.47540000081062317
eval_loss = 1.344044804573059
eval_mae = 0.6934
eval_runtime = 16.9611
eval_samples_per_second = 294.793
