eval_accuracy = 0.48179998993873596
eval_loss = 1.3909499645233154
eval_mae = 0.673
eval_runtime = 19.4275
eval_samples_per_second = 257.367
