eval_accuracy = 0.5063999891281128
eval_loss = 1.2280659675598145
eval_mae = 0.6206
eval_runtime = 19.6312
eval_samples_per_second = 254.697
