eval_accuracy = 0.5464000105857849
eval_loss = 1.0307936668395996
eval_mae = 0.5376
eval_runtime = 17.2872
eval_samples_per_second = 289.232
