eval_accuracy = 0.5717999935150146
eval_loss = 1.0878043174743652
eval_mae = 0.5146
eval_runtime = 16.447
eval_samples_per_second = 304.006
