eval_accuracy = 0.4966000020503998
eval_loss = 1.2346227169036865
eval_mae = 0.6466
eval_runtime = 28.1406
eval_samples_per_second = 177.679
