eval_accuracy = 0.5799999833106995
eval_loss = 1.0177631378173828
eval_mae = 0.4818
eval_runtime = 16.7632
eval_samples_per_second = 298.272
