eval_accuracy = 0.6362000107765198
eval_loss = 0.8893990516662598
eval_mae = 0.415
eval_runtime = 30.2262
eval_samples_per_second = 165.419
