eval_accuracy = 0.4973999857902527
eval_loss = 1.2344797849655151
eval_mae = 0.6042
eval_runtime = 17.8959
eval_samples_per_second = 279.394
