eval_accuracy = 0.6064000129699707
eval_loss = 0.9490391612052917
eval_mae = 0.45
eval_runtime = 19.5161
eval_samples_per_second = 256.198
