eval_accuracy = 0.503600001335144
eval_loss = 1.1551308631896973
eval_mae = 0.5864
eval_runtime = 17.2982
eval_samples_per_second = 289.048
