eval_accuracy = 0.5493999719619751
eval_loss = 1.147635579109192
eval_mae = 0.5812
eval_runtime = 17.4401
eval_samples_per_second = 286.695
