eval_accuracy = 0.5479999780654907
eval_loss = 1.0860761404037476
eval_mae = 0.5408
eval_runtime = 18.5914
eval_samples_per_second = 268.942
