eval_accuracy = 0.569599986076355
eval_loss = 1.020884394645691
eval_mae = 0.5094
eval_runtime = 16.4815
eval_samples_per_second = 303.371
