eval_accuracy = 0.5806000232696533
eval_loss = 1.0109773874282837
eval_mae = 0.4812
eval_runtime = 17.5005
eval_samples_per_second = 285.706
