eval_accuracy = 0.590399980545044
eval_loss = 0.9487101435661316
eval_mae = 0.4636
eval_runtime = 17.3235
eval_samples_per_second = 288.625
