eval_accuracy = 0.5703999996185303
eval_loss = 1.0202314853668213
eval_mae = 0.5072
eval_runtime = 16.58
eval_samples_per_second = 301.568
