eval_accuracy = 0.5740000009536743
eval_loss = 1.084883451461792
eval_mae = 0.513
eval_runtime = 17.0123
eval_samples_per_second = 293.906
