eval_accuracy = 0.45899999141693115
eval_loss = 1.3663140535354614
eval_mae = 0.7302
eval_runtime = 16.8008
eval_samples_per_second = 297.604
