eval_accuracy = 0.5586000084877014
eval_loss = 1.079323649406433
eval_mae = 0.5308
eval_runtime = 23.4313
eval_samples_per_second = 213.39
