eval_accuracy = 0.5799999833106995
eval_loss = 1.017166018486023
eval_mae = 0.4824
eval_runtime = 17.4786
eval_samples_per_second = 286.064
