eval_accuracy = 0.5756000280380249
eval_loss = 1.0059677362442017
eval_mae = 0.4956
eval_runtime = 17.1446
eval_samples_per_second = 291.636
