eval_accuracy = 0.48080000281333923
eval_loss = 1.3924435377120972
eval_mae = 0.6738
eval_runtime = 20.8122
eval_samples_per_second = 240.244
