eval_accuracy = 0.5763999819755554
eval_loss = 1.0055187940597534
eval_mae = 0.4954
eval_runtime = 17.2628
eval_samples_per_second = 289.639
