eval_accuracy = 0.4997999966144562
eval_loss = 1.2275378704071045
eval_mae = 0.6032
eval_runtime = 18.4578
eval_samples_per_second = 270.888
