eval_accuracy = 0.5609999895095825
eval_loss = 1.0451749563217163
eval_mae = 0.5082
eval_runtime = 18.2029
eval_samples_per_second = 274.681
