eval_accuracy = 0.5928000211715698
eval_loss = 0.9603108167648315
eval_mae = 0.4834
eval_runtime = 17.4791
eval_samples_per_second = 286.056
