eval_accuracy = 0.5475999712944031
eval_loss = 1.0842763185501099
eval_mae = 0.5414
eval_runtime = 18.8264
eval_samples_per_second = 265.585
