eval_accuracy = 0.5709999799728394
eval_loss = 0.9901219010353088
eval_mae = 0.5074
eval_runtime = 16.9918
eval_samples_per_second = 294.26
