eval_accuracy = 0.4830000102519989
eval_loss = 1.3520574569702148
eval_mae = 0.6706
eval_runtime = 18.5158
eval_samples_per_second = 270.039
