eval_accuracy = 0.44040000438690186
eval_loss = 1.4420357942581177
eval_mae = 0.7286
eval_runtime = 26.1872
eval_samples_per_second = 190.933
