eval_accuracy = 0.5789999961853027
eval_loss = 1.017521858215332
eval_mae = 0.484
eval_runtime = 16.8087
eval_samples_per_second = 297.464
