eval_accuracy = 0.59579998254776
eval_loss = 1.0054630041122437
eval_mae = 0.466
eval_runtime = 17.2444
eval_samples_per_second = 289.95
