eval_accuracy = 0.4697999954223633
eval_loss = 1.3482472896575928
eval_mae = 0.6922
eval_runtime = 17.295
eval_samples_per_second = 289.101
