eval_accuracy = 0.6007999777793884
eval_loss = 0.9354936480522156
eval_mae = 0.4556
eval_runtime = 17.0909
eval_samples_per_second = 292.553
