eval_accuracy = 0.4733999967575073
eval_loss = 1.3464487791061401
eval_mae = 0.6878
eval_runtime = 17.2946
eval_samples_per_second = 289.108
