eval_accuracy = 0.5568000078201294
eval_loss = 1.0235756635665894
eval_mae = 0.5332
eval_runtime = 17.2967
eval_samples_per_second = 289.073
