eval_accuracy = 0.5703999996185303
eval_loss = 1.0212589502334595
eval_mae = 0.5074
eval_runtime = 16.496
eval_samples_per_second = 303.104
