eval_accuracy = 0.5576000213623047
eval_loss = 1.05242121219635
eval_mae = 0.522
eval_runtime = 18.4512
eval_samples_per_second = 270.986
