eval_accuracy = 0.4830000102519989
eval_loss = 1.3523744344711304
eval_mae = 0.6714
eval_runtime = 22.4705
eval_samples_per_second = 222.514
