eval_accuracy = 0.605400025844574
eval_loss = 0.9460542798042297
eval_mae = 0.4558
eval_runtime = 16.4251
eval_samples_per_second = 304.413
