eval_accuracy = 0.47620001435279846
eval_loss = 1.337736964225769
eval_mae = 0.6928
eval_runtime = 15.9614
eval_samples_per_second = 313.256
