eval_accuracy = 0.4959999918937683
eval_loss = 1.236501932144165
eval_mae = 0.6494
eval_runtime = 21.0029
eval_samples_per_second = 238.062
