eval_accuracy = 0.5555999875068665
eval_loss = 1.0803436040878296
eval_mae = 0.5658
eval_runtime = 24.7132
eval_samples_per_second = 202.321
