eval_accuracy = 0.4803999960422516
eval_loss = 1.3959532976150513
eval_mae = 0.6728
eval_runtime = 18.6801
eval_samples_per_second = 267.664
