eval_accuracy = 0.46799999475479126
eval_loss = 1.3389555215835571
eval_mae = 0.6886
eval_runtime = 23.4947
eval_samples_per_second = 212.814
