eval_accuracy = 0.5722000002861023
eval_loss = 0.9908040761947632
eval_mae = 0.5062
eval_runtime = 17.0325
eval_samples_per_second = 293.557
