eval_accuracy = 0.5702000260353088
eval_loss = 1.0198415517807007
eval_mae = 0.51
eval_runtime = 17.2682
eval_samples_per_second = 289.55
