eval_accuracy = 0.545199990272522
eval_loss = 1.029860496520996
eval_mae = 0.5396
eval_runtime = 17.4091
eval_samples_per_second = 287.207
