eval_accuracy = 0.4715999960899353
eval_loss = 1.3554925918579102
eval_mae = 0.6904
eval_runtime = 17.5895
eval_samples_per_second = 284.26
