eval_accuracy = 0.483599990606308
eval_loss = 1.352455735206604
eval_mae = 0.671
eval_runtime = 17.8506
eval_samples_per_second = 280.103
