eval_accuracy = 0.6057999730110168
eval_loss = 0.9455522298812866
eval_mae = 0.4558
eval_runtime = 17.262
eval_samples_per_second = 289.654
