eval_accuracy = 0.5812000036239624
eval_loss = 0.9799515604972839
eval_mae = 0.4902
eval_runtime = 17.4159
eval_samples_per_second = 287.094
