eval_accuracy = 0.5691999793052673
eval_loss = 1.0218751430511475
eval_mae = 0.5064
eval_runtime = 17.2848
eval_samples_per_second = 289.271
