eval_accuracy = 0.6061999797821045
eval_loss = 0.9463656544685364
eval_mae = 0.4556
eval_runtime = 17.475
eval_samples_per_second = 286.123
