eval_accuracy = 0.6362000107765198
eval_loss = 0.8894550800323486
eval_mae = 0.4142
eval_runtime = 18.3344
eval_samples_per_second = 272.711
