eval_accuracy = 0.5654000043869019
eval_loss = 1.014980673789978
eval_mae = 0.5062
eval_runtime = 17.0361
eval_samples_per_second = 293.495
