eval_accuracy = 0.5565999746322632
eval_loss = 1.0800191164016724
eval_mae = 0.5652
eval_runtime = 27.4584
eval_samples_per_second = 182.094
