eval_accuracy = 0.6007999777793884
eval_loss = 0.954862117767334
eval_mae = 0.4632
eval_runtime = 16.2217
eval_samples_per_second = 308.229
