eval_accuracy = 0.5752000212669373
eval_loss = 1.085004448890686
eval_mae = 0.5098
eval_runtime = 16.4692
eval_samples_per_second = 303.598
