eval_accuracy = 0.4991999864578247
eval_loss = 1.1607517004013062
eval_mae = 0.587
eval_runtime = 16.4392
eval_samples_per_second = 304.151
