eval_accuracy = 0.4787999987602234
eval_loss = 1.3898582458496094
eval_mae = 0.6766
eval_runtime = 18.6966
eval_samples_per_second = 267.428
