eval_accuracy = 0.605400025844574
eval_loss = 0.9453007578849792
eval_mae = 0.4564
eval_runtime = 17.3983
eval_samples_per_second = 287.384
