eval_accuracy = 0.5753999948501587
eval_loss = 1.0848320722579956
eval_mae = 0.511
eval_runtime = 16.1177
eval_samples_per_second = 310.218
