eval_accuracy = 0.6055999994277954
eval_loss = 0.9374475479125977
eval_mae = 0.4506
eval_runtime = 16.0339
eval_samples_per_second = 311.839
