eval_accuracy = 0.574999988079071
eval_loss = 1.005542516708374
eval_mae = 0.4968
eval_runtime = 16.5628
eval_samples_per_second = 301.88
