eval_accuracy = 0.5911999940872192
eval_loss = 0.9483810663223267
eval_mae = 0.4624
eval_runtime = 16.6105
eval_samples_per_second = 301.014
