eval_accuracy = 0.5511999726295471
eval_loss = 1.0839521884918213
eval_mae = 0.5374
eval_runtime = 30.0797
eval_samples_per_second = 166.225
