eval_accuracy = 0.5598000288009644
eval_loss = 1.0781623125076294
eval_mae = 0.562
eval_runtime = 19.4798
eval_samples_per_second = 256.676
