eval_accuracy = 0.5005999803543091
eval_loss = 1.219606876373291
eval_mae = 0.6018
eval_runtime = 18.3555
eval_samples_per_second = 272.399
