eval_accuracy = 0.578000009059906
eval_loss = 1.0182596445083618
eval_mae = 0.484
eval_runtime = 17.4843
eval_samples_per_second = 285.971
