eval_accuracy = 0.5813999772071838
eval_loss = 0.9786919951438904
eval_mae = 0.4886
eval_runtime = 16.7062
eval_samples_per_second = 299.291
