eval_accuracy = 0.4832000136375427
eval_loss = 1.350221037864685
eval_mae = 0.6712
eval_runtime = 20.6727
eval_samples_per_second = 241.865
