eval_accuracy = 0.46799999475479126
eval_loss = 1.296370506286621
eval_mae = 0.6816
eval_runtime = 32.0196
eval_samples_per_second = 156.154
