eval_accuracy = 0.5618000030517578
eval_loss = 1.0461747646331787
eval_mae = 0.5076
eval_runtime = 18.7971
eval_samples_per_second = 265.998
