eval_accuracy = 0.5016000270843506
eval_loss = 1.2271610498428345
eval_mae = 0.6012
eval_runtime = 18.3774
eval_samples_per_second = 272.074
