eval_accuracy = 0.5799999833106995
eval_loss = 1.0187056064605713
eval_mae = 0.4822
eval_runtime = 17.4678
eval_samples_per_second = 286.241
