eval_accuracy = 0.5027999877929688
eval_loss = 1.1766726970672607
eval_mae = 0.592
eval_runtime = 17.3529
eval_samples_per_second = 288.137
