eval_accuracy = 0.5752000212669373
eval_loss = 1.0068998336791992
eval_mae = 0.496
eval_runtime = 17.2414
eval_samples_per_second = 289.999
