eval_accuracy = 0.5906000137329102
eval_loss = 1.0060205459594727
eval_mae = 0.4724
eval_runtime = 17.3534
eval_samples_per_second = 288.127
