eval_accuracy = 0.620199978351593
eval_loss = 0.9505051970481873
eval_mae = 0.429
eval_runtime = 17.3571
eval_samples_per_second = 288.066
