eval_accuracy = 0.5985999703407288
eval_loss = 0.9561464786529541
eval_mae = 0.466
eval_runtime = 17.3337
eval_samples_per_second = 288.456
