eval_accuracy = 0.531000018119812
eval_loss = 1.056194543838501
eval_mae = 0.5702
eval_runtime = 16.0129
eval_samples_per_second = 312.249
