eval_accuracy = 0.5690000057220459
eval_loss = 0.990807831287384
eval_mae = 0.5078
eval_runtime = 16.1653
eval_samples_per_second = 309.305
