eval_accuracy = 0.5812000036239624
eval_loss = 1.0110974311828613
eval_mae = 0.4802
eval_runtime = 17.4165
eval_samples_per_second = 287.084
