eval_accuracy = 0.49900001287460327
eval_loss = 1.2279233932495117
eval_mae = 0.6046
eval_runtime = 18.3883
eval_samples_per_second = 271.912
