eval_accuracy = 0.4997999966144562
eval_loss = 1.2282636165618896
eval_mae = 0.6034
eval_runtime = 18.3805
eval_samples_per_second = 272.027
