eval_accuracy = 0.48339998722076416
eval_loss = 1.3516016006469727
eval_mae = 0.6726
eval_runtime = 24.0612
eval_samples_per_second = 207.804
