eval_accuracy = 0.48500001430511475
eval_loss = 1.3462836742401123
eval_mae = 0.6696
eval_runtime = 18.3917
eval_samples_per_second = 271.862
