eval_accuracy = 0.5582000017166138
eval_loss = 1.024179458618164
eval_mae = 0.5326
eval_runtime = 17.2994
eval_samples_per_second = 289.028
