eval_accuracy = 0.5794000029563904
eval_loss = 1.0124157667160034
eval_mae = 0.4832
eval_runtime = 17.0252
eval_samples_per_second = 293.683
