eval_accuracy = 0.5893999934196472
eval_loss = 0.949823260307312
eval_mae = 0.4646
eval_runtime = 16.5538
eval_samples_per_second = 302.045
