eval_accuracy = 0.5925999879837036
eval_loss = 0.9475865364074707
eval_mae = 0.47
eval_runtime = 23.9557
eval_samples_per_second = 208.718
