eval_accuracy = 0.48080000281333923
eval_loss = 1.3921666145324707
eval_mae = 0.674
eval_runtime = 24.7157
eval_samples_per_second = 202.3
