eval_accuracy = 0.4975999891757965
eval_loss = 1.2341196537017822
eval_mae = 0.645
eval_runtime = 19.8162
eval_samples_per_second = 252.319
