eval_accuracy = 0.5938000082969666
eval_loss = 1.0064927339553833
eval_mae = 0.4674
eval_runtime = 17.3795
eval_samples_per_second = 287.696
