eval_accuracy = 0.5564000010490417
eval_loss = 1.080466389656067
eval_mae = 0.5654
eval_runtime = 20.384
eval_samples_per_second = 245.29
