eval_accuracy = 0.46720001101493835
eval_loss = 1.3402111530303955
eval_mae = 0.6906
eval_runtime = 18.3708
eval_samples_per_second = 272.17
