eval_accuracy = 0.4991999864578247
eval_loss = 1.1613107919692993
eval_mae = 0.5924
eval_runtime = 17.2439
eval_samples_per_second = 289.958
