eval_accuracy = 0.4708000123500824
eval_loss = 1.3460837602615356
eval_mae = 0.6908
eval_runtime = 17.3179
eval_samples_per_second = 288.718
