eval_accuracy = 0.5825999975204468
eval_loss = 0.9785487055778503
eval_mae = 0.4874
eval_runtime = 16.4344
eval_samples_per_second = 304.24
