eval_accuracy = 0.45820000767707825
eval_loss = 1.365938663482666
eval_mae = 0.7314
eval_runtime = 17.2898
eval_samples_per_second = 289.189
