eval_accuracy = 0.6060000061988831
eval_loss = 0.9502135515213013
eval_mae = 0.4498
eval_runtime = 19.6596
eval_samples_per_second = 254.328
