eval_accuracy = 0.5997999906539917
eval_loss = 0.9557744860649109
eval_mae = 0.4638
eval_runtime = 17.3562
eval_samples_per_second = 288.082
