eval_accuracy = 0.43959999084472656
eval_loss = 1.4431904554367065
eval_mae = 0.7298
eval_runtime = 24.0384
eval_samples_per_second = 208.001
