eval_accuracy = 0.569599986076355
eval_loss = 0.9912591576576233
eval_mae = 0.5076
eval_runtime = 17.091
eval_samples_per_second = 292.552
