eval_accuracy = 0.6046000123023987
eval_loss = 0.9497777223587036
eval_mae = 0.453
eval_runtime = 19.1462
eval_samples_per_second = 261.148
