eval_accuracy = 0.4684000015258789
eval_loss = 1.3395237922668457
eval_mae = 0.6882
eval_runtime = 19.5729
eval_samples_per_second = 255.455
