eval_accuracy = 0.4805999994277954
eval_loss = 1.3919323682785034
eval_mae = 0.674
eval_runtime = 19.7209
eval_samples_per_second = 253.538
