eval_accuracy = 0.45899999141693115
eval_loss = 1.3674546480178833
eval_mae = 0.7298
eval_runtime = 17.717
eval_samples_per_second = 282.215
