eval_accuracy = 0.5934000015258789
eval_loss = 0.9476295709609985
eval_mae = 0.4694
eval_runtime = 19.6091
eval_samples_per_second = 254.984
