eval_accuracy = 0.49799999594688416
eval_loss = 1.2296500205993652
eval_mae = 0.6462
eval_runtime = 20.8268
eval_samples_per_second = 240.075
