eval_accuracy = 0.506600022315979
eval_loss = 1.2287226915359497
eval_mae = 0.621
eval_runtime = 20.2583
eval_samples_per_second = 246.813
