eval_accuracy = 0.5935999751091003
eval_loss = 1.0064960718154907
eval_mae = 0.4678
eval_runtime = 17.2258
eval_samples_per_second = 290.262
