eval_accuracy = 0.5019999742507935
eval_loss = 1.1777087450027466
eval_mae = 0.594
eval_runtime = 17.4966
eval_samples_per_second = 285.77
