eval_accuracy = 0.5645999908447266
eval_loss = 1.0157912969589233
eval_mae = 0.509
eval_runtime = 17.0406
eval_samples_per_second = 293.418
