eval_accuracy = 0.5577999949455261
eval_loss = 1.064011573791504
eval_mae = 0.5212
eval_runtime = 18.3907
eval_samples_per_second = 271.877
