eval_accuracy = 0.5461999773979187
eval_loss = 1.0299718379974365
eval_mae = 0.5392
eval_runtime = 17.2234
eval_samples_per_second = 290.304
