eval_accuracy = 0.5027999877929688
eval_loss = 1.1771117448806763
eval_mae = 0.5912
eval_runtime = 16.7453
eval_samples_per_second = 298.591
