eval_accuracy = 0.6353999972343445
eval_loss = 0.8889501094818115
eval_mae = 0.4158
eval_runtime = 28.3393
eval_samples_per_second = 176.433
