eval_accuracy = 0.5569999814033508
eval_loss = 1.0623807907104492
eval_mae = 0.5212
eval_runtime = 18.3396
eval_samples_per_second = 272.634
