eval_accuracy = 0.46860000491142273
eval_loss = 1.3427749872207642
eval_mae = 0.688
eval_runtime = 25.0029
eval_samples_per_second = 199.977
