eval_accuracy = 0.4984000027179718
eval_loss = 1.238303542137146
eval_mae = 0.6072
eval_runtime = 18.3744
eval_samples_per_second = 272.118
