eval_accuracy = 0.5676000118255615
eval_loss = 0.990976095199585
eval_mae = 0.5094
eval_runtime = 16.9471
eval_samples_per_second = 295.035
