eval_accuracy = 0.5559999942779541
eval_loss = 1.080284595489502
eval_mae = 0.5652
eval_runtime = 22.6279
eval_samples_per_second = 220.966
