eval_accuracy = 0.46779999136924744
eval_loss = 1.3386784791946411
eval_mae = 0.6888
eval_runtime = 38.0052
eval_samples_per_second = 131.561
