eval_accuracy = 0.5777999758720398
eval_loss = 1.006784439086914
eval_mae = 0.4938
eval_runtime = 16.1368
eval_samples_per_second = 309.85
