eval_accuracy = 0.6028000116348267
eval_loss = 0.9357781410217285
eval_mae = 0.4534
eval_runtime = 16.9965
eval_samples_per_second = 294.178
