eval_accuracy = 0.5062000155448914
eval_loss = 1.2330822944641113
eval_mae = 0.622
eval_runtime = 18.9116
eval_samples_per_second = 264.388
