eval_accuracy = 0.5559999942779541
eval_loss = 1.0248000621795654
eval_mae = 0.535
eval_runtime = 17.4155
eval_samples_per_second = 287.1
