eval_accuracy = 0.590399980545044
eval_loss = 0.9488529562950134
eval_mae = 0.463
eval_runtime = 16.476
eval_samples_per_second = 303.472
