eval_accuracy = 0.5997999906539917
eval_loss = 0.9556871056556702
eval_mae = 0.463
eval_runtime = 17.2532
eval_samples_per_second = 289.801
