eval_accuracy = 0.5759999752044678
eval_loss = 1.0852404832839966
eval_mae = 0.5096
eval_runtime = 16.0625
eval_samples_per_second = 311.283
