eval_accuracy = 0.5583999752998352
eval_loss = 1.077088475227356
eval_mae = 0.53
eval_runtime = 21.8969
eval_samples_per_second = 228.343
