eval_accuracy = 0.5938000082969666
eval_loss = 0.9598243236541748
eval_mae = 0.4826
eval_runtime = 17.4616
eval_samples_per_second = 286.342
