eval_accuracy = 0.5795999765396118
eval_loss = 1.017670750617981
eval_mae = 0.4826
eval_runtime = 17.1536
eval_samples_per_second = 291.484
