eval_accuracy = 0.6021999716758728
eval_loss = 0.9460130929946899
eval_mae = 0.4588
eval_runtime = 17.1636
eval_samples_per_second = 291.315
