eval_accuracy = 0.4580000042915344
eval_loss = 1.3672150373458862
eval_mae = 0.7314
eval_runtime = 17.3239
eval_samples_per_second = 288.619
