eval_accuracy = 0.6341999769210815
eval_loss = 0.8938603401184082
eval_mae = 0.4166
eval_runtime = 19.2484
eval_samples_per_second = 259.762
