eval_accuracy = 0.48500001430511475
eval_loss = 1.3528075218200684
eval_mae = 0.6696
eval_runtime = 24.2375
eval_samples_per_second = 206.292
