eval_accuracy = 0.49959999322891235
eval_loss = 1.2427384853363037
eval_mae = 0.5958
eval_runtime = 18.8138
eval_samples_per_second = 265.763
