eval_accuracy = 0.5016000270843506
eval_loss = 1.176761269569397
eval_mae = 0.5938
eval_runtime = 17.3489
eval_samples_per_second = 288.202
