eval_accuracy = 0.5946000218391418
eval_loss = 0.960228681564331
eval_mae = 0.4812
eval_runtime = 17.4902
eval_samples_per_second = 285.874
