eval_accuracy = 0.4968000054359436
eval_loss = 1.2386300563812256
eval_mae = 0.6478
eval_runtime = 25.6922
eval_samples_per_second = 194.612
