eval_accuracy = 0.5892000198364258
eval_loss = 0.9488230347633362
eval_mae = 0.464
eval_runtime = 16.6697
eval_samples_per_second = 299.946
