eval_accuracy = 0.5464000105857849
eval_loss = 1.0291553735733032
eval_mae = 0.5382
eval_runtime = 16.4533
eval_samples_per_second = 303.89
