eval_accuracy = 0.6060000061988831
eval_loss = 0.9494770765304565
eval_mae = 0.45
eval_runtime = 31.3913
eval_samples_per_second = 159.28
