eval_accuracy = 0.5077999830245972
eval_loss = 1.229383945465088
eval_mae = 0.62
eval_runtime = 22.3464
eval_samples_per_second = 223.75
