eval_accuracy = 0.526199996471405
eval_loss = 1.0539027452468872
eval_mae = 0.572
eval_runtime = 15.9684
eval_samples_per_second = 313.118
