eval_accuracy = 0.5839999914169312
eval_loss = 1.005892276763916
eval_mae = 0.476
eval_runtime = 16.783
eval_samples_per_second = 297.92
