eval_accuracy = 0.5052000284194946
eval_loss = 1.2312320470809937
eval_mae = 0.6226
eval_runtime = 21.0835
eval_samples_per_second = 237.152
