eval_accuracy = 0.5569999814033508
eval_loss = 1.0786337852478027
eval_mae = 0.5328
eval_runtime = 30.8323
eval_samples_per_second = 162.167
