eval_accuracy = 0.48100000619888306
eval_loss = 1.3922008275985718
eval_mae = 0.6736
eval_runtime = 22.3276
eval_samples_per_second = 223.938
