eval_accuracy = 0.5455999970436096
eval_loss = 1.0301121473312378
eval_mae = 0.5398
eval_runtime = 17.4254
eval_samples_per_second = 286.937
