eval_accuracy = 0.5004000067710876
eval_loss = 1.2427552938461304
eval_mae = 0.595
eval_runtime = 19.112
eval_samples_per_second = 261.616
