eval_accuracy = 0.5932000279426575
eval_loss = 1.0063402652740479
eval_mae = 0.4682
eval_runtime = 17.1604
eval_samples_per_second = 291.369
