eval_accuracy = 0.6208000183105469
eval_loss = 0.9509503841400146
eval_mae = 0.4292
eval_runtime = 17.3277
eval_samples_per_second = 288.555
