eval_accuracy = 0.5705999732017517
eval_loss = 1.0209468603134155
eval_mae = 0.5068
eval_runtime = 16.5437
eval_samples_per_second = 302.23
