eval_accuracy = 0.6208000183105469
eval_loss = 0.9514972567558289
eval_mae = 0.4292
eval_runtime = 17.5189
eval_samples_per_second = 285.407
