eval_accuracy = 0.5558000206947327
eval_loss = 1.080295443534851
eval_mae = 0.5654
eval_runtime = 22.3795
eval_samples_per_second = 223.419
