eval_accuracy = 0.5031999945640564
eval_loss = 1.1759916543960571
eval_mae = 0.591
eval_runtime = 17.5815
eval_samples_per_second = 284.39
