eval_accuracy = 0.4740000069141388
eval_loss = 1.3436827659606934
eval_mae = 0.6962
eval_runtime = 17.0366
eval_samples_per_second = 293.485
