eval_accuracy = 0.5752000212669373
eval_loss = 1.0847152471542358
eval_mae = 0.5108
eval_runtime = 16.4465
eval_samples_per_second = 304.016
