eval_accuracy = 0.5641999840736389
eval_loss = 1.015148401260376
eval_mae = 0.5074
eval_runtime = 16.9567
eval_samples_per_second = 294.868
