eval_accuracy = 0.574400007724762
eval_loss = 1.0828399658203125
eval_mae = 0.5106
eval_runtime = 16.5086
eval_samples_per_second = 302.873
