eval_accuracy = 0.5667999982833862
eval_loss = 1.0145951509475708
eval_mae = 0.5048
eval_runtime = 17.1389
eval_samples_per_second = 291.734
