eval_accuracy = 0.4675999879837036
eval_loss = 1.339237093925476
eval_mae = 0.689
eval_runtime = 34.1177
eval_samples_per_second = 146.552
