eval_accuracy = 0.5568000078201294
eval_loss = 1.0625591278076172
eval_mae = 0.5228
eval_runtime = 18.3111
eval_samples_per_second = 273.058
