eval_accuracy = 0.5753999948501587
eval_loss = 1.0060441493988037
eval_mae = 0.4964
eval_runtime = 17.4287
eval_samples_per_second = 286.883
