eval_accuracy = 0.5072000026702881
eval_loss = 1.2273205518722534
eval_mae = 0.6196
eval_runtime = 29.5551
eval_samples_per_second = 169.176
