eval_accuracy = 0.6055999994277954
eval_loss = 0.9459338784217834
eval_mae = 0.4558
eval_runtime = 17.3827
eval_samples_per_second = 287.643
