eval_accuracy = 0.545199990272522
eval_loss = 1.0294373035430908
eval_mae = 0.5388
eval_runtime = 16.7537
eval_samples_per_second = 298.441
