eval_accuracy = 0.620199978351593
eval_loss = 0.9510493874549866
eval_mae = 0.4286
eval_runtime = 17.4918
eval_samples_per_second = 285.849
