eval_accuracy = 0.5758000016212463
eval_loss = 1.0054588317871094
eval_mae = 0.4964
eval_runtime = 17.225
eval_samples_per_second = 290.275
