eval_accuracy = 0.47519999742507935
eval_loss = 1.341887354850769
eval_mae = 0.6934
eval_runtime = 16.9868
eval_samples_per_second = 294.347
