eval_accuracy = 0.5001999735832214
eval_loss = 1.24253249168396
eval_mae = 0.5952
eval_runtime = 19.2574
eval_samples_per_second = 259.641
