eval_accuracy = 0.47600001096725464
eval_loss = 1.3921630382537842
eval_mae = 0.6824
eval_runtime = 18.4059
eval_samples_per_second = 271.652
