eval_accuracy = 0.5723999738693237
eval_loss = 0.990489661693573
eval_mae = 0.5058
eval_runtime = 17.0421
eval_samples_per_second = 293.392
