eval_accuracy = 0.4814000129699707
eval_loss = 1.3923985958099365
eval_mae = 0.6732
eval_runtime = 28.0895
eval_samples_per_second = 178.003
