eval_accuracy = 0.5580000281333923
eval_loss = 1.059340238571167
eval_mae = 0.5238
eval_runtime = 18.3992
eval_samples_per_second = 271.751
