eval_accuracy = 0.576200008392334
eval_loss = 1.084555745124817
eval_mae = 0.5086
eval_runtime = 16.7857
eval_samples_per_second = 297.872
