eval_accuracy = 0.5807999968528748
eval_loss = 0.9793716073036194
eval_mae = 0.4896
eval_runtime = 17.3729
eval_samples_per_second = 287.805
