eval_accuracy = 0.5415999889373779
eval_loss = 1.0299289226531982
eval_mae = 0.5438
eval_runtime = 17.3968
eval_samples_per_second = 287.41
