eval_accuracy = 0.5591999888420105
eval_loss = 1.0629212856292725
eval_mae = 0.5224
eval_runtime = 18.3161
eval_samples_per_second = 272.984
