eval_accuracy = 0.47519999742507935
eval_loss = 1.3429509401321411
eval_mae = 0.6938
eval_runtime = 17.0331
eval_samples_per_second = 293.546
