eval_accuracy = 0.5803999900817871
eval_loss = 1.0117082595825195
eval_mae = 0.4818
eval_runtime = 17.4078
eval_samples_per_second = 287.228
