eval_accuracy = 0.5799999833106995
eval_loss = 1.0112464427947998
eval_mae = 0.4814
eval_runtime = 16.8002
eval_samples_per_second = 297.616
