eval_accuracy = 0.5070000290870667
eval_loss = 1.2337861061096191
eval_mae = 0.622
eval_runtime = 18.8872
eval_samples_per_second = 264.729
