eval_accuracy = 0.4986000061035156
eval_loss = 1.2321983575820923
eval_mae = 0.5948
eval_runtime = 20.2557
eval_samples_per_second = 246.844
