eval_accuracy = 0.5788000226020813
eval_loss = 1.0175338983535767
eval_mae = 0.4836
eval_runtime = 16.8174
eval_samples_per_second = 297.312
