eval_accuracy = 0.5058000087738037
eval_loss = 1.1580370664596558
eval_mae = 0.5846
eval_runtime = 16.584
eval_samples_per_second = 301.495
