eval_accuracy = 0.5019999742507935
eval_loss = 1.1768553256988525
eval_mae = 0.5922
eval_runtime = 17.3482
eval_samples_per_second = 288.215
