eval_accuracy = 0.4596000015735626
eval_loss = 1.364930510520935
eval_mae = 0.729
eval_runtime = 16.7524
eval_samples_per_second = 298.464
