eval_accuracy = 0.4814000129699707
eval_loss = 1.3924591541290283
eval_mae = 0.6732
eval_runtime = 28.718
eval_samples_per_second = 174.107
