eval_accuracy = 0.5565999746322632
eval_loss = 1.0247561931610107
eval_mae = 0.5356
eval_runtime = 17.6184
eval_samples_per_second = 283.795
