eval_accuracy = 0.5758000016212463
eval_loss = 1.004794955253601
eval_mae = 0.4954
eval_runtime = 17.2113
eval_samples_per_second = 290.507
