eval_accuracy = 0.5812000036239624
eval_loss = 1.018530249595642
eval_mae = 0.4938
eval_runtime = 24.2917
eval_samples_per_second = 205.832
