eval_accuracy = 0.4968000054359436
eval_loss = 1.2389600276947021
eval_mae = 0.6478
eval_runtime = 33.5733
eval_samples_per_second = 148.928
