eval_accuracy = 0.47200000286102295
eval_loss = 1.3468834161758423
eval_mae = 0.691
eval_runtime = 17.2281
eval_samples_per_second = 290.223
