eval_accuracy = 0.5645999908447266
eval_loss = 1.0140557289123535
eval_mae = 0.5082
eval_runtime = 16.9558
eval_samples_per_second = 294.885
