eval_accuracy = 0.5985999703407288
eval_loss = 0.9552846550941467
eval_mae = 0.465
eval_runtime = 17.3365
eval_samples_per_second = 288.408
