eval_accuracy = 0.5496000051498413
eval_loss = 1.1475545167922974
eval_mae = 0.5814
eval_runtime = 17.3939
eval_samples_per_second = 287.457
