eval_accuracy = 0.6363999843597412
eval_loss = 0.8895607590675354
eval_mae = 0.415
eval_runtime = 18.9619
eval_samples_per_second = 263.686
