eval_accuracy = 0.5568000078201294
eval_loss = 1.078891396522522
eval_mae = 0.5332
eval_runtime = 24.9228
eval_samples_per_second = 200.619
