eval_accuracy = 0.5935999751091003
eval_loss = 0.961241602897644
eval_mae = 0.4824
eval_runtime = 16.7844
eval_samples_per_second = 297.896
