eval_accuracy = 0.47519999742507935
eval_loss = 1.3426916599273682
eval_mae = 0.6938
eval_runtime = 16.3518
eval_samples_per_second = 305.776
