eval_accuracy = 0.5806000232696533
eval_loss = 1.0152597427368164
eval_mae = 0.4816
eval_runtime = 16.4765
eval_samples_per_second = 303.463
