eval_accuracy = 0.6064000129699707
eval_loss = 0.9495884776115417
eval_mae = 0.4494
eval_runtime = 20.0021
eval_samples_per_second = 249.974
