eval_accuracy = 0.5031999945640564
eval_loss = 1.1552687883377075
eval_mae = 0.587
eval_runtime = 17.236
eval_samples_per_second = 290.09
