eval_accuracy = 0.5509999990463257
eval_loss = 1.0817062854766846
eval_mae = 0.5384
eval_runtime = 21.229
eval_samples_per_second = 235.527
