eval_accuracy = 0.5929999947547913
eval_loss = 0.9476867914199829
eval_mae = 0.4692
eval_runtime = 18.3699
eval_samples_per_second = 272.185
