eval_accuracy = 0.5821999907493591
eval_loss = 0.9773261547088623
eval_mae = 0.4866
eval_runtime = 17.33
eval_samples_per_second = 288.517
