eval_accuracy = 0.5063999891281128
eval_loss = 1.2302123308181763
eval_mae = 0.6212
eval_runtime = 21.2339
eval_samples_per_second = 235.473
