eval_accuracy = 0.5493999719619751
eval_loss = 1.1476314067840576
eval_mae = 0.5818
eval_runtime = 17.5585
eval_samples_per_second = 284.762
