eval_accuracy = 0.5906000137329102
eval_loss = 0.9485663771629333
eval_mae = 0.463
eval_runtime = 17.1966
eval_samples_per_second = 290.755
