eval_accuracy = 0.6075999736785889
eval_loss = 0.949917197227478
eval_mae = 0.4488
eval_runtime = 18.8362
eval_samples_per_second = 265.446
