eval_accuracy = 0.4697999954223633
eval_loss = 1.347408652305603
eval_mae = 0.6924
eval_runtime = 17.3491
eval_samples_per_second = 288.2
