eval_accuracy = 0.5899999737739563
eval_loss = 0.9487205147743225
eval_mae = 0.4636
eval_runtime = 17.2501
eval_samples_per_second = 289.853
