eval_accuracy = 0.5654000043869019
eval_loss = 1.0143896341323853
eval_mae = 0.5068
eval_runtime = 17.0489
eval_samples_per_second = 293.275
