eval_accuracy = 0.4722000062465668
eval_loss = 1.346986174583435
eval_mae = 0.6896
eval_runtime = 17.2286
eval_samples_per_second = 290.216
