eval_accuracy = 0.5009999871253967
eval_loss = 1.175290584564209
eval_mae = 0.5944
eval_runtime = 17.382
eval_samples_per_second = 287.655
