eval_accuracy = 0.5479999780654907
eval_loss = 1.0860626697540283
eval_mae = 0.5408
eval_runtime = 23.7536
eval_samples_per_second = 210.495
