eval_accuracy = 0.5687999725341797
eval_loss = 1.0217972993850708
eval_mae = 0.5098
eval_runtime = 17.1708
eval_samples_per_second = 291.192
