eval_accuracy = 0.58160001039505
eval_loss = 1.0117664337158203
eval_mae = 0.48
eval_runtime = 16.3257
eval_samples_per_second = 306.265
