eval_accuracy = 0.5817999839782715
eval_loss = 0.9786059856414795
eval_mae = 0.4884
eval_runtime = 17.3404
eval_samples_per_second = 288.345
