eval_accuracy = 0.5831999778747559
eval_loss = 0.9788523316383362
eval_mae = 0.4862
eval_runtime = 17.5987
eval_samples_per_second = 284.112
