eval_accuracy = 0.5694000124931335
eval_loss = 1.0199729204177856
eval_mae = 0.5084
eval_runtime = 16.6675
eval_samples_per_second = 299.985
