eval_accuracy = 0.4821999967098236
eval_loss = 1.3525248765945435
eval_mae = 0.6722
eval_runtime = 20.0777
eval_samples_per_second = 249.032
