eval_accuracy = 0.46720001101493835
eval_loss = 1.2967731952667236
eval_mae = 0.6828
eval_runtime = 19.5771
eval_samples_per_second = 255.401
