eval_accuracy = 0.5807999968528748
eval_loss = 0.9783468842506409
eval_mae = 0.4894
eval_runtime = 17.3368
eval_samples_per_second = 288.404
