eval_accuracy = 0.49639999866485596
eval_loss = 1.2384750843048096
eval_mae = 0.648
eval_runtime = 22.0749
eval_samples_per_second = 226.502
