eval_accuracy = 0.5928000211715698
eval_loss = 0.9572403430938721
eval_mae = 0.4826
eval_runtime = 17.6486
eval_samples_per_second = 283.308
