eval_accuracy = 0.5914000272750854
eval_loss = 1.007992148399353
eval_mae = 0.4698
eval_runtime = 17.189
eval_samples_per_second = 290.884
