eval_accuracy = 0.5920000076293945
eval_loss = 0.9603297114372253
eval_mae = 0.4844
eval_runtime = 17.3343
eval_samples_per_second = 288.445
