eval_accuracy = 0.43959999084472656
eval_loss = 1.4429595470428467
eval_mae = 0.7294
eval_runtime = 21.1749
eval_samples_per_second = 236.129
