eval_accuracy = 0.5583999752998352
eval_loss = 1.0785492658615112
eval_mae = 0.5308
eval_runtime = 18.3393
eval_samples_per_second = 272.638
