eval_accuracy = 0.49939998984336853
eval_loss = 1.2281044721603394
eval_mae = 0.6038
eval_runtime = 18.3942
eval_samples_per_second = 271.824
