eval_accuracy = 0.49939998984336853
eval_loss = 1.1559921503067017
eval_mae = 0.5914
eval_runtime = 16.696
eval_samples_per_second = 299.472
