eval_accuracy = 0.5580000281333923
eval_loss = 1.079098105430603
eval_mae = 0.5308
eval_runtime = 21.5009
eval_samples_per_second = 232.548
