eval_accuracy = 0.5055999755859375
eval_loss = 1.2311416864395142
eval_mae = 0.6228
eval_runtime = 23.8483
eval_samples_per_second = 209.658
