eval_accuracy = 0.49619999527931213
eval_loss = 1.2393271923065186
eval_mae = 0.6496
eval_runtime = 18.5784
eval_samples_per_second = 269.13
