eval_accuracy = 0.5616000294685364
eval_loss = 1.0456759929656982
eval_mae = 0.5076
eval_runtime = 18.597
eval_samples_per_second = 268.86
