eval_accuracy = 0.5468000173568726
eval_loss = 1.0850836038589478
eval_mae = 0.5422
eval_runtime = 21.5622
eval_samples_per_second = 231.887
