eval_accuracy = 0.5573999881744385
eval_loss = 1.0627542734146118
eval_mae = 0.5218
eval_runtime = 18.2863
eval_samples_per_second = 273.428
