eval_accuracy = 0.4968000054359436
eval_loss = 1.240698218345642
eval_mae = 0.6482
eval_runtime = 26.2083
eval_samples_per_second = 190.779
