eval_accuracy = 0.4675999879837036
eval_loss = 1.3433709144592285
eval_mae = 0.6896
eval_runtime = 19.7478
eval_samples_per_second = 253.192
