eval_accuracy = 0.5821999907493591
eval_loss = 0.9786130785942078
eval_mae = 0.4872
eval_runtime = 17.3688
eval_samples_per_second = 287.872
