eval_accuracy = 0.592199981212616
eval_loss = 1.0084818601608276
eval_mae = 0.4682
eval_runtime = 17.2016
eval_samples_per_second = 290.67
