eval_accuracy = 0.4675999879837036
eval_loss = 1.2967218160629272
eval_mae = 0.682
eval_runtime = 30.4425
eval_samples_per_second = 164.244
