eval_accuracy = 0.4970000088214874
eval_loss = 1.2418699264526367
eval_mae = 0.606
eval_runtime = 18.3591
eval_samples_per_second = 272.344
