eval_accuracy = 0.4846000075340271
eval_loss = 1.3533384799957275
eval_mae = 0.671
eval_runtime = 18.5439
eval_samples_per_second = 269.63
