eval_accuracy = 0.48100000619888306
eval_loss = 1.3927019834518433
eval_mae = 0.6736
eval_runtime = 22.875
eval_samples_per_second = 218.58
