eval_accuracy = 0.5455999970436096
eval_loss = 1.0297644138336182
eval_mae = 0.5404
eval_runtime = 17.3653
eval_samples_per_second = 287.931
