eval_accuracy = 0.501800000667572
eval_loss = 1.178804636001587
eval_mae = 0.5934
eval_runtime = 17.3256
eval_samples_per_second = 288.591
