eval_accuracy = 0.5726000070571899
eval_loss = 1.0849257707595825
eval_mae = 0.5124
eval_runtime = 17.0002
eval_samples_per_second = 294.114
