eval_accuracy = 0.6230000257492065
eval_loss = 0.9432917833328247
eval_mae = 0.4262
eval_runtime = 17.4856
eval_samples_per_second = 285.949
