eval_accuracy = 0.5576000213623047
eval_loss = 1.0623993873596191
eval_mae = 0.5208
eval_runtime = 18.3224
eval_samples_per_second = 272.89
