eval_accuracy = 0.5924000144004822
eval_loss = 0.9477921724319458
eval_mae = 0.4696
eval_runtime = 22.2185
eval_samples_per_second = 225.038
