eval_accuracy = 0.475600004196167
eval_loss = 1.3430582284927368
eval_mae = 0.694
eval_runtime = 16.9859
eval_samples_per_second = 294.361
