eval_accuracy = 0.5483999848365784
eval_loss = 1.0859484672546387
eval_mae = 0.5404
eval_runtime = 18.67
eval_samples_per_second = 267.81
