eval_accuracy = 0.5812000036239624
eval_loss = 0.978223443031311
eval_mae = 0.488
eval_runtime = 16.6697
eval_samples_per_second = 299.945
