eval_accuracy = 0.5012000203132629
eval_loss = 1.1771069765090942
eval_mae = 0.5944
eval_runtime = 17.2211
eval_samples_per_second = 290.341
