eval_accuracy = 0.592199981212616
eval_loss = 0.9476193189620972
eval_mae = 0.4704
eval_runtime = 18.6365
eval_samples_per_second = 268.291
