eval_accuracy = 0.5062000155448914
eval_loss = 1.2291252613067627
eval_mae = 0.6214
eval_runtime = 19.7568
eval_samples_per_second = 253.077
