eval_accuracy = 0.545799970626831
eval_loss = 1.0301146507263184
eval_mae = 0.5388
eval_runtime = 16.7653
eval_samples_per_second = 298.235
