eval_accuracy = 0.5612000226974487
eval_loss = 1.0459109544754028
eval_mae = 0.5084
eval_runtime = 19.3056
eval_samples_per_second = 258.993
