eval_accuracy = 0.46799999475479126
eval_loss = 1.2965261936187744
eval_mae = 0.6816
eval_runtime = 31.2405
eval_samples_per_second = 160.049
