eval_accuracy = 0.5090000033378601
eval_loss = 1.2373414039611816
eval_mae = 0.6202
eval_runtime = 19.1244
eval_samples_per_second = 261.447
