eval_accuracy = 0.4812000095844269
eval_loss = 1.383734107017517
eval_mae = 0.6778
eval_runtime = 19.3185
eval_samples_per_second = 258.82
