eval_accuracy = 0.5690000057220459
eval_loss = 1.020142912864685
eval_mae = 0.5076
eval_runtime = 17.3042
eval_samples_per_second = 288.948
