eval_accuracy = 0.47699999809265137
eval_loss = 1.34381103515625
eval_mae = 0.6928
eval_runtime = 17.2652
eval_samples_per_second = 289.601
