eval_accuracy = 0.47940000891685486
eval_loss = 1.336687684059143
eval_mae = 0.6938
eval_runtime = 17.0347
eval_samples_per_second = 293.519
