eval_accuracy = 0.6000000238418579
eval_loss = 0.9564597606658936
eval_mae = 0.4636
eval_runtime = 17.3296
eval_samples_per_second = 288.524
