eval_accuracy = 0.4397999942302704
eval_loss = 1.4429192543029785
eval_mae = 0.7292
eval_runtime = 22.1144
eval_samples_per_second = 226.097
