eval_accuracy = 0.5649999976158142
eval_loss = 1.0140875577926636
eval_mae = 0.506
eval_runtime = 16.7876
eval_samples_per_second = 297.838
