eval_accuracy = 0.6068000197410583
eval_loss = 0.949347972869873
eval_mae = 0.4494
eval_runtime = 18.6725
eval_samples_per_second = 267.774
