eval_accuracy = 0.5932000279426575
eval_loss = 0.9604368209838867
eval_mae = 0.4828
eval_runtime = 16.2911
eval_samples_per_second = 306.916
