eval_accuracy = 0.5803999900817871
eval_loss = 1.0112853050231934
eval_mae = 0.4816
eval_runtime = 16.8774
eval_samples_per_second = 296.255
