eval_accuracy = 0.5824000239372253
eval_loss = 1.015082836151123
eval_mae = 0.4964
eval_runtime = 32.6789
eval_samples_per_second = 153.004
