eval_accuracy = 0.5564000010490417
eval_loss = 1.063558578491211
eval_mae = 0.5232
eval_runtime = 18.3464
eval_samples_per_second = 272.534
