eval_accuracy = 0.5699999928474426
eval_loss = 0.9909418225288391
eval_mae = 0.5094
eval_runtime = 16.1614
eval_samples_per_second = 309.378
