eval_accuracy = 0.5555999875068665
eval_loss = 1.0245946645736694
eval_mae = 0.535
eval_runtime = 17.255
eval_samples_per_second = 289.771
