eval_accuracy = 0.6215999722480774
eval_loss = 0.9505398273468018
eval_mae = 0.4272
eval_runtime = 17.4526
eval_samples_per_second = 286.491
