eval_accuracy = 0.6212000250816345
eval_loss = 0.9535163044929504
eval_mae = 0.4296
eval_runtime = 17.4537
eval_samples_per_second = 286.473
