eval_accuracy = 0.545199990272522
eval_loss = 1.0292896032333374
eval_mae = 0.5408
eval_runtime = 17.396
eval_samples_per_second = 287.422
