eval_accuracy = 0.5062000155448914
eval_loss = 1.229832649230957
eval_mae = 0.6212
eval_runtime = 20.1151
eval_samples_per_second = 248.569
