eval_accuracy = 0.5558000206947327
eval_loss = 1.06173574924469
eval_mae = 0.5232
eval_runtime = 18.3261
eval_samples_per_second = 272.835
