eval_accuracy = 0.483599990606308
eval_loss = 1.3516725301742554
eval_mae = 0.6712
eval_runtime = 18.3505
eval_samples_per_second = 272.473
