eval_accuracy = 0.4717999994754791
eval_loss = 1.3493138551712036
eval_mae = 0.69
eval_runtime = 17.2926
eval_samples_per_second = 289.141
