eval_accuracy = 0.5752000212669373
eval_loss = 1.0056836605072021
eval_mae = 0.496
eval_runtime = 17.2387
eval_samples_per_second = 290.046
