eval_accuracy = 0.5794000029563904
eval_loss = 1.0106942653656006
eval_mae = 0.4828
eval_runtime = 17.4283
eval_samples_per_second = 286.89
