eval_accuracy = 0.5938000082969666
eval_loss = 1.0065433979034424
eval_mae = 0.4676
eval_runtime = 17.1888
eval_samples_per_second = 290.888
