eval_accuracy = 0.6029999852180481
eval_loss = 0.9347173571586609
eval_mae = 0.4528
eval_runtime = 17.0445
eval_samples_per_second = 293.349
