eval_accuracy = 0.506600022315979
eval_loss = 1.229273796081543
eval_mae = 0.621
eval_runtime = 19.0081
eval_samples_per_second = 263.046
