eval_accuracy = 0.5767999887466431
eval_loss = 1.0195236206054688
eval_mae = 0.4852
eval_runtime = 17.4222
eval_samples_per_second = 286.991
