eval_accuracy = 0.5997999906539917
eval_loss = 0.9571146368980408
eval_mae = 0.4658
eval_runtime = 17.7905
eval_samples_per_second = 281.049
