eval_accuracy = 0.557200014591217
eval_loss = 1.0624672174453735
eval_mae = 0.522
eval_runtime = 18.381
eval_samples_per_second = 272.02
