eval_accuracy = 0.5234000086784363
eval_loss = 1.0553404092788696
eval_mae = 0.575
eval_runtime = 16.534
eval_samples_per_second = 302.407
