eval_accuracy = 0.5907999873161316
eval_loss = 0.9487738013267517
eval_mae = 0.4622
eval_runtime = 16.5744
eval_samples_per_second = 301.669
