eval_accuracy = 0.5558000206947327
eval_loss = 1.024702787399292
eval_mae = 0.5348
eval_runtime = 17.2945
eval_samples_per_second = 289.109
