eval_accuracy = 0.6003999710083008
eval_loss = 0.936898946762085
eval_mae = 0.4542
eval_runtime = 16.3262
eval_samples_per_second = 306.257
