eval_accuracy = 0.6208000183105469
eval_loss = 0.9505870938301086
eval_mae = 0.4288
eval_runtime = 17.4347
eval_samples_per_second = 286.784
