eval_accuracy = 0.49720001220703125
eval_loss = 1.2394400835037231
eval_mae = 0.6472
eval_runtime = 23.629
eval_samples_per_second = 211.604
