eval_accuracy = 0.5626000165939331
eval_loss = 1.0472099781036377
eval_mae = 0.5076
eval_runtime = 18.5367
eval_samples_per_second = 269.735
