eval_accuracy = 0.46799999475479126
eval_loss = 1.3366248607635498
eval_mae = 0.689
eval_runtime = 25.3173
eval_samples_per_second = 197.493
