eval_accuracy = 0.527999997138977
eval_loss = 1.0538145303726196
eval_mae = 0.5686
eval_runtime = 16.4226
eval_samples_per_second = 304.459
