eval_accuracy = 0.6209999918937683
eval_loss = 0.9505049586296082
eval_mae = 0.4282
eval_runtime = 17.4345
eval_samples_per_second = 286.787
