eval_accuracy = 0.5920000076293945
eval_loss = 0.947688102722168
eval_mae = 0.4702
eval_runtime = 21.2483
eval_samples_per_second = 235.313
