eval_accuracy = 0.5465999841690063
eval_loss = 1.0877724885940552
eval_mae = 0.543
eval_runtime = 18.5325
eval_samples_per_second = 269.796
