eval_accuracy = 0.46799999475479126
eval_loss = 1.339025616645813
eval_mae = 0.6886
eval_runtime = 27.5477
eval_samples_per_second = 181.504
