eval_accuracy = 0.6001999974250793
eval_loss = 0.9354923963546753
eval_mae = 0.4552
eval_runtime = 16.0289
eval_samples_per_second = 311.937
