eval_accuracy = 0.5740000009536743
eval_loss = 1.0048571825027466
eval_mae = 0.4962
eval_runtime = 17.1657
eval_samples_per_second = 291.279
