eval_accuracy = 0.5720000267028809
eval_loss = 0.9902076125144958
eval_mae = 0.5058
eval_runtime = 16.9138
eval_samples_per_second = 295.617
