eval_accuracy = 0.5619999766349792
eval_loss = 1.0451233386993408
eval_mae = 0.5076
eval_runtime = 20.2623
eval_samples_per_second = 246.763
