eval_accuracy = 0.4952000081539154
eval_loss = 1.244936466217041
eval_mae = 0.6504
eval_runtime = 18.2806
eval_samples_per_second = 273.514
