eval_accuracy = 0.47859999537467957
eval_loss = 1.3917306661605835
eval_mae = 0.6762
eval_runtime = 34.1074
eval_samples_per_second = 146.596
