eval_accuracy = 0.45840001106262207
eval_loss = 1.3669486045837402
eval_mae = 0.7314
eval_runtime = 17.2914
eval_samples_per_second = 289.16
