eval_accuracy = 0.5807999968528748
eval_loss = 1.011777400970459
eval_mae = 0.481
eval_runtime = 17.5273
eval_samples_per_second = 285.269
