eval_accuracy = 0.5005999803543091
eval_loss = 1.2433604001998901
eval_mae = 0.5946
eval_runtime = 21.5571
eval_samples_per_second = 231.942
