eval_accuracy = 0.5658000111579895
eval_loss = 1.014644742012024
eval_mae = 0.5072
eval_runtime = 17.0388
eval_samples_per_second = 293.447
