eval_accuracy = 0.6057999730110168
eval_loss = 0.9470113515853882
eval_mae = 0.4556
eval_runtime = 17.2172
eval_samples_per_second = 290.407
