eval_accuracy = 0.4675999879837036
eval_loss = 1.3420277833938599
eval_mae = 0.6902
eval_runtime = 18.3625
eval_samples_per_second = 272.294
