eval_accuracy = 0.5813999772071838
eval_loss = 1.0186800956726074
eval_mae = 0.4934
eval_runtime = 23.0163
eval_samples_per_second = 217.237
