eval_accuracy = 0.5465999841690063
eval_loss = 1.0298445224761963
eval_mae = 0.5384
eval_runtime = 17.3077
eval_samples_per_second = 288.889
