eval_accuracy = 0.49900001287460327
eval_loss = 1.2271100282669067
eval_mae = 0.6036
eval_runtime = 18.4546
eval_samples_per_second = 270.936
