eval_accuracy = 0.5595999956130981
eval_loss = 1.0751399993896484
eval_mae = 0.529
eval_runtime = 18.3329
eval_samples_per_second = 272.733
