eval_accuracy = 0.5031999945640564
eval_loss = 1.2213995456695557
eval_mae = 0.5998
eval_runtime = 18.3754
eval_samples_per_second = 272.103
