eval_accuracy = 0.436599999666214
eval_loss = 1.45657479763031
eval_mae = 0.7346
eval_runtime = 19.5201
eval_samples_per_second = 256.146
