eval_accuracy = 0.5544000267982483
eval_loss = 1.0781632661819458
eval_mae = 0.5654
eval_runtime = 18.5614
eval_samples_per_second = 269.376
