eval_accuracy = 0.4681999981403351
eval_loss = 1.2949632406234741
eval_mae = 0.6816
eval_runtime = 24.3834
eval_samples_per_second = 205.057
