eval_accuracy = 0.5758000016212463
eval_loss = 1.0849474668502808
eval_mae = 0.5104
eval_runtime = 16.4039
eval_samples_per_second = 304.805
