eval_accuracy = 0.49959999322891235
eval_loss = 1.2278603315353394
eval_mae = 0.6026
eval_runtime = 18.3782
eval_samples_per_second = 272.062
