eval_accuracy = 0.4675999879837036
eval_loss = 1.2963740825653076
eval_mae = 0.6816
eval_runtime = 25.5282
eval_samples_per_second = 195.862
