eval_accuracy = 0.5925999879837036
eval_loss = 0.9609171152114868
eval_mae = 0.4836
eval_runtime = 17.7296
eval_samples_per_second = 282.014
