eval_accuracy = 0.49880000948905945
eval_loss = 1.2324552536010742
eval_mae = 0.6432
eval_runtime = 19.8609
eval_samples_per_second = 251.751
