eval_accuracy = 0.49720001220703125
eval_loss = 1.2387741804122925
eval_mae = 0.6478
eval_runtime = 23.6532
eval_samples_per_second = 211.388
