eval_accuracy = 0.5702000260353088
eval_loss = 0.9908251762390137
eval_mae = 0.5072
eval_runtime = 17.1013
eval_samples_per_second = 292.375
