eval_accuracy = 0.5063999891281128
eval_loss = 1.2289791107177734
eval_mae = 0.6212
eval_runtime = 36.1536
eval_samples_per_second = 138.299
