eval_accuracy = 0.4844000041484833
eval_loss = 1.3507323265075684
eval_mae = 0.6712
eval_runtime = 17.7391
eval_samples_per_second = 281.863
