eval_accuracy = 0.545199990272522
eval_loss = 1.0299723148345947
eval_mae = 0.54
eval_runtime = 16.4573
eval_samples_per_second = 303.816
