eval_accuracy = 0.5820000171661377
eval_loss = 0.9789228439331055
eval_mae = 0.4882
eval_runtime = 16.6441
eval_samples_per_second = 300.407
