eval_accuracy = 0.5938000082969666
eval_loss = 1.007027268409729
eval_mae = 0.4668
eval_runtime = 17.2985
eval_samples_per_second = 289.042
