eval_accuracy = 0.592199981212616
eval_loss = 0.947563111782074
eval_mae = 0.4698
eval_runtime = 21.1945
eval_samples_per_second = 235.91
