eval_accuracy = 0.5465999841690063
eval_loss = 1.147823691368103
eval_mae = 0.5836
eval_runtime = 17.3636
eval_samples_per_second = 287.958
