eval_accuracy = 0.5925999879837036
eval_loss = 0.9610187411308289
eval_mae = 0.4832
eval_runtime = 17.3822
eval_samples_per_second = 287.65
