eval_accuracy = 0.5271999835968018
eval_loss = 1.053572177886963
eval_mae = 0.57
eval_runtime = 16.8859
eval_samples_per_second = 296.105
