eval_accuracy = 0.6010000109672546
eval_loss = 0.9349648356437683
eval_mae = 0.4564
eval_runtime = 16.4322
eval_samples_per_second = 304.28
