eval_accuracy = 0.5601999759674072
eval_loss = 1.041139006614685
eval_mae = 0.5114
eval_runtime = 18.5109
eval_samples_per_second = 270.111
