eval_accuracy = 0.5271999835968018
eval_loss = 1.0530871152877808
eval_mae = 0.5698
eval_runtime = 18.1095
eval_samples_per_second = 276.098
