eval_accuracy = 0.6367999911308289
eval_loss = 0.8895063400268555
eval_mae = 0.4142
eval_runtime = 18.8666
eval_samples_per_second = 265.018
