eval_accuracy = 0.49639999866485596
eval_loss = 1.2349478006362915
eval_mae = 0.6464
eval_runtime = 18.4039
eval_samples_per_second = 271.682
