eval_accuracy = 0.5005999803543091
eval_loss = 1.2421835660934448
eval_mae = 0.595
eval_runtime = 18.6392
eval_samples_per_second = 268.251
