eval_accuracy = 0.5613999962806702
eval_loss = 1.0487399101257324
eval_mae = 0.5106
eval_runtime = 18.4839
eval_samples_per_second = 270.506
