eval_accuracy = 0.48080000281333923
eval_loss = 1.3928419351577759
eval_mae = 0.6738
eval_runtime = 19.5341
eval_samples_per_second = 255.962
