eval_accuracy = 0.548799991607666
eval_loss = 1.148026943206787
eval_mae = 0.5822
eval_runtime = 17.3693
eval_samples_per_second = 287.865
