eval_accuracy = 0.593999981880188
eval_loss = 1.0069763660430908
eval_mae = 0.4676
eval_runtime = 17.2233
eval_samples_per_second = 290.305
