eval_accuracy = 0.4666000008583069
eval_loss = 1.2997395992279053
eval_mae = 0.6864
eval_runtime = 19.6095
eval_samples_per_second = 254.979
