eval_accuracy = 0.5807999968528748
eval_loss = 1.0117870569229126
eval_mae = 0.4806
eval_runtime = 17.5005
eval_samples_per_second = 285.706
