eval_accuracy = 0.5023999810218811
eval_loss = 1.2379180192947388
eval_mae = 0.5928
eval_runtime = 19.757
eval_samples_per_second = 253.074
