eval_accuracy = 0.5551999807357788
eval_loss = 1.061633825302124
eval_mae = 0.5236
eval_runtime = 18.3963
eval_samples_per_second = 271.793
