eval_accuracy = 0.4970000088214874
eval_loss = 1.2424129247665405
eval_mae = 0.6482
eval_runtime = 18.7115
eval_samples_per_second = 267.215
