eval_accuracy = 0.47940000891685486
eval_loss = 1.3904848098754883
eval_mae = 0.6756
eval_runtime = 20.2044
eval_samples_per_second = 247.471
