eval_accuracy = 0.5758000016212463
eval_loss = 1.0854682922363281
eval_mae = 0.5086
eval_runtime = 17.1381
eval_samples_per_second = 291.748
