eval_accuracy = 0.5565999746322632
eval_loss = 1.0813432931900024
eval_mae = 0.5644
eval_runtime = 18.6824
eval_samples_per_second = 267.631
