eval_accuracy = 0.571399986743927
eval_loss = 0.9904320240020752
eval_mae = 0.5072
eval_runtime = 16.9885
eval_samples_per_second = 294.316
