eval_accuracy = 0.6015999913215637
eval_loss = 0.9355453252792358
eval_mae = 0.4544
eval_runtime = 16.5312
eval_samples_per_second = 302.459
