eval_accuracy = 0.5595999956130981
eval_loss = 1.0707664489746094
eval_mae = 0.5284
eval_runtime = 26.8697
eval_samples_per_second = 186.084
