eval_accuracy = 0.5501999855041504
eval_loss = 1.1476396322250366
eval_mae = 0.5798
eval_runtime = 17.4481
eval_samples_per_second = 286.565
