eval_accuracy = 0.5447999835014343
eval_loss = 1.0298129320144653
eval_mae = 0.5404
eval_runtime = 17.3288
eval_samples_per_second = 288.537
