eval_accuracy = 0.546999990940094
eval_loss = 1.029542326927185
eval_mae = 0.538
eval_runtime = 16.7113
eval_samples_per_second = 299.198
