eval_accuracy = 0.548799991607666
eval_loss = 1.1474025249481201
eval_mae = 0.582
eval_runtime = 16.8258
eval_samples_per_second = 297.162
