eval_accuracy = 0.5067999958992004
eval_loss = 1.2288389205932617
eval_mae = 0.6206
eval_runtime = 18.8877
eval_samples_per_second = 264.723
