eval_accuracy = 0.5658000111579895
eval_loss = 1.0147937536239624
eval_mae = 0.5048
eval_runtime = 17.2964
eval_samples_per_second = 289.078
