eval_accuracy = 0.5666000247001648
eval_loss = 1.0149831771850586
eval_mae = 0.5062
eval_runtime = 16.996
eval_samples_per_second = 294.188
