eval_accuracy = 0.5896000266075134
eval_loss = 0.9497746825218201
eval_mae = 0.4642
eval_runtime = 17.221
eval_samples_per_second = 290.343
