eval_accuracy = 0.5004000067710876
eval_loss = 1.2421954870224
eval_mae = 0.5952
eval_runtime = 19.8479
eval_samples_per_second = 251.916
