eval_accuracy = 0.5284000039100647
eval_loss = 1.0542784929275513
eval_mae = 0.5704
eval_runtime = 16.884
eval_samples_per_second = 296.139
