eval_accuracy = 0.6068000197410583
eval_loss = 0.9500701427459717
eval_mae = 0.4498
eval_runtime = 26.2474
eval_samples_per_second = 190.495
