eval_accuracy = 0.4848000109195709
eval_loss = 1.3519062995910645
eval_mae = 0.6694
eval_runtime = 20.143
eval_samples_per_second = 248.226
