eval_accuracy = 0.6366000175476074
eval_loss = 0.8894521594047546
eval_mae = 0.4144
eval_runtime = 19.2703
eval_samples_per_second = 259.467
