eval_accuracy = 0.5491999983787537
eval_loss = 1.1456612348556519
eval_mae = 0.5802
eval_runtime = 17.4618
eval_samples_per_second = 286.339
