eval_accuracy = 0.5016000270843506
eval_loss = 1.2271801233291626
eval_mae = 0.6008
eval_runtime = 25.2562
eval_samples_per_second = 197.971
