eval_accuracy = 0.4724000096321106
eval_loss = 1.3476980924606323
eval_mae = 0.689
eval_runtime = 17.4146
eval_samples_per_second = 287.116
