eval_accuracy = 0.5997999906539917
eval_loss = 0.955579400062561
eval_mae = 0.4634
eval_runtime = 17.4488
eval_samples_per_second = 286.553
