eval_accuracy = 0.5748000144958496
eval_loss = 1.080331563949585
eval_mae = 0.5092
eval_runtime = 16.9952
eval_samples_per_second = 294.201
