eval_accuracy = 0.579200029373169
eval_loss = 1.0181512832641602
eval_mae = 0.496
eval_runtime = 23.907
eval_samples_per_second = 209.144
