eval_accuracy = 0.6060000061988831
eval_loss = 0.9496062397956848
eval_mae = 0.4516
eval_runtime = 19.0366
eval_samples_per_second = 262.652
