eval_accuracy = 0.5924000144004822
eval_loss = 0.9594271779060364
eval_mae = 0.483
eval_runtime = 17.2624
eval_samples_per_second = 289.646
