eval_accuracy = 0.5929999947547913
eval_loss = 0.9463515877723694
eval_mae = 0.4698
eval_runtime = 19.9412
eval_samples_per_second = 250.737
