eval_accuracy = 0.602400004863739
eval_loss = 0.934246301651001
eval_mae = 0.4542
eval_runtime = 16.5005
eval_samples_per_second = 303.021
