eval_accuracy = 0.579200029373169
eval_loss = 1.0093202590942383
eval_mae = 0.4824
eval_runtime = 17.3918
eval_samples_per_second = 287.492
