eval_accuracy = 0.6010000109672546
eval_loss = 0.9356951117515564
eval_mae = 0.4556
eval_runtime = 16.0042
eval_samples_per_second = 312.418
