eval_accuracy = 0.47699999809265137
eval_loss = 1.3377809524536133
eval_mae = 0.6936
eval_runtime = 16.9507
eval_samples_per_second = 294.973
