eval_accuracy = 0.5753999948501587
eval_loss = 1.0059012174606323
eval_mae = 0.497
eval_runtime = 16.7795
eval_samples_per_second = 297.983
