eval_accuracy = 0.5091999769210815
eval_loss = 1.2247117757797241
eval_mae = 0.6178
eval_runtime = 23.5137
eval_samples_per_second = 212.642
