eval_accuracy = 0.5468000173568726
eval_loss = 1.0295473337173462
eval_mae = 0.5376
eval_runtime = 17.3891
eval_samples_per_second = 287.537
