eval_accuracy = 0.5540000200271606
eval_loss = 1.0258615016937256
eval_mae = 0.5378
eval_runtime = 17.265
eval_samples_per_second = 289.603
