eval_accuracy = 0.5565999746322632
eval_loss = 1.0242960453033447
eval_mae = 0.5346
eval_runtime = 16.9961
eval_samples_per_second = 294.184
