eval_accuracy = 0.5501999855041504
eval_loss = 1.1471256017684937
eval_mae = 0.5804
eval_runtime = 17.3916
eval_samples_per_second = 287.495
