eval_accuracy = 0.5766000151634216
eval_loss = 1.0058696269989014
eval_mae = 0.4968
eval_runtime = 17.2245
eval_samples_per_second = 290.284
