eval_accuracy = 0.49720001220703125
eval_loss = 1.2386119365692139
eval_mae = 0.6476
eval_runtime = 20.7982
eval_samples_per_second = 240.405
