eval_accuracy = 0.5932000279426575
eval_loss = 0.9487335085868835
eval_mae = 0.4684
eval_runtime = 18.5713
eval_samples_per_second = 269.233
