eval_accuracy = 0.5803999900817871
eval_loss = 1.0174750089645386
eval_mae = 0.4942
eval_runtime = 18.7252
eval_samples_per_second = 267.02
