eval_accuracy = 0.5932000279426575
eval_loss = 0.9475433826446533
eval_mae = 0.4696
eval_runtime = 22.1166
eval_samples_per_second = 226.075
