eval_accuracy = 0.504800021648407
eval_loss = 1.173892617225647
eval_mae = 0.5888
eval_runtime = 17.3976
eval_samples_per_second = 287.396
