eval_accuracy = 0.46779999136924744
eval_loss = 1.3391324281692505
eval_mae = 0.6886
eval_runtime = 23.2764
eval_samples_per_second = 214.81
