eval_accuracy = 0.5812000036239624
eval_loss = 1.0187162160873413
eval_mae = 0.4938
eval_runtime = 18.785
eval_samples_per_second = 266.17
