eval_accuracy = 0.5600000023841858
eval_loss = 1.0460610389709473
eval_mae = 0.51
eval_runtime = 17.9173
eval_samples_per_second = 279.06
