eval_accuracy = 0.48339998722076416
eval_loss = 1.353190302848816
eval_mae = 0.672
eval_runtime = 18.5395
eval_samples_per_second = 269.694
