eval_accuracy = 0.5748000144958496
eval_loss = 1.0848406553268433
eval_mae = 0.5106
eval_runtime = 16.9228
eval_samples_per_second = 295.459
