eval_accuracy = 0.574999988079071
eval_loss = 1.0869202613830566
eval_mae = 0.5108
eval_runtime = 16.5129
eval_samples_per_second = 302.793
