eval_accuracy = 0.4724000096321106
eval_loss = 1.348488688468933
eval_mae = 0.6902
eval_runtime = 17.2823
eval_samples_per_second = 289.314
