eval_accuracy = 0.5260000228881836
eval_loss = 1.0537736415863037
eval_mae = 0.571
eval_runtime = 16.3225
eval_samples_per_second = 306.326
