eval_accuracy = 0.47519999742507935
eval_loss = 1.3429243564605713
eval_mae = 0.6942
eval_runtime = 17.134
eval_samples_per_second = 291.818
