eval_accuracy = 0.5482000112533569
eval_loss = 1.14744234085083
eval_mae = 0.5822
eval_runtime = 17.3491
eval_samples_per_second = 288.199
