eval_accuracy = 0.6055999994277954
eval_loss = 0.9482598900794983
eval_mae = 0.456
eval_runtime = 17.2095
eval_samples_per_second = 290.538
