eval_accuracy = 0.5508000254631042
eval_loss = 1.1470016241073608
eval_mae = 0.5788
eval_runtime = 17.4472
eval_samples_per_second = 286.579
