eval_accuracy = 0.5789999961853027
eval_loss = 1.0116288661956787
eval_mae = 0.4834
eval_runtime = 16.7863
eval_samples_per_second = 297.861
