eval_accuracy = 0.557200014591217
eval_loss = 1.0636913776397705
eval_mae = 0.5218
eval_runtime = 19.8029
eval_samples_per_second = 252.488
