eval_accuracy = 0.5568000078201294
eval_loss = 1.0618669986724854
eval_mae = 0.5206
eval_runtime = 18.9705
eval_samples_per_second = 263.567
