eval_accuracy = 0.5648000240325928
eval_loss = 1.0148135423660278
eval_mae = 0.5082
eval_runtime = 17.3198
eval_samples_per_second = 288.687
