eval_accuracy = 0.5932000279426575
eval_loss = 1.0067499876022339
eval_mae = 0.4682
eval_runtime = 18.4873
eval_samples_per_second = 270.456
