eval_accuracy = 0.579800009727478
eval_loss = 1.0116125345230103
eval_mae = 0.482
eval_runtime = 18.5453
eval_samples_per_second = 269.61
