eval_accuracy = 0.6215999722480774
eval_loss = 0.9516139626502991
eval_mae = 0.4276
eval_runtime = 17.3777
eval_samples_per_second = 287.726
