eval_accuracy = 0.501800000667572
eval_loss = 1.154850959777832
eval_mae = 0.5888
eval_runtime = 17.2936
eval_samples_per_second = 289.124
