eval_accuracy = 0.4747999906539917
eval_loss = 1.3427314758300781
eval_mae = 0.6946
eval_runtime = 16.3281
eval_samples_per_second = 306.221
