eval_accuracy = 0.5821999907493591
eval_loss = 0.9788930416107178
eval_mae = 0.4882
eval_runtime = 16.7169
eval_samples_per_second = 299.098
