eval_accuracy = 0.47519999742507935
eval_loss = 1.3432890176773071
eval_mae = 0.694
eval_runtime = 16.9889
eval_samples_per_second = 294.31
