eval_accuracy = 0.5473999977111816
eval_loss = 1.085510015487671
eval_mae = 0.541
eval_runtime = 20.3253
eval_samples_per_second = 245.999
