eval_accuracy = 0.48240000009536743
eval_loss = 1.3491851091384888
eval_mae = 0.6714
eval_runtime = 19.2043
eval_samples_per_second = 260.359
