eval_accuracy = 0.5009999871253967
eval_loss = 1.1547796726226807
eval_mae = 0.5898
eval_runtime = 16.6645
eval_samples_per_second = 300.038
