eval_accuracy = 0.5716000199317932
eval_loss = 1.0207393169403076
eval_mae = 0.506
eval_runtime = 17.3111
eval_samples_per_second = 288.832
