eval_accuracy = 0.5703999996185303
eval_loss = 1.0217028856277466
eval_mae = 0.507
eval_runtime = 16.3841
eval_samples_per_second = 305.173
