eval_accuracy = 0.47440001368522644
eval_loss = 1.342372179031372
eval_mae = 0.6952
eval_runtime = 16.3608
eval_samples_per_second = 305.609
