eval_accuracy = 0.5027999877929688
eval_loss = 1.1766668558120728
eval_mae = 0.5914
eval_runtime = 17.5112
eval_samples_per_second = 285.531
