eval_accuracy = 0.4675999879837036
eval_loss = 1.2966381311416626
eval_mae = 0.6822
eval_runtime = 33.1835
eval_samples_per_second = 150.677
