eval_accuracy = 0.6003999710083008
eval_loss = 0.9556138515472412
eval_mae = 0.4626
eval_runtime = 17.2685
eval_samples_per_second = 289.544
