eval_accuracy = 0.6061999797821045
eval_loss = 0.9544148445129395
eval_mae = 0.4522
eval_runtime = 18.3938
eval_samples_per_second = 271.831
