eval_accuracy = 0.5037999749183655
eval_loss = 1.2163407802581787
eval_mae = 0.6242
eval_runtime = 24.2161
eval_samples_per_second = 206.474
