eval_accuracy = 0.5809999704360962
eval_loss = 1.0186767578125
eval_mae = 0.494
eval_runtime = 28.5138
eval_samples_per_second = 175.353
