eval_accuracy = 0.47839999198913574
eval_loss = 1.339883804321289
eval_mae = 0.6938
eval_runtime = 16.9766
eval_samples_per_second = 294.523
