eval_accuracy = 0.6204000115394592
eval_loss = 0.9509982466697693
eval_mae = 0.4282
eval_runtime = 17.4871
eval_samples_per_second = 285.925
