eval_accuracy = 0.6057999730110168
eval_loss = 0.9494796991348267
eval_mae = 0.4502
eval_runtime = 18.8317
eval_samples_per_second = 265.51
