eval_accuracy = 0.5708000063896179
eval_loss = 1.0221022367477417
eval_mae = 0.5082
eval_runtime = 16.7183
eval_samples_per_second = 299.074
