eval_accuracy = 0.5315999984741211
eval_loss = 1.0520564317703247
eval_mae = 0.566
eval_runtime = 16.4023
eval_samples_per_second = 304.836
