eval_accuracy = 0.5475999712944031
eval_loss = 1.0860439538955688
eval_mae = 0.5412
eval_runtime = 18.288
eval_samples_per_second = 273.404
