eval_accuracy = 0.5479999780654907
eval_loss = 1.0850238800048828
eval_mae = 0.5406
eval_runtime = 27.5457
eval_samples_per_second = 181.516
