eval_accuracy = 0.5526000261306763
eval_loss = 1.0243734121322632
eval_mae = 0.5402
eval_runtime = 17.3361
eval_samples_per_second = 288.416
