eval_accuracy = 0.6366000175476074
eval_loss = 0.8895341753959656
eval_mae = 0.4144
eval_runtime = 18.3866
eval_samples_per_second = 271.938
