eval_accuracy = 0.5824000239372253
eval_loss = 0.9784992337226868
eval_mae = 0.4876
eval_runtime = 17.3973
eval_samples_per_second = 287.401
