eval_accuracy = 0.6191999912261963
eval_loss = 0.9507796764373779
eval_mae = 0.4296
eval_runtime = 17.7347
eval_samples_per_second = 281.934
