eval_accuracy = 0.5821999907493591
eval_loss = 0.9791507720947266
eval_mae = 0.486
eval_runtime = 17.349
eval_samples_per_second = 288.201
