eval_accuracy = 0.5794000029563904
eval_loss = 1.0103559494018555
eval_mae = 0.482
eval_runtime = 17.4505
eval_samples_per_second = 286.524
