eval_accuracy = 0.5807999968528748
eval_loss = 1.018786907196045
eval_mae = 0.494
eval_runtime = 19.987
eval_samples_per_second = 250.162
