eval_accuracy = 0.48100000619888306
eval_loss = 1.3923068046569824
eval_mae = 0.6736
eval_runtime = 19.8657
eval_samples_per_second = 251.69
