eval_accuracy = 0.607200026512146
eval_loss = 0.9506902098655701
eval_mae = 0.449
eval_runtime = 20.1574
eval_samples_per_second = 248.048
