eval_accuracy = 0.4681999981403351
eval_loss = 1.33881676197052
eval_mae = 0.6884
eval_runtime = 27.1247
eval_samples_per_second = 184.334
