eval_accuracy = 0.5925999879837036
eval_loss = 1.0090484619140625
eval_mae = 0.469
eval_runtime = 17.335
eval_samples_per_second = 288.433
