eval_accuracy = 0.6064000129699707
eval_loss = 0.9498342871665955
eval_mae = 0.4496
eval_runtime = 18.604
eval_samples_per_second = 268.759
