eval_accuracy = 0.5917999744415283
eval_loss = 0.9488242268562317
eval_mae = 0.4612
eval_runtime = 16.4125
eval_samples_per_second = 304.646
