eval_accuracy = 0.43700000643730164
eval_loss = 1.4439224004745483
eval_mae = 0.7296
eval_runtime = 31.917
eval_samples_per_second = 156.656
