eval_accuracy = 0.5565999746322632
eval_loss = 1.080342411994934
eval_mae = 0.5652
eval_runtime = 32.6546
eval_samples_per_second = 153.118
