eval_accuracy = 0.4968000054359436
eval_loss = 1.2392632961273193
eval_mae = 0.648
eval_runtime = 30.8347
eval_samples_per_second = 162.155
