eval_accuracy = 0.5271999835968018
eval_loss = 1.05322265625
eval_mae = 0.5706
eval_runtime = 16.2237
eval_samples_per_second = 308.191
