eval_accuracy = 0.5934000015258789
eval_loss = 0.9604478478431702
eval_mae = 0.4822
eval_runtime = 17.3326
eval_samples_per_second = 288.474
