eval_accuracy = 0.6021999716758728
eval_loss = 0.9345486164093018
eval_mae = 0.4538
eval_runtime = 17.0707
eval_samples_per_second = 292.9
