eval_accuracy = 0.58160001039505
eval_loss = 0.9788513779640198
eval_mae = 0.4888
eval_runtime = 16.7381
eval_samples_per_second = 298.719
