eval_accuracy = 0.6060000061988831
eval_loss = 0.9501309394836426
eval_mae = 0.4506
eval_runtime = 22.2027
eval_samples_per_second = 225.198
