eval_accuracy = 0.6096000075340271
eval_loss = 0.9501675963401794
eval_mae = 0.448
eval_runtime = 19.2633
eval_samples_per_second = 259.561
