eval_accuracy = 0.6007999777793884
eval_loss = 0.9466381669044495
eval_mae = 0.461
eval_runtime = 17.2379
eval_samples_per_second = 290.059
