eval_accuracy = 0.4729999899864197
eval_loss = 1.3492357730865479
eval_mae = 0.6888
eval_runtime = 17.4418
eval_samples_per_second = 286.668
