eval_accuracy = 0.5759999752044678
eval_loss = 1.0058627128601074
eval_mae = 0.4954
eval_runtime = 16.3673
eval_samples_per_second = 305.487
