eval_accuracy = 0.5929999947547913
eval_loss = 1.007158637046814
eval_mae = 0.4674
eval_runtime = 17.2828
eval_samples_per_second = 289.305
