eval_accuracy = 0.4830000102519989
eval_loss = 1.352712869644165
eval_mae = 0.6712
eval_runtime = 18.3318
eval_samples_per_second = 272.75
