eval_accuracy = 0.5938000082969666
eval_loss = 0.9487725496292114
eval_mae = 0.4692
eval_runtime = 18.3067
eval_samples_per_second = 273.123
