eval_accuracy = 0.4740000069141388
eval_loss = 1.3392271995544434
eval_mae = 0.6932
eval_runtime = 17.5323
eval_samples_per_second = 285.187
