eval_accuracy = 0.6363999843597412
eval_loss = 0.8895800709724426
eval_mae = 0.4146
eval_runtime = 19.1395
eval_samples_per_second = 261.24
