eval_accuracy = 0.5562000274658203
eval_loss = 1.080352783203125
eval_mae = 0.5654
eval_runtime = 31.7195
eval_samples_per_second = 157.632
