eval_accuracy = 0.6376000046730042
eval_loss = 0.8902890682220459
eval_mae = 0.4138
eval_runtime = 19.3221
eval_samples_per_second = 258.772
