eval_accuracy = 0.5583999752998352
eval_loss = 1.0635162591934204
eval_mae = 0.5212
eval_runtime = 18.298
eval_samples_per_second = 273.253
