eval_accuracy = 0.5491999983787537
eval_loss = 1.1474614143371582
eval_mae = 0.5814
eval_runtime = 17.4063
eval_samples_per_second = 287.253
