eval_accuracy = 0.5600000023841858
eval_loss = 1.0762525796890259
eval_mae = 0.5302
eval_runtime = 32.9062
eval_samples_per_second = 151.947
