eval_accuracy = 0.6057999730110168
eval_loss = 0.9461784958839417
eval_mae = 0.4562
eval_runtime = 17.3296
eval_samples_per_second = 288.523
