eval_accuracy = 0.5717999935150146
eval_loss = 0.9889451861381531
eval_mae = 0.5054
eval_runtime = 16.2031
eval_samples_per_second = 308.582
