eval_accuracy = 0.5040000081062317
eval_loss = 1.2386168241500854
eval_mae = 0.6264
eval_runtime = 18.7579
eval_samples_per_second = 266.554
