eval_accuracy = 0.5925999879837036
eval_loss = 0.9615539908409119
eval_mae = 0.4832
eval_runtime = 17.6283
eval_samples_per_second = 283.635
