eval_accuracy = 0.5559999942779541
eval_loss = 1.0807523727416992
eval_mae = 0.5652
eval_runtime = 19.368
eval_samples_per_second = 258.158
