eval_accuracy = 0.5911999940872192
eval_loss = 0.9489082098007202
eval_mae = 0.4614
eval_runtime = 16.5546
eval_samples_per_second = 302.03
