eval_accuracy = 0.569599986076355
eval_loss = 1.021191954612732
eval_mae = 0.5086
eval_runtime = 16.429
eval_samples_per_second = 304.339
