eval_accuracy = 0.5479999780654907
eval_loss = 1.084415316581726
eval_mae = 0.5414
eval_runtime = 26.0446
eval_samples_per_second = 191.978
