eval_accuracy = 0.4991999864578247
eval_loss = 1.228234052658081
eval_mae = 0.6042
eval_runtime = 18.4684
eval_samples_per_second = 270.733
