eval_accuracy = 0.5802000164985657
eval_loss = 1.0117720365524292
eval_mae = 0.4818
eval_runtime = 17.4733
eval_samples_per_second = 286.151
