eval_accuracy = 0.5794000029563904
eval_loss = 1.0114039182662964
eval_mae = 0.4822
eval_runtime = 16.6435
eval_samples_per_second = 300.417
