eval_accuracy = 0.4392000138759613
eval_loss = 1.4433186054229736
eval_mae = 0.7296
eval_runtime = 20.2973
eval_samples_per_second = 246.338
