eval_accuracy = 0.5694000124931335
eval_loss = 1.020506501197815
eval_mae = 0.5086
eval_runtime = 17.3888
eval_samples_per_second = 287.542
