eval_accuracy = 0.6037999987602234
eval_loss = 0.945945143699646
eval_mae = 0.4572
eval_runtime = 17.2666
eval_samples_per_second = 289.577
