eval_accuracy = 0.5717999935150146
eval_loss = 1.01901113986969
eval_mae = 0.5064
eval_runtime = 17.3294
eval_samples_per_second = 288.528
