eval_accuracy = 0.6078000068664551
eval_loss = 0.9493300914764404
eval_mae = 0.4484
eval_runtime = 19.5236
eval_samples_per_second = 256.1
