eval_accuracy = 0.45879998803138733
eval_loss = 1.3647303581237793
eval_mae = 0.7298
eval_runtime = 16.5109
eval_samples_per_second = 302.83
