eval_accuracy = 0.5788000226020813
eval_loss = 1.0173498392105103
eval_mae = 0.4982
eval_runtime = 26.6348
eval_samples_per_second = 187.724
