eval_accuracy = 0.5041999816894531
eval_loss = 1.1752344369888306
eval_mae = 0.5902
eval_runtime = 17.5408
eval_samples_per_second = 285.05
