eval_accuracy = 0.579800009727478
eval_loss = 1.0123783349990845
eval_mae = 0.4824
eval_runtime = 17.5127
eval_samples_per_second = 285.507
