eval_accuracy = 0.6344000101089478
eval_loss = 0.8901498317718506
eval_mae = 0.4158
eval_runtime = 18.429
eval_samples_per_second = 271.312
