eval_accuracy = 0.46799999475479126
eval_loss = 1.3389904499053955
eval_mae = 0.6888
eval_runtime = 33.7294
eval_samples_per_second = 148.238
