eval_accuracy = 0.4848000109195709
eval_loss = 1.3514639139175415
eval_mae = 0.6676
eval_runtime = 18.4509
eval_samples_per_second = 270.99
