eval_accuracy = 0.4837999939918518
eval_loss = 1.3530956506729126
eval_mae = 0.6702
eval_runtime = 23.0256
eval_samples_per_second = 217.149
