eval_accuracy = 0.5278000235557556
eval_loss = 1.0538066625595093
eval_mae = 0.5694
eval_runtime = 17.6873
eval_samples_per_second = 282.688
