eval_accuracy = 0.5016000270843506
eval_loss = 1.243922472000122
eval_mae = 0.5942
eval_runtime = 18.5561
eval_samples_per_second = 269.454
