eval_accuracy = 0.5271999835968018
eval_loss = 1.0537755489349365
eval_mae = 0.57
eval_runtime = 16.8735
eval_samples_per_second = 296.322
