eval_accuracy = 0.6015999913215637
eval_loss = 0.9376446008682251
eval_mae = 0.4544
eval_runtime = 16.4061
eval_samples_per_second = 304.765
