eval_accuracy = 0.5016000270843506
eval_loss = 1.174224853515625
eval_mae = 0.5934
eval_runtime = 17.7375
eval_samples_per_second = 281.889
