eval_accuracy = 0.48080000281333923
eval_loss = 1.392499327659607
eval_mae = 0.6736
eval_runtime = 20.0463
eval_samples_per_second = 249.423
