eval_accuracy = 0.49639999866485596
eval_loss = 1.2398581504821777
eval_mae = 0.6488
eval_runtime = 28.5154
eval_samples_per_second = 175.344
