eval_accuracy = 0.5005999803543091
eval_loss = 1.1553921699523926
eval_mae = 0.5888
eval_runtime = 16.4537
eval_samples_per_second = 303.883
