eval_accuracy = 0.5605999827384949
eval_loss = 1.0468658208847046
eval_mae = 0.5082
eval_runtime = 18.0647
eval_samples_per_second = 276.783
