eval_accuracy = 0.5013999938964844
eval_loss = 1.1543490886688232
eval_mae = 0.5896
eval_runtime = 17.3082
eval_samples_per_second = 288.881
