eval_accuracy = 0.4726000130176544
eval_loss = 1.3488136529922485
eval_mae = 0.6888
eval_runtime = 16.6978
eval_samples_per_second = 299.441
