eval_accuracy = 0.4675999879837036
eval_loss = 1.296636700630188
eval_mae = 0.6818
eval_runtime = 25.2394
eval_samples_per_second = 198.103
