eval_accuracy = 0.5916000008583069
eval_loss = 0.9612382650375366
eval_mae = 0.4846
eval_runtime = 17.5172
eval_samples_per_second = 285.433
