eval_accuracy = 0.5608000159263611
eval_loss = 1.0456664562225342
eval_mae = 0.5086
eval_runtime = 23.1059
eval_samples_per_second = 216.395
