eval_accuracy = 0.5454000234603882
eval_loss = 1.0288667678833008
eval_mae = 0.5398
eval_runtime = 16.6451
eval_samples_per_second = 300.388
