eval_accuracy = 0.592199981212616
eval_loss = 0.9480849504470825
eval_mae = 0.4702
eval_runtime = 18.6817
eval_samples_per_second = 267.642
