eval_accuracy = 0.6018000245094299
eval_loss = 0.9355871081352234
eval_mae = 0.4548
eval_runtime = 16.3385
eval_samples_per_second = 306.027
