eval_accuracy = 0.45739999413490295
eval_loss = 1.3658688068389893
eval_mae = 0.7324
eval_runtime = 16.7102
eval_samples_per_second = 299.218
