eval_accuracy = 0.5059999823570251
eval_loss = 1.2294052839279175
eval_mae = 0.6216
eval_runtime = 18.9381
eval_samples_per_second = 264.018
