eval_accuracy = 0.49720001220703125
eval_loss = 1.2333920001983643
eval_mae = 0.646
eval_runtime = 27.08
eval_samples_per_second = 184.638
