eval_accuracy = 0.5645999908447266
eval_loss = 1.014943242073059
eval_mae = 0.5078
eval_runtime = 17.1428
eval_samples_per_second = 291.667
