eval_accuracy = 0.47940000891685486
eval_loss = 1.3909229040145874
eval_mae = 0.6752
eval_runtime = 24.0536
eval_samples_per_second = 207.869
