eval_accuracy = 0.6061999797821045
eval_loss = 0.9499515891075134
eval_mae = 0.4502
eval_runtime = 20.8235
eval_samples_per_second = 240.113
