eval_accuracy = 0.49959999322891235
eval_loss = 1.1557366847991943
eval_mae = 0.5906
eval_runtime = 17.5273
eval_samples_per_second = 285.269
