eval_accuracy = 0.5756000280380249
eval_loss = 1.002225637435913
eval_mae = 0.4944
eval_runtime = 16.4586
eval_samples_per_second = 303.793
