eval_accuracy = 0.5562000274658203
eval_loss = 1.0804473161697388
eval_mae = 0.565
eval_runtime = 18.6502
eval_samples_per_second = 268.093
