eval_accuracy = 0.5802000164985657
eval_loss = 1.0176646709442139
eval_mae = 0.4816
eval_runtime = 17.5322
eval_samples_per_second = 285.189
