eval_accuracy = 0.6069999933242798
eval_loss = 0.9505082964897156
eval_mae = 0.449
eval_runtime = 18.5251
eval_samples_per_second = 269.904
