eval_accuracy = 0.6001999974250793
eval_loss = 0.9352892637252808
eval_mae = 0.455
eval_runtime = 16.4649
eval_samples_per_second = 303.677
