eval_accuracy = 0.5982000231742859
eval_loss = 0.9376691579818726
eval_mae = 0.4588
eval_runtime = 16.144
eval_samples_per_second = 309.713
