eval_accuracy = 0.48260000348091125
eval_loss = 1.3957982063293457
eval_mae = 0.672
eval_runtime = 37.4305
eval_samples_per_second = 133.581
