eval_accuracy = 0.5278000235557556
eval_loss = 1.0535476207733154
eval_mae = 0.5694
eval_runtime = 17.1097
eval_samples_per_second = 292.231
