eval_accuracy = 0.6014000177383423
eval_loss = 0.9351300001144409
eval_mae = 0.4534
eval_runtime = 16.0751
eval_samples_per_second = 311.04
