eval_accuracy = 0.5753999948501587
eval_loss = 1.0850492715835571
eval_mae = 0.5092
eval_runtime = 16.1489
eval_samples_per_second = 309.618
