eval_accuracy = 0.5446000099182129
eval_loss = 1.0284665822982788
eval_mae = 0.5428
eval_runtime = 17.3402
eval_samples_per_second = 288.347
