eval_accuracy = 0.5001999735832214
eval_loss = 1.2423371076583862
eval_mae = 0.5954
eval_runtime = 19.2207
eval_samples_per_second = 260.136
