eval_accuracy = 0.6051999926567078
eval_loss = 0.9441291093826294
eval_mae = 0.4558
eval_runtime = 17.3565
eval_samples_per_second = 288.077
