eval_accuracy = 0.571399986743927
eval_loss = 0.9905722737312317
eval_mae = 0.5064
eval_runtime = 16.9916
eval_samples_per_second = 294.264
