eval_accuracy = 0.6371999979019165
eval_loss = 0.889594316482544
eval_mae = 0.4136
eval_runtime = 18.5648
eval_samples_per_second = 269.327
