eval_accuracy = 0.5486000180244446
eval_loss = 1.1470202207565308
eval_mae = 0.5816
eval_runtime = 17.516
eval_samples_per_second = 285.454
