eval_accuracy = 0.5568000078201294
eval_loss = 1.0795567035675049
eval_mae = 0.5648
eval_runtime = 25.8966
eval_samples_per_second = 193.076
