eval_accuracy = 0.5702000260353088
eval_loss = 1.0208863019943237
eval_mae = 0.5082
eval_runtime = 17.5301
eval_samples_per_second = 285.224
