eval_accuracy = 0.5741999745368958
eval_loss = 1.0054222345352173
eval_mae = 0.497
eval_runtime = 17.1771
eval_samples_per_second = 291.085
