eval_accuracy = 0.5698000192642212
eval_loss = 1.0235105752944946
eval_mae = 0.5088
eval_runtime = 17.2424
eval_samples_per_second = 289.983
