eval_accuracy = 0.5806000232696533
eval_loss = 1.017336368560791
eval_mae = 0.4942
eval_runtime = 25.5955
eval_samples_per_second = 195.347
