eval_accuracy = 0.5460000038146973
eval_loss = 1.0297666788101196
eval_mae = 0.5382
eval_runtime = 17.3978
eval_samples_per_second = 287.393
