eval_accuracy = 0.545199990272522
eval_loss = 1.0292662382125854
eval_mae = 0.539
eval_runtime = 16.6868
eval_samples_per_second = 299.639
