eval_accuracy = 0.5893999934196472
eval_loss = 0.9487658143043518
eval_mae = 0.4642
eval_runtime = 16.3349
eval_samples_per_second = 306.093
