eval_accuracy = 0.4674000144004822
eval_loss = 1.295512080192566
eval_mae = 0.6822
eval_runtime = 31.8558
eval_samples_per_second = 156.957
