eval_accuracy = 0.5902000069618225
eval_loss = 0.9488750100135803
eval_mae = 0.4636
eval_runtime = 16.6048
eval_samples_per_second = 301.118
