eval_accuracy = 0.5559999942779541
eval_loss = 1.080946683883667
eval_mae = 0.5656
eval_runtime = 19.315
eval_samples_per_second = 258.867
