eval_accuracy = 0.557200014591217
eval_loss = 1.0630412101745605
eval_mae = 0.5218
eval_runtime = 17.959
eval_samples_per_second = 278.413
