eval_accuracy = 0.6057999730110168
eval_loss = 0.9441872835159302
eval_mae = 0.4572
eval_runtime = 17.2471
eval_samples_per_second = 289.903
