eval_accuracy = 0.5812000036239624
eval_loss = 1.0188229084014893
eval_mae = 0.4936
eval_runtime = 20.1233
eval_samples_per_second = 248.468
