eval_accuracy = 0.5680000185966492
eval_loss = 1.0200183391571045
eval_mae = 0.5082
eval_runtime = 17.2289
eval_samples_per_second = 290.21
