eval_accuracy = 0.506600022315979
eval_loss = 1.2294756174087524
eval_mae = 0.6216
eval_runtime = 18.9839
eval_samples_per_second = 263.381
