eval_accuracy = 0.5803999900817871
eval_loss = 0.9800754189491272
eval_mae = 0.4898
eval_runtime = 16.65
eval_samples_per_second = 300.3
