eval_accuracy = 0.5935999751091003
eval_loss = 1.0070871114730835
eval_mae = 0.4666
eval_runtime = 17.2887
eval_samples_per_second = 289.207
