eval_accuracy = 0.6043999791145325
eval_loss = 0.9459896683692932
eval_mae = 0.4574
eval_runtime = 17.2107
eval_samples_per_second = 290.518
