eval_accuracy = 0.6051999926567078
eval_loss = 0.9480529427528381
eval_mae = 0.4494
eval_runtime = 18.3803
eval_samples_per_second = 272.031
