eval_accuracy = 0.5824000239372253
eval_loss = 0.9788482189178467
eval_mae = 0.4876
eval_runtime = 17.3564
eval_samples_per_second = 288.078
