eval_accuracy = 0.503600001335144
eval_loss = 1.1761399507522583
eval_mae = 0.5912
eval_runtime = 17.357
eval_samples_per_second = 288.068
