eval_accuracy = 0.605400025844574
eval_loss = 0.9502543210983276
eval_mae = 0.4512
eval_runtime = 19.3514
eval_samples_per_second = 258.379
