eval_accuracy = 0.6057999730110168
eval_loss = 0.9480240345001221
eval_mae = 0.4498
eval_runtime = 18.5699
eval_samples_per_second = 269.252
