eval_accuracy = 0.5708000063896179
eval_loss = 1.0211995840072632
eval_mae = 0.5064
eval_runtime = 17.4158
eval_samples_per_second = 287.095
