eval_accuracy = 0.5016000270843506
eval_loss = 1.176509141921997
eval_mae = 0.5928
eval_runtime = 17.295
eval_samples_per_second = 289.101
