eval_accuracy = 0.5608000159263611
eval_loss = 1.0463029146194458
eval_mae = 0.5084
eval_runtime = 18.4969
eval_samples_per_second = 270.315
