eval_accuracy = 0.5809999704360962
eval_loss = 1.0185565948486328
eval_mae = 0.4938
eval_runtime = 22.7714
eval_samples_per_second = 219.574
