eval_accuracy = 0.5605999827384949
eval_loss = 1.0456476211547852
eval_mae = 0.5096
eval_runtime = 18.0898
eval_samples_per_second = 276.399
