eval_accuracy = 0.6043999791145325
eval_loss = 0.9464448094367981
eval_mae = 0.4572
eval_runtime = 17.1815
eval_samples_per_second = 291.01
