eval_accuracy = 0.4758000075817108
eval_loss = 1.3433964252471924
eval_mae = 0.6946
eval_runtime = 16.3265
eval_samples_per_second = 306.251
