eval_accuracy = 0.5080000162124634
eval_loss = 1.232404112815857
eval_mae = 0.621
eval_runtime = 22.7305
eval_samples_per_second = 219.969
