eval_accuracy = 0.6060000061988831
eval_loss = 0.950505256652832
eval_mae = 0.4498
eval_runtime = 18.5538
eval_samples_per_second = 269.486
