eval_accuracy = 0.5645999908447266
eval_loss = 1.014283537864685
eval_mae = 0.5086
eval_runtime = 16.4062
eval_samples_per_second = 304.763
