eval_accuracy = 0.47540000081062317
eval_loss = 1.3438886404037476
eval_mae = 0.6938
eval_runtime = 16.2404
eval_samples_per_second = 307.873
