eval_accuracy = 0.5022000074386597
eval_loss = 1.175357460975647
eval_mae = 0.593
eval_runtime = 16.642
eval_samples_per_second = 300.445
