eval_accuracy = 0.574400007724762
eval_loss = 1.0850391387939453
eval_mae = 0.5108
eval_runtime = 16.4053
eval_samples_per_second = 304.78
