eval_accuracy = 0.5825999975204468
eval_loss = 1.0199346542358398
eval_mae = 0.4928
eval_runtime = 25.4192
eval_samples_per_second = 196.701
