eval_accuracy = 0.593999981880188
eval_loss = 0.9564285278320312
eval_mae = 0.48
eval_runtime = 17.367
eval_samples_per_second = 287.902
