eval_accuracy = 0.4675999879837036
eval_loss = 1.2958160638809204
eval_mae = 0.681
eval_runtime = 19.8334
eval_samples_per_second = 252.1
