eval_accuracy = 0.5666000247001648
eval_loss = 1.0147545337677002
eval_mae = 0.5068
eval_runtime = 17.2761
eval_samples_per_second = 289.417
