eval_accuracy = 0.5938000082969666
eval_loss = 0.9490808844566345
eval_mae = 0.4672
eval_runtime = 18.584
eval_samples_per_second = 269.049
