eval_accuracy = 0.6021999716758728
eval_loss = 0.9363305568695068
eval_mae = 0.4542
eval_runtime = 17.0917
eval_samples_per_second = 292.54
