eval_accuracy = 0.5649999976158142
eval_loss = 1.0159389972686768
eval_mae = 0.5068
eval_runtime = 17.0314
eval_samples_per_second = 293.575
