eval_accuracy = 0.5794000029563904
eval_loss = 0.9788205027580261
eval_mae = 0.49
eval_runtime = 17.3616
eval_samples_per_second = 287.992
