eval_accuracy = 0.4986000061035156
eval_loss = 1.2295634746551514
eval_mae = 0.6042
eval_runtime = 18.3822
eval_samples_per_second = 272.003
