eval_accuracy = 0.5636000037193298
eval_loss = 1.0150467157363892
eval_mae = 0.5096
eval_runtime = 17.0817
eval_samples_per_second = 292.711
