eval_accuracy = 0.5759999752044678
eval_loss = 1.0057345628738403
eval_mae = 0.4948
eval_runtime = 17.1816
eval_samples_per_second = 291.009
