eval_accuracy = 0.6014000177383423
eval_loss = 0.9359680414199829
eval_mae = 0.4546
eval_runtime = 16.9705
eval_samples_per_second = 294.629
