eval_accuracy = 0.5001999735832214
eval_loss = 1.1576861143112183
eval_mae = 0.5912
eval_runtime = 16.6101
eval_samples_per_second = 301.022
