eval_accuracy = 0.5040000081062317
eval_loss = 1.1773285865783691
eval_mae = 0.5912
eval_runtime = 17.3447
eval_samples_per_second = 288.273
