eval_accuracy = 0.5807999968528748
eval_loss = 1.0188767910003662
eval_mae = 0.4942
eval_runtime = 33.4281
eval_samples_per_second = 149.575
