eval_accuracy = 0.526199996471405
eval_loss = 1.0537302494049072
eval_mae = 0.5708
eval_runtime = 16.3841
eval_samples_per_second = 305.174
