eval_accuracy = 0.5284000039100647
eval_loss = 1.0537623167037964
eval_mae = 0.5678
eval_runtime = 16.0546
eval_samples_per_second = 311.438
