eval_accuracy = 0.46779999136924744
eval_loss = 1.3391752243041992
eval_mae = 0.6886
eval_runtime = 25.635
eval_samples_per_second = 195.046
