eval_accuracy = 0.5568000078201294
eval_loss = 1.062219500541687
eval_mae = 0.5214
eval_runtime = 18.3516
eval_samples_per_second = 272.455
