eval_accuracy = 0.6047999858856201
eval_loss = 0.9460569620132446
eval_mae = 0.457
eval_runtime = 17.2406
eval_samples_per_second = 290.013
