eval_accuracy = 0.5938000082969666
eval_loss = 1.0061891078948975
eval_mae = 0.4678
eval_runtime = 17.6636
eval_samples_per_second = 283.067
