eval_accuracy = 0.5591999888420105
eval_loss = 1.074439287185669
eval_mae = 0.5294
eval_runtime = 28.7506
eval_samples_per_second = 173.909
