eval_accuracy = 0.49959999322891235
eval_loss = 1.2283968925476074
eval_mae = 0.6032
eval_runtime = 18.3947
eval_samples_per_second = 271.818
