eval_accuracy = 0.5924000144004822
eval_loss = 0.9481658339500427
eval_mae = 0.4698
eval_runtime = 20.3651
eval_samples_per_second = 245.518
