eval_accuracy = 0.5916000008583069
eval_loss = 0.9476497173309326
eval_mae = 0.4708
eval_runtime = 18.6819
eval_samples_per_second = 267.639
