eval_accuracy = 0.5550000071525574
eval_loss = 1.025652527809143
eval_mae = 0.5384
eval_runtime = 17.49
eval_samples_per_second = 285.878
