eval_accuracy = 0.5709999799728394
eval_loss = 0.9903191328048706
eval_mae = 0.5068
eval_runtime = 16.0941
eval_samples_per_second = 310.673
