eval_accuracy = 0.5673999786376953
eval_loss = 1.0203430652618408
eval_mae = 0.5112
eval_runtime = 17.5292
eval_samples_per_second = 285.238
