eval_accuracy = 0.5702000260353088
eval_loss = 1.0226995944976807
eval_mae = 0.509
eval_runtime = 16.5146
eval_samples_per_second = 302.763
