eval_accuracy = 0.5580000281333923
eval_loss = 1.062462329864502
eval_mae = 0.5206
eval_runtime = 18.3443
eval_samples_per_second = 272.564
