eval_accuracy = 0.545799970626831
eval_loss = 1.0308176279067993
eval_mae = 0.5408
eval_runtime = 17.3091
eval_samples_per_second = 288.865
