eval_accuracy = 0.5551999807357788
eval_loss = 1.0252327919006348
eval_mae = 0.5364
eval_runtime = 17.2108
eval_samples_per_second = 290.516
