eval_accuracy = 0.4691999852657318
eval_loss = 1.2952593564987183
eval_mae = 0.6796
eval_runtime = 30.3143
eval_samples_per_second = 164.938
