eval_accuracy = 0.5590000152587891
eval_loss = 1.0626829862594604
eval_mae = 0.5198
eval_runtime = 18.3951
eval_samples_per_second = 271.812
