eval_accuracy = 0.46799999475479126
eval_loss = 1.3392143249511719
eval_mae = 0.6886
eval_runtime = 27.2029
eval_samples_per_second = 183.804
