eval_accuracy = 0.49939998984336853
eval_loss = 1.1802321672439575
eval_mae = 0.5958
eval_runtime = 17.412
eval_samples_per_second = 287.158
