eval_accuracy = 0.5827999711036682
eval_loss = 0.9795304536819458
eval_mae = 0.4876
eval_runtime = 17.3918
eval_samples_per_second = 287.491
