eval_accuracy = 0.4991999864578247
eval_loss = 1.2284091711044312
eval_mae = 0.6032
eval_runtime = 18.3854
eval_samples_per_second = 271.955
