eval_accuracy = 0.5979999899864197
eval_loss = 0.9559007883071899
eval_mae = 0.4664
eval_runtime = 16.3239
eval_samples_per_second = 306.299
