eval_accuracy = 0.5432000160217285
eval_loss = 1.1039987802505493
eval_mae = 0.5474
eval_runtime = 21.012
eval_samples_per_second = 237.959
