eval_accuracy = 0.5482000112533569
eval_loss = 1.1464017629623413
eval_mae = 0.5824
eval_runtime = 16.7935
eval_samples_per_second = 297.734
