eval_accuracy = 0.5568000078201294
eval_loss = 1.0634632110595703
eval_mae = 0.5224
eval_runtime = 18.3896
eval_samples_per_second = 271.894
