eval_accuracy = 0.5934000015258789
eval_loss = 0.9610505700111389
eval_mae = 0.4828
eval_runtime = 17.4983
eval_samples_per_second = 285.742
