eval_accuracy = 0.47200000286102295
eval_loss = 1.346284031867981
eval_mae = 0.69
eval_runtime = 16.3675
eval_samples_per_second = 305.483
