eval_accuracy = 0.4580000042915344
eval_loss = 1.3660770654678345
eval_mae = 0.7314
eval_runtime = 17.3629
eval_samples_per_second = 287.97
