eval_accuracy = 0.47040000557899475
eval_loss = 1.3489741086959839
eval_mae = 0.6918
eval_runtime = 16.6599
eval_samples_per_second = 300.122
