eval_accuracy = 0.5550000071525574
eval_loss = 1.0250345468521118
eval_mae = 0.5374
eval_runtime = 17.2856
eval_samples_per_second = 289.258
