eval_accuracy = 0.600600004196167
eval_loss = 0.955913782119751
eval_mae = 0.464
eval_runtime = 17.4874
eval_samples_per_second = 285.921
