eval_accuracy = 0.6363999843597412
eval_loss = 0.8894942402839661
eval_mae = 0.4146
eval_runtime = 18.9387
eval_samples_per_second = 264.01
