eval_accuracy = 0.5440000295639038
eval_loss = 1.0276185274124146
eval_mae = 0.5408
eval_runtime = 16.7301
eval_samples_per_second = 298.863
