eval_accuracy = 0.578000009059906
eval_loss = 1.017042875289917
eval_mae = 0.4846
eval_runtime = 16.5266
eval_samples_per_second = 302.542
