eval_accuracy = 0.5576000213623047
eval_loss = 1.0637091398239136
eval_mae = 0.5214
eval_runtime = 18.3197
eval_samples_per_second = 272.931
