eval_accuracy = 0.46860000491142273
eval_loss = 1.297722339630127
eval_mae = 0.6804
eval_runtime = 22.8104
eval_samples_per_second = 219.199
