eval_accuracy = 0.498199999332428
eval_loss = 1.2265595197677612
eval_mae = 0.6036
eval_runtime = 17.7958
eval_samples_per_second = 280.966
