eval_accuracy = 0.550599992275238
eval_loss = 1.024403691291809
eval_mae = 0.5398
eval_runtime = 17.3114
eval_samples_per_second = 288.827
