eval_accuracy = 0.4569999873638153
eval_loss = 1.3676148653030396
eval_mae = 0.7308
eval_runtime = 17.1003
eval_samples_per_second = 292.393
