eval_accuracy = 0.45840001106262207
eval_loss = 1.3670345544815063
eval_mae = 0.7314
eval_runtime = 17.4345
eval_samples_per_second = 286.787
