eval_accuracy = 0.5461999773979187
eval_loss = 1.1459801197052002
eval_mae = 0.5796
eval_runtime = 17.4962
eval_samples_per_second = 285.777
