eval_accuracy = 0.5702000260353088
eval_loss = 1.0212162733078003
eval_mae = 0.5082
eval_runtime = 16.6778
eval_samples_per_second = 299.799
