eval_accuracy = 0.5583999752998352
eval_loss = 1.078537940979004
eval_mae = 0.5308
eval_runtime = 27.8898
eval_samples_per_second = 179.277
