eval_accuracy = 0.4674000144004822
eval_loss = 1.3391392230987549
eval_mae = 0.6892
eval_runtime = 24.3911
eval_samples_per_second = 204.993
