eval_accuracy = 0.6055999994277954
eval_loss = 0.9464132785797119
eval_mae = 0.456
eval_runtime = 16.6723
eval_samples_per_second = 299.898
