eval_accuracy = 0.526199996471405
eval_loss = 1.0534484386444092
eval_mae = 0.5706
eval_runtime = 16.2209
eval_samples_per_second = 308.244
