eval_accuracy = 0.5827999711036682
eval_loss = 0.9785701036453247
eval_mae = 0.4874
eval_runtime = 17.45
eval_samples_per_second = 286.532
