eval_accuracy = 0.5680000185966492
eval_loss = 0.9925701022148132
eval_mae = 0.5112
eval_runtime = 17.0118
eval_samples_per_second = 293.914
