eval_accuracy = 0.6014000177383423
eval_loss = 0.9358525276184082
eval_mae = 0.4548
eval_runtime = 16.4865
eval_samples_per_second = 303.278
