eval_accuracy = 0.5699999928474426
eval_loss = 0.9918732643127441
eval_mae = 0.5074
eval_runtime = 16.9991
eval_samples_per_second = 294.133
