eval_accuracy = 0.6014000177383423
eval_loss = 0.9357976317405701
eval_mae = 0.4542
eval_runtime = 16.4017
eval_samples_per_second = 304.846
