eval_accuracy = 0.5794000029563904
eval_loss = 1.012107014656067
eval_mae = 0.4824
eval_runtime = 17.4128
eval_samples_per_second = 287.145
