eval_accuracy = 0.4684000015258789
eval_loss = 1.3432323932647705
eval_mae = 0.6886
eval_runtime = 18.7898
eval_samples_per_second = 266.102
