eval_accuracy = 0.4726000130176544
eval_loss = 1.3479022979736328
eval_mae = 0.6894
eval_runtime = 16.5558
eval_samples_per_second = 302.009
