eval_accuracy = 0.5026000142097473
eval_loss = 1.177070140838623
eval_mae = 0.5922
eval_runtime = 17.3477
eval_samples_per_second = 288.222
