eval_accuracy = 0.503000020980835
eval_loss = 1.1768677234649658
eval_mae = 0.5904
eval_runtime = 17.4107
eval_samples_per_second = 287.18
