eval_accuracy = 0.5569999814033508
eval_loss = 1.0808594226837158
eval_mae = 0.5644
eval_runtime = 18.4268
eval_samples_per_second = 271.344
