eval_accuracy = 0.48339998722076416
eval_loss = 1.3525279760360718
eval_mae = 0.6708
eval_runtime = 18.3932
eval_samples_per_second = 271.839
