eval_accuracy = 0.5906000137329102
eval_loss = 0.948951780796051
eval_mae = 0.4632
eval_runtime = 16.5498
eval_samples_per_second = 302.118
