eval_accuracy = 0.6204000115394592
eval_loss = 0.9522114396095276
eval_mae = 0.4304
eval_runtime = 17.4486
eval_samples_per_second = 286.555
