eval_accuracy = 0.6191999912261963
eval_loss = 0.9433286190032959
eval_mae = 0.4294
eval_runtime = 17.4877
eval_samples_per_second = 285.915
