eval_accuracy = 0.5758000016212463
eval_loss = 1.0059367418289185
eval_mae = 0.4956
eval_runtime = 17.2243
eval_samples_per_second = 290.288
