eval_accuracy = 0.4713999927043915
eval_loss = 1.3509000539779663
eval_mae = 0.6898
eval_runtime = 17.442
eval_samples_per_second = 286.665
