eval_accuracy = 0.5702000260353088
eval_loss = 1.021500825881958
eval_mae = 0.5078
eval_runtime = 16.4814
eval_samples_per_second = 303.373
