eval_accuracy = 0.5482000112533569
eval_loss = 1.0859771966934204
eval_mae = 0.5406
eval_runtime = 24.8852
eval_samples_per_second = 200.923
