eval_accuracy = 0.5752000212669373
eval_loss = 1.0840306282043457
eval_mae = 0.5118
eval_runtime = 17.0862
eval_samples_per_second = 292.634
