eval_accuracy = 0.4745999872684479
eval_loss = 1.3449649810791016
eval_mae = 0.6956
eval_runtime = 16.9312
eval_samples_per_second = 295.313
