eval_accuracy = 0.46939998865127563
eval_loss = 1.3511265516281128
eval_mae = 0.694
eval_runtime = 17.1945
eval_samples_per_second = 290.79
