eval_accuracy = 0.5781999826431274
eval_loss = 1.0176944732666016
eval_mae = 0.4844
eval_runtime = 17.4214
eval_samples_per_second = 287.004
