eval_accuracy = 0.6068000197410583
eval_loss = 0.9496652483940125
eval_mae = 0.451
eval_runtime = 18.259
eval_samples_per_second = 273.838
