eval_accuracy = 0.5565999746322632
eval_loss = 1.0626122951507568
eval_mae = 0.5212
eval_runtime = 18.3289
eval_samples_per_second = 272.794
