eval_accuracy = 0.5090000033378601
eval_loss = 1.2069315910339355
eval_mae = 0.6148
eval_runtime = 19.0147
eval_samples_per_second = 262.954
