eval_accuracy = 0.590399980545044
eval_loss = 0.9489080309867859
eval_mae = 0.4634
eval_runtime = 17.2034
eval_samples_per_second = 290.641
