eval_accuracy = 0.579800009727478
eval_loss = 1.011271357536316
eval_mae = 0.4824
eval_runtime = 16.8474
eval_samples_per_second = 296.782
