eval_accuracy = 0.6069999933242798
eval_loss = 0.9502303004264832
eval_mae = 0.4494
eval_runtime = 19.8281
eval_samples_per_second = 252.167
