eval_accuracy = 0.5992000102996826
eval_loss = 0.955738365650177
eval_mae = 0.4636
eval_runtime = 17.2812
eval_samples_per_second = 289.332
