eval_accuracy = 0.46799999475479126
eval_loss = 1.340344786643982
eval_mae = 0.6892
eval_runtime = 21.6982
eval_samples_per_second = 230.434
