eval_accuracy = 0.48100000619888306
eval_loss = 1.3920880556106567
eval_mae = 0.6736
eval_runtime = 22.6519
eval_samples_per_second = 220.732
