eval_accuracy = 0.5460000038146973
eval_loss = 1.0298693180084229
eval_mae = 0.5392
eval_runtime = 16.4233
eval_samples_per_second = 304.445
