eval_accuracy = 0.43939998745918274
eval_loss = 1.443270206451416
eval_mae = 0.7296
eval_runtime = 18.9327
eval_samples_per_second = 264.093
