eval_accuracy = 0.5527999997138977
eval_loss = 1.0248318910598755
eval_mae = 0.5392
eval_runtime = 17.9471
eval_samples_per_second = 278.597
