eval_accuracy = 0.5907999873161316
eval_loss = 0.9489903450012207
eval_mae = 0.4638
eval_runtime = 17.085
eval_samples_per_second = 292.655
