eval_accuracy = 0.506600022315979
eval_loss = 1.2288869619369507
eval_mae = 0.6208
eval_runtime = 20.1945
eval_samples_per_second = 247.592
