eval_accuracy = 0.555400013923645
eval_loss = 1.0788064002990723
eval_mae = 0.5656
eval_runtime = 19.5128
eval_samples_per_second = 256.241
