eval_accuracy = 0.5645999908447266
eval_loss = 1.0173145532608032
eval_mae = 0.5082
eval_runtime = 17.0121
eval_samples_per_second = 293.909
