eval_accuracy = 0.5640000104904175
eval_loss = 1.0142818689346313
eval_mae = 0.5084
eval_runtime = 17.0397
eval_samples_per_second = 293.433
