eval_accuracy = 0.5906000137329102
eval_loss = 0.9487947225570679
eval_mae = 0.463
eval_runtime = 16.2883
eval_samples_per_second = 306.969
