eval_accuracy = 0.4586000144481659
eval_loss = 1.3695666790008545
eval_mae = 0.7318
eval_runtime = 17.1648
eval_samples_per_second = 291.294
