eval_accuracy = 0.4408000111579895
eval_loss = 1.4417402744293213
eval_mae = 0.7272
eval_runtime = 18.8453
eval_samples_per_second = 265.318
