eval_accuracy = 0.5594000220298767
eval_loss = 1.046370267868042
eval_mae = 0.5104
eval_runtime = 18.0688
eval_samples_per_second = 276.72
