eval_accuracy = 0.4668000042438507
eval_loss = 1.2931185960769653
eval_mae = 0.6812
eval_runtime = 22.0924
eval_samples_per_second = 226.323
