eval_accuracy = 0.6043999791145325
eval_loss = 0.946326732635498
eval_mae = 0.4578
eval_runtime = 17.262
eval_samples_per_second = 289.653
