eval_accuracy = 0.4991999864578247
eval_loss = 1.2315452098846436
eval_mae = 0.6032
eval_runtime = 18.4527
eval_samples_per_second = 270.963
