eval_accuracy = 0.6010000109672546
eval_loss = 0.9552964568138123
eval_mae = 0.4624
eval_runtime = 17.3888
eval_samples_per_second = 287.541
