eval_accuracy = 0.6019999980926514
eval_loss = 0.936178982257843
eval_mae = 0.4532
eval_runtime = 16.5214
eval_samples_per_second = 302.638
