eval_accuracy = 0.5023999810218811
eval_loss = 1.1757762432098389
eval_mae = 0.5942
eval_runtime = 17.3466
eval_samples_per_second = 288.24
