eval_accuracy = 0.475600004196167
eval_loss = 1.3951679468154907
eval_mae = 0.6794
eval_runtime = 34.253
eval_samples_per_second = 145.973
