eval_accuracy = 0.5275999903678894
eval_loss = 1.052339792251587
eval_mae = 0.5684
eval_runtime = 16.0598
eval_samples_per_second = 311.336
