eval_accuracy = 0.576200008392334
eval_loss = 1.0860322713851929
eval_mae = 0.5094
eval_runtime = 16.4223
eval_samples_per_second = 304.464
