eval_accuracy = 0.6212000250816345
eval_loss = 0.9501940608024597
eval_mae = 0.4278
eval_runtime = 17.3364
eval_samples_per_second = 288.411
