eval_accuracy = 0.5044000148773193
eval_loss = 1.24513840675354
eval_mae = 0.629
eval_runtime = 20.5162
eval_samples_per_second = 243.71
