eval_accuracy = 0.6011999845504761
eval_loss = 0.935719907283783
eval_mae = 0.4548
eval_runtime = 16.4494
eval_samples_per_second = 303.963
