eval_accuracy = 0.6366000175476074
eval_loss = 0.8895087838172913
eval_mae = 0.4146
eval_runtime = 21.439
eval_samples_per_second = 233.22
