eval_accuracy = 0.5817999839782715
eval_loss = 0.9784073233604431
eval_mae = 0.4876
eval_runtime = 17.3412
eval_samples_per_second = 288.331
