eval_accuracy = 0.5550000071525574
eval_loss = 1.0248539447784424
eval_mae = 0.5366
eval_runtime = 17.1972
eval_samples_per_second = 290.745
