eval_accuracy = 0.4697999954223633
eval_loss = 1.295886516571045
eval_mae = 0.6782
eval_runtime = 18.84
eval_samples_per_second = 265.393
