eval_accuracy = 0.5649999976158142
eval_loss = 1.0146105289459229
eval_mae = 0.5076
eval_runtime = 17.211
eval_samples_per_second = 290.511
