eval_accuracy = 0.5023999810218811
eval_loss = 1.1773369312286377
eval_mae = 0.592
eval_runtime = 17.4139
eval_samples_per_second = 287.127
