eval_accuracy = 0.5690000057220459
eval_loss = 1.021438717842102
eval_mae = 0.5086
eval_runtime = 17.2602
eval_samples_per_second = 289.685
