eval_accuracy = 0.5925999879837036
eval_loss = 0.9607661962509155
eval_mae = 0.4834
eval_runtime = 17.3911
eval_samples_per_second = 287.504
