eval_accuracy = 0.5568000078201294
eval_loss = 1.0621737241744995
eval_mae = 0.5204
eval_runtime = 18.0458
eval_samples_per_second = 277.073
