eval_accuracy = 0.5992000102996826
eval_loss = 0.9557458162307739
eval_mae = 0.4638
eval_runtime = 17.3182
eval_samples_per_second = 288.713
