eval_accuracy = 0.600600004196167
eval_loss = 0.9353285431861877
eval_mae = 0.456
eval_runtime = 16.984
eval_samples_per_second = 294.395
