eval_accuracy = 0.5034000277519226
eval_loss = 1.1776796579360962
eval_mae = 0.591
eval_runtime = 17.3721
eval_samples_per_second = 287.818
