eval_accuracy = 0.6338000297546387
eval_loss = 0.894048810005188
eval_mae = 0.4186
eval_runtime = 27.4263
eval_samples_per_second = 182.307
