eval_accuracy = 0.5809999704360962
eval_loss = 1.0152214765548706
eval_mae = 0.4824
eval_runtime = 16.4517
eval_samples_per_second = 303.92
