eval_accuracy = 0.5468000173568726
eval_loss = 1.0294148921966553
eval_mae = 0.5394
eval_runtime = 17.3512
eval_samples_per_second = 288.165
