eval_accuracy = 0.5270000100135803
eval_loss = 1.0530827045440674
eval_mae = 0.5712
eval_runtime = 15.9138
eval_samples_per_second = 314.192
