eval_accuracy = 0.49799999594688416
eval_loss = 1.1563512086868286
eval_mae = 0.5908
eval_runtime = 17.2767
eval_samples_per_second = 289.407
