eval_accuracy = 0.5645999908447266
eval_loss = 1.0148276090621948
eval_mae = 0.5078
eval_runtime = 17.0313
eval_samples_per_second = 293.577
