eval_accuracy = 0.5807999968528748
eval_loss = 1.0115262269973755
eval_mae = 0.4814
eval_runtime = 16.998
eval_samples_per_second = 294.152
