eval_accuracy = 0.5077999830245972
eval_loss = 1.2280306816101074
eval_mae = 0.6216
eval_runtime = 19.0861
eval_samples_per_second = 261.971
