eval_accuracy = 0.5662000179290771
eval_loss = 1.0122672319412231
eval_mae = 0.5048
eval_runtime = 16.345
eval_samples_per_second = 305.904
