eval_accuracy = 0.5938000082969666
eval_loss = 0.9611731171607971
eval_mae = 0.4826
eval_runtime = 17.3769
eval_samples_per_second = 287.738
