eval_accuracy = 0.4991999864578247
eval_loss = 1.2273417711257935
eval_mae = 0.6042
eval_runtime = 18.4766
eval_samples_per_second = 270.613
