eval_accuracy = 0.49900001287460327
eval_loss = 1.2280049324035645
eval_mae = 0.6022
eval_runtime = 18.3662
eval_samples_per_second = 272.24
