eval_accuracy = 0.4984000027179718
eval_loss = 1.1560564041137695
eval_mae = 0.592
eval_runtime = 16.8995
eval_samples_per_second = 295.866
