eval_accuracy = 0.4722000062465668
eval_loss = 1.3476818799972534
eval_mae = 0.6894
eval_runtime = 17.4203
eval_samples_per_second = 287.022
