eval_accuracy = 0.52920001745224
eval_loss = 1.0538036823272705
eval_mae = 0.5662
eval_runtime = 16.2785
eval_samples_per_second = 307.153
