eval_accuracy = 0.5928000211715698
eval_loss = 0.9608854651451111
eval_mae = 0.4828
eval_runtime = 17.3191
eval_samples_per_second = 288.698
