eval_accuracy = 0.4575999975204468
eval_loss = 1.366528868675232
eval_mae = 0.731
eval_runtime = 16.7476
eval_samples_per_second = 298.55
