eval_accuracy = 0.5759999752044678
eval_loss = 1.0059136152267456
eval_mae = 0.4966
eval_runtime = 16.5571
eval_samples_per_second = 301.985
