eval_accuracy = 0.4803999960422516
eval_loss = 1.3921977281570435
eval_mae = 0.6742
eval_runtime = 23.9637
eval_samples_per_second = 208.649
