eval_accuracy = 0.47999998927116394
eval_loss = 1.3843607902526855
eval_mae = 0.6726
eval_runtime = 19.8665
eval_samples_per_second = 251.68
