eval_accuracy = 0.5929999947547913
eval_loss = 0.9482525587081909
eval_mae = 0.4608
eval_runtime = 17.4148
eval_samples_per_second = 287.111
