eval_accuracy = 0.5694000124931335
eval_loss = 1.0216506719589233
eval_mae = 0.5086
eval_runtime = 16.7138
eval_samples_per_second = 299.155
