eval_accuracy = 0.600600004196167
eval_loss = 0.9348114132881165
eval_mae = 0.4544
eval_runtime = 16.4368
eval_samples_per_second = 304.196
