eval_accuracy = 0.48339998722076416
eval_loss = 1.3491920232772827
eval_mae = 0.6702
eval_runtime = 18.1499
eval_samples_per_second = 275.484
