eval_accuracy = 0.5916000008583069
eval_loss = 0.9483511447906494
eval_mae = 0.4616
eval_runtime = 16.544
eval_samples_per_second = 302.225
