eval_accuracy = 0.47600001096725464
eval_loss = 1.341118335723877
eval_mae = 0.6958
eval_runtime = 16.3417
eval_samples_per_second = 305.965
