eval_accuracy = 0.5059999823570251
eval_loss = 1.2289717197418213
eval_mae = 0.6216
eval_runtime = 25.1907
eval_samples_per_second = 198.486
