eval_accuracy = 0.5582000017166138
eval_loss = 1.0783271789550781
eval_mae = 0.531
eval_runtime = 18.26
eval_samples_per_second = 273.822
