eval_accuracy = 0.4397999942302704
eval_loss = 1.4429700374603271
eval_mae = 0.7292
eval_runtime = 31.458
eval_samples_per_second = 158.942
