eval_accuracy = 0.5568000078201294
eval_loss = 1.063344955444336
eval_mae = 0.5222
eval_runtime = 18.0398
eval_samples_per_second = 277.165
