eval_accuracy = 0.5004000067710876
eval_loss = 1.2251605987548828
eval_mae = 0.5992
eval_runtime = 18.4913
eval_samples_per_second = 270.397
