eval_accuracy = 0.5464000105857849
eval_loss = 1.0296019315719604
eval_mae = 0.5376
eval_runtime = 16.9711
eval_samples_per_second = 294.619
