eval_accuracy = 0.4970000088214874
eval_loss = 1.2354387044906616
eval_mae = 0.6464
eval_runtime = 19.1884
eval_samples_per_second = 260.574
