eval_accuracy = 0.5266000032424927
eval_loss = 1.0534411668777466
eval_mae = 0.571
eval_runtime = 16.0418
eval_samples_per_second = 311.685
