eval_accuracy = 0.5447999835014343
eval_loss = 1.029922366142273
eval_mae = 0.54
eval_runtime = 17.2965
eval_samples_per_second = 289.076
