eval_accuracy = 0.5541999936103821
eval_loss = 1.0799757242202759
eval_mae = 0.534
eval_runtime = 19.7541
eval_samples_per_second = 253.111
