eval_accuracy = 0.600600004196167
eval_loss = 0.9358422160148621
eval_mae = 0.4554
eval_runtime = 16.9927
eval_samples_per_second = 294.244
