eval_accuracy = 0.5483999848365784
eval_loss = 1.1513334512710571
eval_mae = 0.5828
eval_runtime = 17.384
eval_samples_per_second = 287.62
