eval_accuracy = 0.5019999742507935
eval_loss = 1.17831552028656
eval_mae = 0.5932
eval_runtime = 17.3272
eval_samples_per_second = 288.563
