eval_accuracy = 0.46799999475479126
eval_loss = 1.298398494720459
eval_mae = 0.6828
eval_runtime = 19.1936
eval_samples_per_second = 260.504
