eval_accuracy = 0.6197999715805054
eval_loss = 0.9508044719696045
eval_mae = 0.4298
eval_runtime = 17.3995
eval_samples_per_second = 287.365
