eval_accuracy = 0.5759999752044678
eval_loss = 1.0849833488464355
eval_mae = 0.51
eval_runtime = 16.9901
eval_samples_per_second = 294.289
