eval_accuracy = 0.5576000213623047
eval_loss = 1.0639595985412598
eval_mae = 0.522
eval_runtime = 28.8548
eval_samples_per_second = 173.281
