eval_accuracy = 0.5758000016212463
eval_loss = 1.0059468746185303
eval_mae = 0.4964
eval_runtime = 17.1977
eval_samples_per_second = 290.736
