eval_accuracy = 0.46799999475479126
eval_loss = 1.3385367393493652
eval_mae = 0.6886
eval_runtime = 35.9143
eval_samples_per_second = 139.22
