eval_accuracy = 0.4814000129699707
eval_loss = 1.3618741035461426
eval_mae = 0.675
eval_runtime = 18.1205
eval_samples_per_second = 275.931
