eval_accuracy = 0.5820000171661377
eval_loss = 0.9778786897659302
eval_mae = 0.486
eval_runtime = 16.6791
eval_samples_per_second = 299.777
