eval_accuracy = 0.49779999256134033
eval_loss = 1.2350445985794067
eval_mae = 0.6454
eval_runtime = 17.8767
eval_samples_per_second = 279.694
