eval_accuracy = 0.5803999900817871
eval_loss = 1.0122586488723755
eval_mae = 0.4828
eval_runtime = 17.3807
eval_samples_per_second = 287.676
