eval_accuracy = 0.5924000144004822
eval_loss = 0.9478326439857483
eval_mae = 0.4696
eval_runtime = 30.0669
eval_samples_per_second = 166.296
