eval_accuracy = 0.5803999900817871
eval_loss = 1.015777349472046
eval_mae = 0.4824
eval_runtime = 17.447
eval_samples_per_second = 286.582
