eval_accuracy = 0.5795999765396118
eval_loss = 1.0104529857635498
eval_mae = 0.483
eval_runtime = 16.763
eval_samples_per_second = 298.277
