eval_accuracy = 0.4821999967098236
eval_loss = 1.3456039428710938
eval_mae = 0.6708
eval_runtime = 18.4665
eval_samples_per_second = 270.761
