eval_accuracy = 0.5063999891281128
eval_loss = 1.2295809984207153
eval_mae = 0.6208
eval_runtime = 18.8994
eval_samples_per_second = 264.559
