eval_accuracy = 0.4390000104904175
eval_loss = 1.4383606910705566
eval_mae = 0.7278
eval_runtime = 21.2823
eval_samples_per_second = 234.937
