eval_accuracy = 0.4747999906539917
eval_loss = 1.3457767963409424
eval_mae = 0.6952
eval_runtime = 17.1579
eval_samples_per_second = 291.411
