eval_accuracy = 0.5925999879837036
eval_loss = 1.0060768127441406
eval_mae = 0.4686
eval_runtime = 17.1075
eval_samples_per_second = 292.269
