eval_accuracy = 0.5582000017166138
eval_loss = 1.0782002210617065
eval_mae = 0.5312
eval_runtime = 20.3877
eval_samples_per_second = 245.246
