eval_accuracy = 0.5275999903678894
eval_loss = 1.0545880794525146
eval_mae = 0.572
eval_runtime = 16.8674
eval_samples_per_second = 296.431
