eval_accuracy = 0.6068000197410583
eval_loss = 0.9496917128562927
eval_mae = 0.4492
eval_runtime = 18.5396
eval_samples_per_second = 269.692
