eval_accuracy = 0.5717999935150146
eval_loss = 1.001025915145874
eval_mae = 0.4988
eval_runtime = 17.2531
eval_samples_per_second = 289.803
