eval_accuracy = 0.5766000151634216
eval_loss = 1.005903720855713
eval_mae = 0.4954
eval_runtime = 17.3228
eval_samples_per_second = 288.638
