eval_accuracy = 0.5583999752998352
eval_loss = 1.0630712509155273
eval_mae = 0.5204
eval_runtime = 18.3214
eval_samples_per_second = 272.904
