eval_accuracy = 0.5631999969482422
eval_loss = 1.0494740009307861
eval_mae = 0.507
eval_runtime = 18.5003
eval_samples_per_second = 270.266
