eval_accuracy = 0.43939998745918274
eval_loss = 1.4427069425582886
eval_mae = 0.7294
eval_runtime = 32.599
eval_samples_per_second = 153.379
