eval_accuracy = 0.47200000286102295
eval_loss = 1.3487759828567505
eval_mae = 0.6904
eval_runtime = 17.6503
eval_samples_per_second = 283.282
