eval_accuracy = 0.5806000232696533
eval_loss = 1.0203548669815063
eval_mae = 0.4948
eval_runtime = 22.1942
eval_samples_per_second = 225.284
