eval_accuracy = 0.6051999926567078
eval_loss = 0.9461628794670105
eval_mae = 0.4568
eval_runtime = 17.3297
eval_samples_per_second = 288.522
