eval_accuracy = 0.4713999927043915
eval_loss = 1.3362090587615967
eval_mae = 0.6832
eval_runtime = 21.3647
eval_samples_per_second = 234.031
