eval_accuracy = 0.5541999936103821
eval_loss = 1.0819900035858154
eval_mae = 0.5364
eval_runtime = 18.5691
eval_samples_per_second = 269.265
