eval_accuracy = 0.5807999968528748
eval_loss = 1.0186339616775513
eval_mae = 0.4934
eval_runtime = 21.409
eval_samples_per_second = 233.546
