eval_accuracy = 0.4975999891757965
eval_loss = 1.2474160194396973
eval_mae = 0.599
eval_runtime = 18.2195
eval_samples_per_second = 274.432
