eval_accuracy = 0.54339998960495
eval_loss = 1.031535267829895
eval_mae = 0.5424
eval_runtime = 16.6445
eval_samples_per_second = 300.4
