eval_accuracy = 0.5817999839782715
eval_loss = 1.0173434019088745
eval_mae = 0.48
eval_runtime = 17.4387
eval_samples_per_second = 286.718
