eval_accuracy = 0.6000000238418579
eval_loss = 0.9362699389457703
eval_mae = 0.4554
eval_runtime = 16.0859
eval_samples_per_second = 310.832
