eval_accuracy = 0.4724000096321106
eval_loss = 1.3482906818389893
eval_mae = 0.689
eval_runtime = 17.3106
eval_samples_per_second = 288.84
