eval_accuracy = 0.4997999966144562
eval_loss = 1.242079734802246
eval_mae = 0.5956
eval_runtime = 19.1587
eval_samples_per_second = 260.978
