eval_accuracy = 0.5564000010490417
eval_loss = 1.0802494287490845
eval_mae = 0.5648
eval_runtime = 18.0839
eval_samples_per_second = 276.489
