eval_accuracy = 0.5544000267982483
eval_loss = 1.0651625394821167
eval_mae = 0.5256
eval_runtime = 18.3854
eval_samples_per_second = 271.955
