eval_accuracy = 0.5559999942779541
eval_loss = 1.0246357917785645
eval_mae = 0.5356
eval_runtime = 17.2725
eval_samples_per_second = 289.477
