eval_accuracy = 0.4973999857902527
eval_loss = 1.2399053573608398
eval_mae = 0.6484
eval_runtime = 17.9106
eval_samples_per_second = 279.164
