eval_accuracy = 0.5928000211715698
eval_loss = 1.016136884689331
eval_mae = 0.4688
eval_runtime = 17.1485
eval_samples_per_second = 291.57
