eval_accuracy = 0.4970000088214874
eval_loss = 1.2385735511779785
eval_mae = 0.6474
eval_runtime = 17.7795
eval_samples_per_second = 281.223
