eval_accuracy = 0.5795999765396118
eval_loss = 1.017490267753601
eval_mae = 0.4828
eval_runtime = 16.7922
eval_samples_per_second = 297.758
