eval_accuracy = 0.603600025177002
eval_loss = 0.9461965560913086
eval_mae = 0.4572
eval_runtime = 17.3578
eval_samples_per_second = 288.056
