eval_accuracy = 0.5691999793052673
eval_loss = 1.0210325717926025
eval_mae = 0.5096
eval_runtime = 17.3282
eval_samples_per_second = 288.547
