eval_accuracy = 0.4706000089645386
eval_loss = 1.348819375038147
eval_mae = 0.6912
eval_runtime = 17.5152
eval_samples_per_second = 285.467
