eval_accuracy = 0.5789999961853027
eval_loss = 1.0173081159591675
eval_mae = 0.4832
eval_runtime = 17.4779
eval_samples_per_second = 286.076
