eval_accuracy = 0.5547999739646912
eval_loss = 1.062593698501587
eval_mae = 0.5236
eval_runtime = 18.3489
eval_samples_per_second = 272.496
