eval_accuracy = 0.525600016117096
eval_loss = 1.0537257194519043
eval_mae = 0.5716
eval_runtime = 16.3698
eval_samples_per_second = 305.44
