eval_accuracy = 0.527999997138977
eval_loss = 1.053208589553833
eval_mae = 0.5682
eval_runtime = 16.2647
eval_samples_per_second = 307.415
