eval_accuracy = 0.569599986076355
eval_loss = 1.0205384492874146
eval_mae = 0.507
eval_runtime = 16.7548
eval_samples_per_second = 298.422
