eval_accuracy = 0.5001999735832214
eval_loss = 1.228081464767456
eval_mae = 0.6028
eval_runtime = 18.3975
eval_samples_per_second = 271.777
