eval_accuracy = 0.5694000124931335
eval_loss = 1.0214605331420898
eval_mae = 0.5098
eval_runtime = 16.6704
eval_samples_per_second = 299.933
