eval_accuracy = 0.4681999981403351
eval_loss = 1.3384487628936768
eval_mae = 0.6874
eval_runtime = 29.1492
eval_samples_per_second = 171.531
