eval_accuracy = 0.607200026512146
eval_loss = 0.9484623074531555
eval_mae = 0.4476
eval_runtime = 18.6722
eval_samples_per_second = 267.778
