eval_accuracy = 0.5680000185966492
eval_loss = 1.0226218700408936
eval_mae = 0.5098
eval_runtime = 17.3888
eval_samples_per_second = 287.542
