eval_accuracy = 0.4674000144004822
eval_loss = 1.2966872453689575
eval_mae = 0.6822
eval_runtime = 33.7107
eval_samples_per_second = 148.321
