eval_accuracy = 0.4681999981403351
eval_loss = 1.2972456216812134
eval_mae = 0.6818
eval_runtime = 21.7306
eval_samples_per_second = 230.09
