eval_accuracy = 0.5472000241279602
eval_loss = 1.1474759578704834
eval_mae = 0.5834
eval_runtime = 17.4783
eval_samples_per_second = 286.069
