eval_accuracy = 0.5586000084877014
eval_loss = 1.0787032842636108
eval_mae = 0.5306
eval_runtime = 19.2396
eval_samples_per_second = 259.881
