eval_accuracy = 0.4814000129699707
eval_loss = 1.3922659158706665
eval_mae = 0.6732
eval_runtime = 25.6639
eval_samples_per_second = 194.826
