eval_accuracy = 0.5795999765396118
eval_loss = 1.0125601291656494
eval_mae = 0.4832
eval_runtime = 17.3368
eval_samples_per_second = 288.404
