eval_accuracy = 0.5067999958992004
eval_loss = 1.230859398841858
eval_mae = 0.622
eval_runtime = 26.0855
eval_samples_per_second = 191.678
