eval_accuracy = 0.5473999977111816
eval_loss = 1.0859822034835815
eval_mae = 0.5416
eval_runtime = 24.71
eval_samples_per_second = 202.347
