eval_accuracy = 0.5807999968528748
eval_loss = 1.018852710723877
eval_mae = 0.4936
eval_runtime = 27.8479
eval_samples_per_second = 179.547
