eval_accuracy = 0.47200000286102295
eval_loss = 1.3452978134155273
eval_mae = 0.6892
eval_runtime = 17.2864
eval_samples_per_second = 289.245
