eval_accuracy = 0.5583999752998352
eval_loss = 1.0785318613052368
eval_mae = 0.5308
eval_runtime = 33.1477
eval_samples_per_second = 150.84
