eval_accuracy = 0.6366000175476074
eval_loss = 0.8895238041877747
eval_mae = 0.4144
eval_runtime = 32.5002
eval_samples_per_second = 153.845
