eval_accuracy = 0.4575999975204468
eval_loss = 1.3659758567810059
eval_mae = 0.7296
eval_runtime = 17.5633
eval_samples_per_second = 284.684
