eval_accuracy = 0.5946000218391418
eval_loss = 0.947303295135498
eval_mae = 0.4654
eval_runtime = 19.0293
eval_samples_per_second = 262.753
