eval_accuracy = 0.5590000152587891
eval_loss = 1.0777560472488403
eval_mae = 0.5216
eval_runtime = 18.3164
eval_samples_per_second = 272.979
