eval_accuracy = 0.5738000273704529
eval_loss = 1.008442997932434
eval_mae = 0.4984
eval_runtime = 17.2221
eval_samples_per_second = 290.324
