eval_accuracy = 0.6000000238418579
eval_loss = 0.9551712870597839
eval_mae = 0.4622
eval_runtime = 16.6808
eval_samples_per_second = 299.746
