eval_accuracy = 0.5799999833106995
eval_loss = 1.0131855010986328
eval_mae = 0.481
eval_runtime = 17.5475
eval_samples_per_second = 284.94
