eval_accuracy = 0.5917999744415283
eval_loss = 0.9608278274536133
eval_mae = 0.4848
eval_runtime = 17.3185
eval_samples_per_second = 288.709
