eval_accuracy = 0.43939998745918274
eval_loss = 1.44294273853302
eval_mae = 0.7294
eval_runtime = 37.0426
eval_samples_per_second = 134.98
