eval_accuracy = 0.5781999826431274
eval_loss = 1.0182864665985107
eval_mae = 0.4846
eval_runtime = 17.721
eval_samples_per_second = 282.151
