eval_accuracy = 0.5576000213623047
eval_loss = 1.0631999969482422
eval_mae = 0.5208
eval_runtime = 18.6355
eval_samples_per_second = 268.305
