eval_accuracy = 0.5569999814033508
eval_loss = 1.0779988765716553
eval_mae = 0.5326
eval_runtime = 22.5292
eval_samples_per_second = 221.934
