eval_accuracy = 0.593999981880188
eval_loss = 0.9607893824577332
eval_mae = 0.4824
eval_runtime = 17.4988
eval_samples_per_second = 285.733
