eval_accuracy = 0.6000000238418579
eval_loss = 0.9554460644721985
eval_mae = 0.4652
eval_runtime = 17.321
eval_samples_per_second = 288.667
