eval_accuracy = 0.5896000266075134
eval_loss = 0.9489039182662964
eval_mae = 0.464
eval_runtime = 17.4246
eval_samples_per_second = 286.95
