eval_accuracy = 0.6209999918937683
eval_loss = 0.9527376890182495
eval_mae = 0.4286
eval_runtime = 17.4691
eval_samples_per_second = 286.219
