eval_accuracy = 0.4731999933719635
eval_loss = 1.3458285331726074
eval_mae = 0.695
eval_runtime = 17.0193
eval_samples_per_second = 293.785
