eval_accuracy = 0.47920000553131104
eval_loss = 1.3935635089874268
eval_mae = 0.6776
eval_runtime = 19.1783
eval_samples_per_second = 260.711
