eval_accuracy = 0.5005999803543091
eval_loss = 1.235309362411499
eval_mae = 0.5922
eval_runtime = 20.7823
eval_samples_per_second = 240.589
