eval_accuracy = 0.548799991607666
eval_loss = 1.1520874500274658
eval_mae = 0.5798
eval_runtime = 17.4476
eval_samples_per_second = 286.572
