eval_accuracy = 0.4578000009059906
eval_loss = 1.364912509918213
eval_mae = 0.735
eval_runtime = 16.7239
eval_samples_per_second = 298.973
