eval_accuracy = 0.5637999773025513
eval_loss = 1.0145808458328247
eval_mae = 0.5084
eval_runtime = 16.9719
eval_samples_per_second = 294.604
