eval_accuracy = 0.5612000226974487
eval_loss = 1.0460267066955566
eval_mae = 0.5078
eval_runtime = 18.3295
eval_samples_per_second = 272.785
