eval_accuracy = 0.548799991607666
eval_loss = 1.1477925777435303
eval_mae = 0.5826
eval_runtime = 17.4535
eval_samples_per_second = 286.476
