eval_accuracy = 0.501800000667572
eval_loss = 1.1768566370010376
eval_mae = 0.5922
eval_runtime = 17.3968
eval_samples_per_second = 287.409
