eval_accuracy = 0.5920000076293945
eval_loss = 0.9480341672897339
eval_mae = 0.4706
eval_runtime = 18.7763
eval_samples_per_second = 266.293
