eval_accuracy = 0.5795999765396118
eval_loss = 1.0112677812576294
eval_mae = 0.4822
eval_runtime = 16.8517
eval_samples_per_second = 296.706
