eval_accuracy = 0.5651999711990356
eval_loss = 1.0145670175552368
eval_mae = 0.5084
eval_runtime = 16.997
eval_samples_per_second = 294.17
