eval_accuracy = 0.44040000438690186
eval_loss = 1.4430269002914429
eval_mae = 0.7278
eval_runtime = 19.9695
eval_samples_per_second = 250.382
