eval_accuracy = 0.4747999906539917
eval_loss = 1.3989439010620117
eval_mae = 0.6858
eval_runtime = 21.704
eval_samples_per_second = 230.372
