eval_accuracy = 0.5550000071525574
eval_loss = 1.0813219547271729
eval_mae = 0.5662
eval_runtime = 18.54
eval_samples_per_second = 269.688
