eval_accuracy = 0.5669999718666077
eval_loss = 1.0155030488967896
eval_mae = 0.504
eval_runtime = 16.504
eval_samples_per_second = 302.957
