eval_accuracy = 0.5932000279426575
eval_loss = 0.9475822448730469
eval_mae = 0.4688
eval_runtime = 18.7246
eval_samples_per_second = 267.029
