eval_accuracy = 0.5633999705314636
eval_loss = 1.0147733688354492
eval_mae = 0.5092
eval_runtime = 16.9584
eval_samples_per_second = 294.839
