eval_accuracy = 0.5479999780654907
eval_loss = 1.0861393213272095
eval_mae = 0.5408
eval_runtime = 17.8513
eval_samples_per_second = 280.091
