eval_accuracy = 0.46799999475479126
eval_loss = 1.2966244220733643
eval_mae = 0.6816
eval_runtime = 24.0191
eval_samples_per_second = 208.168
