eval_accuracy = 0.501800000667572
eval_loss = 1.2367656230926514
eval_mae = 0.5934
eval_runtime = 23.5362
eval_samples_per_second = 212.439
