eval_accuracy = 0.4399999976158142
eval_loss = 1.442257285118103
eval_mae = 0.729
eval_runtime = 21.6375
eval_samples_per_second = 231.081
