eval_accuracy = 0.5932000279426575
eval_loss = 0.9605488181114197
eval_mae = 0.484
eval_runtime = 17.3412
eval_samples_per_second = 288.33
