eval_accuracy = 0.5812000036239624
eval_loss = 1.018694519996643
eval_mae = 0.4938
eval_runtime = 18.8688
eval_samples_per_second = 264.988
