eval_accuracy = 0.6021999716758728
eval_loss = 0.935470700263977
eval_mae = 0.454
eval_runtime = 17.0458
eval_samples_per_second = 293.328
