eval_accuracy = 0.5781999826431274
eval_loss = 1.0123553276062012
eval_mae = 0.4842
eval_runtime = 17.4197
eval_samples_per_second = 287.032
