eval_accuracy = 0.5925999879837036
eval_loss = 0.960307240486145
eval_mae = 0.4836
eval_runtime = 17.3619
eval_samples_per_second = 287.988
