eval_accuracy = 0.5979999899864197
eval_loss = 0.9559630751609802
eval_mae = 0.4648
eval_runtime = 17.372
eval_samples_per_second = 287.82
