eval_accuracy = 0.46799999475479126
eval_loss = 1.3404732942581177
eval_mae = 0.6884
eval_runtime = 21.2257
eval_samples_per_second = 235.563
