eval_accuracy = 0.4674000144004822
eval_loss = 1.339923620223999
eval_mae = 0.6896
eval_runtime = 20.673
eval_samples_per_second = 241.861
