eval_accuracy = 0.5907999873161316
eval_loss = 0.949423611164093
eval_mae = 0.4632
eval_runtime = 17.2309
eval_samples_per_second = 290.177
