eval_accuracy = 0.5468000173568726
eval_loss = 1.0300359725952148
eval_mae = 0.539
eval_runtime = 17.4008
eval_samples_per_second = 287.342
