eval_accuracy = 0.5019999742507935
eval_loss = 1.2391549348831177
eval_mae = 0.5952
eval_runtime = 21.3382
eval_samples_per_second = 234.321
