eval_accuracy = 0.5812000036239624
eval_loss = 1.0186381340026855
eval_mae = 0.4936
eval_runtime = 18.8512
eval_samples_per_second = 265.235
