eval_accuracy = 0.47519999742507935
eval_loss = 1.3409384489059448
eval_mae = 0.6972
eval_runtime = 16.9837
eval_samples_per_second = 294.399
