eval_accuracy = 0.5037999749183655
eval_loss = 1.1763995885849
eval_mae = 0.5914
eval_runtime = 17.368
eval_samples_per_second = 287.885
