eval_accuracy = 0.46720001101493835
eval_loss = 1.2965134382247925
eval_mae = 0.6826
eval_runtime = 21.1948
eval_samples_per_second = 235.907
