eval_accuracy = 0.4943999946117401
eval_loss = 1.2459020614624023
eval_mae = 0.653
eval_runtime = 29.4766
eval_samples_per_second = 169.626
