eval_accuracy = 0.5809999704360962
eval_loss = 1.011905312538147
eval_mae = 0.4814
eval_runtime = 16.8645
eval_samples_per_second = 296.48
