eval_accuracy = 0.49720001220703125
eval_loss = 1.2405027151107788
eval_mae = 0.646
eval_runtime = 20.9784
eval_samples_per_second = 238.341
