eval_accuracy = 0.4758000075817108
eval_loss = 1.343147873878479
eval_mae = 0.6946
eval_runtime = 16.9968
eval_samples_per_second = 294.174
