eval_accuracy = 0.475600004196167
eval_loss = 1.339519739151001
eval_mae = 0.6938
eval_runtime = 16.553
eval_samples_per_second = 302.059
