eval_accuracy = 0.5712000131607056
eval_loss = 1.0202704668045044
eval_mae = 0.5062
eval_runtime = 16.5168
eval_samples_per_second = 302.722
