eval_accuracy = 0.5645999908447266
eval_loss = 1.0147929191589355
eval_mae = 0.5074
eval_runtime = 16.9589
eval_samples_per_second = 294.831
