eval_accuracy = 0.5479999780654907
eval_loss = 1.0859626531600952
eval_mae = 0.541
eval_runtime = 18.2472
eval_samples_per_second = 274.014
