eval_accuracy = 0.5004000067710876
eval_loss = 1.2271991968154907
eval_mae = 0.601
eval_runtime = 18.4387
eval_samples_per_second = 271.168
