eval_accuracy = 0.5920000076293945
eval_loss = 0.9608619213104248
eval_mae = 0.4838
eval_runtime = 17.2511
eval_samples_per_second = 289.836
