eval_accuracy = 0.6055999994277954
eval_loss = 0.9470992088317871
eval_mae = 0.457
eval_runtime = 17.573
eval_samples_per_second = 284.527
