eval_accuracy = 0.5587999820709229
eval_loss = 1.07863187789917
eval_mae = 0.5304
eval_runtime = 18.86
eval_samples_per_second = 265.112
