eval_accuracy = 0.6208000183105469
eval_loss = 0.9511075019836426
eval_mae = 0.4288
eval_runtime = 17.3897
eval_samples_per_second = 287.527
