eval_accuracy = 0.5803999900817871
eval_loss = 1.0236726999282837
eval_mae = 0.4964
eval_runtime = 32.2676
eval_samples_per_second = 154.954
