eval_accuracy = 0.5288000106811523
eval_loss = 1.053653359413147
eval_mae = 0.569
eval_runtime = 16.3071
eval_samples_per_second = 306.615
