eval_accuracy = 0.5708000063896179
eval_loss = 0.9907374978065491
eval_mae = 0.5074
eval_runtime = 17.0016
eval_samples_per_second = 294.09
