eval_accuracy = 0.5723999738693237
eval_loss = 1.083321452140808
eval_mae = 0.5132
eval_runtime = 15.9861
eval_samples_per_second = 312.773
