eval_accuracy = 0.5756000280380249
eval_loss = 1.0857421159744263
eval_mae = 0.5094
eval_runtime = 16.4141
eval_samples_per_second = 304.616
