eval_accuracy = 0.4722000062465668
eval_loss = 1.348549485206604
eval_mae = 0.6896
eval_runtime = 17.2368
eval_samples_per_second = 290.077
