eval_accuracy = 0.5709999799728394
eval_loss = 0.9905557632446289
eval_mae = 0.507
eval_runtime = 16.9231
eval_samples_per_second = 295.454
