eval_accuracy = 0.5491999983787537
eval_loss = 1.1469507217407227
eval_mae = 0.5818
eval_runtime = 16.768
eval_samples_per_second = 298.188
