eval_accuracy = 0.5008000135421753
eval_loss = 1.2302806377410889
eval_mae = 0.604
eval_runtime = 18.4687
eval_samples_per_second = 270.728
