eval_accuracy = 0.4832000136375427
eval_loss = 1.3523509502410889
eval_mae = 0.6712
eval_runtime = 18.0844
eval_samples_per_second = 276.482
