eval_accuracy = 0.545199990272522
eval_loss = 1.0301886796951294
eval_mae = 0.54
eval_runtime = 16.4232
eval_samples_per_second = 304.448
