eval_accuracy = 0.5473999977111816
eval_loss = 1.0865148305892944
eval_mae = 0.5406
eval_runtime = 23.088
eval_samples_per_second = 216.563
