eval_accuracy = 0.5633999705314636
eval_loss = 1.0145337581634521
eval_mae = 0.509
eval_runtime = 17.0515
eval_samples_per_second = 293.23
