eval_accuracy = 0.5813999772071838
eval_loss = 0.9793442487716675
eval_mae = 0.4882
eval_runtime = 17.2921
eval_samples_per_second = 289.15
