eval_accuracy = 0.48100000619888306
eval_loss = 1.3922334909439087
eval_mae = 0.6738
eval_runtime = 24.2369
eval_samples_per_second = 206.297
