eval_accuracy = 0.6064000129699707
eval_loss = 0.9506788849830627
eval_mae = 0.4504
eval_runtime = 18.5832
eval_samples_per_second = 269.06
