eval_accuracy = 0.6366000175476074
eval_loss = 0.8894538879394531
eval_mae = 0.4144
eval_runtime = 21.0503
eval_samples_per_second = 237.526
