eval_accuracy = 0.5568000078201294
eval_loss = 1.081083059310913
eval_mae = 0.5644
eval_runtime = 25.827
eval_samples_per_second = 193.596
