eval_accuracy = 0.506600022315979
eval_loss = 1.2291843891143799
eval_mae = 0.6208
eval_runtime = 18.9774
eval_samples_per_second = 263.471
