eval_accuracy = 0.5609999895095825
eval_loss = 1.0454187393188477
eval_mae = 0.5086
eval_runtime = 21.1188
eval_samples_per_second = 236.756
