eval_accuracy = 0.5555999875068665
eval_loss = 1.0249052047729492
eval_mae = 0.5364
eval_runtime = 17.3087
eval_samples_per_second = 288.872
