eval_accuracy = 0.5468000173568726
eval_loss = 1.149300217628479
eval_mae = 0.5838
eval_runtime = 17.3734
eval_samples_per_second = 287.796
