eval_accuracy = 0.5618000030517578
eval_loss = 1.0454998016357422
eval_mae = 0.5078
eval_runtime = 18.5484
eval_samples_per_second = 269.566
