eval_accuracy = 0.5708000063896179
eval_loss = 1.0219494104385376
eval_mae = 0.508
eval_runtime = 16.5703
eval_samples_per_second = 301.745
