eval_accuracy = 0.46779999136924744
eval_loss = 1.340279459953308
eval_mae = 0.6888
eval_runtime = 19.8656
eval_samples_per_second = 251.691
