eval_accuracy = 0.45660001039505005
eval_loss = 1.363189458847046
eval_mae = 0.7336
eval_runtime = 16.6883
eval_samples_per_second = 299.611
