eval_accuracy = 0.44020000100135803
eval_loss = 1.442082166671753
eval_mae = 0.7282
eval_runtime = 30.3719
eval_samples_per_second = 164.626
