eval_accuracy = 0.43959999084472656
eval_loss = 1.4431463479995728
eval_mae = 0.7294
eval_runtime = 18.6291
eval_samples_per_second = 268.398
