eval_accuracy = 0.5807999968528748
eval_loss = 1.0186684131622314
eval_mae = 0.4942
eval_runtime = 18.4826
eval_samples_per_second = 270.525
