eval_accuracy = 0.5008000135421753
eval_loss = 1.177242636680603
eval_mae = 0.5934
eval_runtime = 16.6745
eval_samples_per_second = 299.858
