eval_accuracy = 0.5807999968528748
eval_loss = 1.0188363790512085
eval_mae = 0.4942
eval_runtime = 21.6935
eval_samples_per_second = 230.484
