eval_accuracy = 0.5582000017166138
eval_loss = 1.0763375759124756
eval_mae = 0.5284
eval_runtime = 18.291
eval_samples_per_second = 273.358
