eval_accuracy = 0.5428000092506409
eval_loss = 1.0300860404968262
eval_mae = 0.542
eval_runtime = 17.3804
eval_samples_per_second = 287.68
