eval_accuracy = 0.5935999751091003
eval_loss = 1.0068053007125854
eval_mae = 0.4678
eval_runtime = 17.2349
eval_samples_per_second = 290.109
