eval_accuracy = 0.621399998664856
eval_loss = 0.9509486556053162
eval_mae = 0.4278
eval_runtime = 17.5614
eval_samples_per_second = 284.715
