eval_accuracy = 0.5564000010490417
eval_loss = 1.0807551145553589
eval_mae = 0.5652
eval_runtime = 30.4277
eval_samples_per_second = 164.324
