eval_accuracy = 0.5582000017166138
eval_loss = 1.0779613256454468
eval_mae = 0.5308
eval_runtime = 29.5253
eval_samples_per_second = 169.346
