eval_accuracy = 0.48399999737739563
eval_loss = 1.3541275262832642
eval_mae = 0.6712
eval_runtime = 18.5288
eval_samples_per_second = 269.85
