eval_accuracy = 0.438400000333786
eval_loss = 1.4410659074783325
eval_mae = 0.73
eval_runtime = 18.8436
eval_samples_per_second = 265.342
