eval_accuracy = 0.557200014591217
eval_loss = 1.0814298391342163
eval_mae = 0.5322
eval_runtime = 18.0586
eval_samples_per_second = 276.876
