eval_accuracy = 0.5992000102996826
eval_loss = 0.9355883598327637
eval_mae = 0.4574
eval_runtime = 17.0443
eval_samples_per_second = 293.352
