eval_accuracy = 0.48339998722076416
eval_loss = 1.3530523777008057
eval_mae = 0.6712
eval_runtime = 18.4887
eval_samples_per_second = 270.435
