eval_accuracy = 0.5055999755859375
eval_loss = 1.2112715244293213
eval_mae = 0.6228
eval_runtime = 23.2008
eval_samples_per_second = 215.51
