eval_accuracy = 0.6363999843597412
eval_loss = 0.8900706171989441
eval_mae = 0.4146
eval_runtime = 18.7095
eval_samples_per_second = 267.244
