eval_accuracy = 0.5776000022888184
eval_loss = 1.0176230669021606
eval_mae = 0.4848
eval_runtime = 16.5797
eval_samples_per_second = 301.574
