eval_accuracy = 0.598800003528595
eval_loss = 0.9549095630645752
eval_mae = 0.4634
eval_runtime = 16.707
eval_samples_per_second = 299.276
