eval_accuracy = 0.4970000088214874
eval_loss = 1.239672064781189
eval_mae = 0.6482
eval_runtime = 18.5042
eval_samples_per_second = 270.209
