eval_accuracy = 0.5813999772071838
eval_loss = 1.018571138381958
eval_mae = 0.4936
eval_runtime = 23.2376
eval_samples_per_second = 215.169
