eval_accuracy = 0.5616000294685364
eval_loss = 1.044493317604065
eval_mae = 0.508
eval_runtime = 18.1633
eval_samples_per_second = 275.28
