eval_accuracy = 0.5740000009536743
eval_loss = 1.0842218399047852
eval_mae = 0.5124
eval_runtime = 16.0094
eval_samples_per_second = 312.317
