eval_accuracy = 0.5582000017166138
eval_loss = 1.078462839126587
eval_mae = 0.5318
eval_runtime = 19.0156
eval_samples_per_second = 262.942
