eval_accuracy = 0.5537999868392944
eval_loss = 1.0246957540512085
eval_mae = 0.5386
eval_runtime = 17.1781
eval_samples_per_second = 291.069
