eval_accuracy = 0.5806000232696533
eval_loss = 1.0113918781280518
eval_mae = 0.4816
eval_runtime = 17.4961
eval_samples_per_second = 285.779
