eval_accuracy = 0.6019999980926514
eval_loss = 0.9357827305793762
eval_mae = 0.454
eval_runtime = 17.1873
eval_samples_per_second = 290.913
