eval_accuracy = 0.5081999897956848
eval_loss = 1.219200849533081
eval_mae = 0.6192
eval_runtime = 19.1405
eval_samples_per_second = 261.226
