eval_accuracy = 0.6215999722480774
eval_loss = 0.9502618908882141
eval_mae = 0.4276
eval_runtime = 17.4543
eval_samples_per_second = 286.463
