eval_accuracy = 0.6215999722480774
eval_loss = 0.9505569338798523
eval_mae = 0.4272
eval_runtime = 17.4823
eval_samples_per_second = 286.004
