eval_accuracy = 0.4812000095844269
eval_loss = 1.391857385635376
eval_mae = 0.6734
eval_runtime = 32.9072
eval_samples_per_second = 151.942
