eval_accuracy = 0.49900001287460327
eval_loss = 1.230465292930603
eval_mae = 0.6046
eval_runtime = 18.4572
eval_samples_per_second = 270.898
