eval_accuracy = 0.5651999711990356
eval_loss = 1.0154805183410645
eval_mae = 0.5086
eval_runtime = 16.0401
eval_samples_per_second = 311.719
