eval_accuracy = 0.45840001106262207
eval_loss = 1.3632200956344604
eval_mae = 0.7284
eval_runtime = 16.2946
eval_samples_per_second = 306.849
