eval_accuracy = 0.5932000279426575
eval_loss = 1.0066702365875244
eval_mae = 0.4684
eval_runtime = 17.2798
eval_samples_per_second = 289.356
