eval_accuracy = 0.4392000138759613
eval_loss = 1.4428151845932007
eval_mae = 0.73
eval_runtime = 34.2795
eval_samples_per_second = 145.86
