eval_accuracy = 0.620199978351593
eval_loss = 0.9508132934570312
eval_mae = 0.4292
eval_runtime = 17.4789
eval_samples_per_second = 286.059
