eval_accuracy = 0.4812000095844269
eval_loss = 1.3922715187072754
eval_mae = 0.6732
eval_runtime = 19.4207
eval_samples_per_second = 257.457
