eval_accuracy = 0.46779999136924744
eval_loss = 1.2966418266296387
eval_mae = 0.6818
eval_runtime = 32.7352
eval_samples_per_second = 152.741
