eval_accuracy = 0.49720001220703125
eval_loss = 1.2384586334228516
eval_mae = 0.645
eval_runtime = 29.3251
eval_samples_per_second = 170.503
