eval_accuracy = 0.5781999826431274
eval_loss = 1.0185885429382324
eval_mae = 0.4836
eval_runtime = 17.4163
eval_samples_per_second = 287.088
