eval_accuracy = 0.592199981212616
eval_loss = 0.9474841952323914
eval_mae = 0.4694
eval_runtime = 18.5159
eval_samples_per_second = 270.039
