eval_accuracy = 0.4968000054359436
eval_loss = 1.2385425567626953
eval_mae = 0.6478
eval_runtime = 31.4771
eval_samples_per_second = 158.846
