eval_accuracy = 0.5924000144004822
eval_loss = 0.9482166171073914
eval_mae = 0.4698
eval_runtime = 30.7705
eval_samples_per_second = 162.493
