eval_accuracy = 0.5807999968528748
eval_loss = 1.0073554515838623
eval_mae = 0.4834
eval_runtime = 17.535
eval_samples_per_second = 285.143
