eval_accuracy = 0.4575999975204468
eval_loss = 1.366631269454956
eval_mae = 0.733
eval_runtime = 17.3377
eval_samples_per_second = 288.389
