eval_accuracy = 0.5745999813079834
eval_loss = 1.0060982704162598
eval_mae = 0.4972
eval_runtime = 17.1072
eval_samples_per_second = 292.274
