eval_accuracy = 0.5745999813079834
eval_loss = 1.0846678018569946
eval_mae = 0.5112
eval_runtime = 17.0664
eval_samples_per_second = 292.974
