eval_accuracy = 0.579800009727478
eval_loss = 1.0121837854385376
eval_mae = 0.482
eval_runtime = 17.5848
eval_samples_per_second = 284.336
