eval_accuracy = 0.46959999203681946
eval_loss = 1.3532230854034424
eval_mae = 0.6928
eval_runtime = 17.3204
eval_samples_per_second = 288.677
