eval_accuracy = 0.4745999872684479
eval_loss = 1.3424944877624512
eval_mae = 0.6948
eval_runtime = 16.993
eval_samples_per_second = 294.24
