eval_accuracy = 0.5738000273704529
eval_loss = 1.0844919681549072
eval_mae = 0.511
eval_runtime = 16.0624
eval_samples_per_second = 311.285
