eval_accuracy = 0.574999988079071
eval_loss = 1.0840234756469727
eval_mae = 0.5096
eval_runtime = 16.6277
eval_samples_per_second = 300.703
