eval_accuracy = 0.5564000010490417
eval_loss = 1.0802490711212158
eval_mae = 0.565
eval_runtime = 25.5497
eval_samples_per_second = 195.697
