eval_accuracy = 0.4560000002384186
eval_loss = 1.3679471015930176
eval_mae = 0.7336
eval_runtime = 17.2261
eval_samples_per_second = 290.257
