eval_accuracy = 0.5568000078201294
eval_loss = 1.0621980428695679
eval_mae = 0.5218
eval_runtime = 18.4471
eval_samples_per_second = 271.045
