eval_accuracy = 0.4997999966144562
eval_loss = 1.1797212362289429
eval_mae = 0.5944
eval_runtime = 16.8163
eval_samples_per_second = 297.33
