eval_accuracy = 0.4991999864578247
eval_loss = 1.2327854633331299
eval_mae = 0.6442
eval_runtime = 18.7693
eval_samples_per_second = 266.392
