eval_accuracy = 0.578000009059906
eval_loss = 1.0120859146118164
eval_mae = 0.4838
eval_runtime = 17.4876
eval_samples_per_second = 285.918
