eval_accuracy = 0.5645999908447266
eval_loss = 1.0163053274154663
eval_mae = 0.5086
eval_runtime = 16.3007
eval_samples_per_second = 306.735
