eval_accuracy = 0.4722000062465668
eval_loss = 1.3488354682922363
eval_mae = 0.6896
eval_runtime = 16.7563
eval_samples_per_second = 298.395
