eval_accuracy = 0.6366000175476074
eval_loss = 0.8895597457885742
eval_mae = 0.4144
eval_runtime = 21.7763
eval_samples_per_second = 229.607
