eval_accuracy = 0.5450000166893005
eval_loss = 1.030403733253479
eval_mae = 0.5398
eval_runtime = 17.3868
eval_samples_per_second = 287.574
