eval_accuracy = 0.4674000144004822
eval_loss = 1.339587688446045
eval_mae = 0.6894
eval_runtime = 35.6984
eval_samples_per_second = 140.062
