eval_accuracy = 0.5472000241279602
eval_loss = 1.0862070322036743
eval_mae = 0.5412
eval_runtime = 17.9293
eval_samples_per_second = 278.873
