eval_accuracy = 0.5564000010490417
eval_loss = 1.0802901983261108
eval_mae = 0.5652
eval_runtime = 20.8204
eval_samples_per_second = 240.15
