eval_accuracy = 0.6086000204086304
eval_loss = 0.9488843679428101
eval_mae = 0.448
eval_runtime = 20.6813
eval_samples_per_second = 241.765
