eval_accuracy = 0.5979999899864197
eval_loss = 0.9529787302017212
eval_mae = 0.4622
eval_runtime = 17.2602
eval_samples_per_second = 289.684
