eval_accuracy = 0.598800003528595
eval_loss = 0.9556092023849487
eval_mae = 0.4658
eval_runtime = 17.3179
eval_samples_per_second = 288.718
