eval_accuracy = 0.4970000088214874
eval_loss = 1.2395976781845093
eval_mae = 0.6472
eval_runtime = 22.2199
eval_samples_per_second = 225.023
