eval_accuracy = 0.5591999888420105
eval_loss = 1.0596470832824707
eval_mae = 0.5196
eval_runtime = 18.311
eval_samples_per_second = 273.06
