eval_accuracy = 0.5490000247955322
eval_loss = 1.14716637134552
eval_mae = 0.5812
eval_runtime = 17.4838
eval_samples_per_second = 285.978
