eval_accuracy = 0.46799999475479126
eval_loss = 1.3392935991287231
eval_mae = 0.6886
eval_runtime = 27.7082
eval_samples_per_second = 180.452
