eval_accuracy = 0.4997999966144562
eval_loss = 1.2419486045837402
eval_mae = 0.5958
eval_runtime = 20.2962
eval_samples_per_second = 246.351
