eval_accuracy = 0.6366000175476074
eval_loss = 0.8895127177238464
eval_mae = 0.4144
eval_runtime = 19.2535
eval_samples_per_second = 259.694
