eval_accuracy = 0.5613999962806702
eval_loss = 1.0455795526504517
eval_mae = 0.5076
eval_runtime = 18.8351
eval_samples_per_second = 265.462
