eval_accuracy = 0.45739999413490295
eval_loss = 1.367551326751709
eval_mae = 0.7326
eval_runtime = 17.2786
eval_samples_per_second = 289.376
