eval_accuracy = 0.6015999913215637
eval_loss = 0.9353111386299133
eval_mae = 0.455
eval_runtime = 16.3516
eval_samples_per_second = 305.78
