eval_accuracy = 0.5576000213623047
eval_loss = 1.0247501134872437
eval_mae = 0.5342
eval_runtime = 17.2362
eval_samples_per_second = 290.087
