eval_accuracy = 0.5604000091552734
eval_loss = 1.0452030897140503
eval_mae = 0.51
eval_runtime = 18.6257
eval_samples_per_second = 268.446
