eval_accuracy = 0.503000020980835
eval_loss = 1.238569736480713
eval_mae = 0.5924
eval_runtime = 29.34
eval_samples_per_second = 170.416
