eval_accuracy = 0.5609999895095825
eval_loss = 1.0466333627700806
eval_mae = 0.5096
eval_runtime = 20.6226
eval_samples_per_second = 242.452
