eval_accuracy = 0.579200029373169
eval_loss = 1.0161545276641846
eval_mae = 0.483
eval_runtime = 17.4771
eval_samples_per_second = 286.089
