eval_accuracy = 0.45820000767707825
eval_loss = 1.3658963441848755
eval_mae = 0.7304
eval_runtime = 16.7307
eval_samples_per_second = 298.852
