eval_accuracy = 0.5989999771118164
eval_loss = 0.9558320045471191
eval_mae = 0.4638
eval_runtime = 17.4567
eval_samples_per_second = 286.423
