eval_accuracy = 0.5812000036239624
eval_loss = 0.9788809418678284
eval_mae = 0.489
eval_runtime = 17.2404
eval_samples_per_second = 290.017
