eval_accuracy = 0.5712000131607056
eval_loss = 1.017674207687378
eval_mae = 0.507
eval_runtime = 17.3087
eval_samples_per_second = 288.872
