eval_accuracy = 0.5601999759674072
eval_loss = 1.0457653999328613
eval_mae = 0.5092
eval_runtime = 21.813
eval_samples_per_second = 229.221
