eval_accuracy = 0.47440001368522644
eval_loss = 1.34395170211792
eval_mae = 0.6956
eval_runtime = 16.943
eval_samples_per_second = 295.107
