eval_accuracy = 0.5774000287055969
eval_loss = 1.019216775894165
eval_mae = 0.4838
eval_runtime = 17.4681
eval_samples_per_second = 286.236
