eval_accuracy = 0.5758000016212463
eval_loss = 1.0056184530258179
eval_mae = 0.496
eval_runtime = 17.1548
eval_samples_per_second = 291.464
