eval_accuracy = 0.48399999737739563
eval_loss = 1.3521519899368286
eval_mae = 0.6702
eval_runtime = 17.7898
eval_samples_per_second = 281.06
