eval_accuracy = 0.5591999888420105
eval_loss = 1.0806281566619873
eval_mae = 0.5326
eval_runtime = 18.2901
eval_samples_per_second = 273.372
