eval_accuracy = 0.5723999738693237
eval_loss = 0.9916077852249146
eval_mae = 0.5056
eval_runtime = 16.1333
eval_samples_per_second = 309.919
