eval_accuracy = 0.49880000948905945
eval_loss = 1.1563161611557007
eval_mae = 0.5916
eval_runtime = 16.928
eval_samples_per_second = 295.368
