eval_accuracy = 0.47859999537467957
eval_loss = 1.3380475044250488
eval_mae = 0.6896
eval_runtime = 16.0098
eval_samples_per_second = 312.309
