eval_accuracy = 0.49900001287460327
eval_loss = 1.1551456451416016
eval_mae = 0.5912
eval_runtime = 17.3033
eval_samples_per_second = 288.963
