eval_accuracy = 0.48159998655319214
eval_loss = 1.3568459749221802
eval_mae = 0.6732
eval_runtime = 18.1205
eval_samples_per_second = 275.93
