eval_accuracy = 0.5703999996185303
eval_loss = 0.9907722473144531
eval_mae = 0.5074
eval_runtime = 16.9374
eval_samples_per_second = 295.205
