eval_accuracy = 0.5698000192642212
eval_loss = 1.021355152130127
eval_mae = 0.508
eval_runtime = 16.5333
eval_samples_per_second = 302.421
