eval_accuracy = 0.4697999954223633
eval_loss = 1.3506540060043335
eval_mae = 0.6924
eval_runtime = 17.2309
eval_samples_per_second = 290.176
