eval_accuracy = 0.5726000070571899
eval_loss = 1.0858564376831055
eval_mae = 0.5114
eval_runtime = 17.0458
eval_samples_per_second = 293.327
