eval_accuracy = 0.5929999947547913
eval_loss = 0.960991382598877
eval_mae = 0.4828
eval_runtime = 17.4244
eval_samples_per_second = 286.953
