eval_accuracy = 0.4397999942302704
eval_loss = 1.4425958395004272
eval_mae = 0.7292
eval_runtime = 20.2704
eval_samples_per_second = 246.665
