eval_accuracy = 0.5582000017166138
eval_loss = 1.0786490440368652
eval_mae = 0.5316
eval_runtime = 22.8835
eval_samples_per_second = 218.498
