eval_accuracy = 0.6227999925613403
eval_loss = 0.9505408406257629
eval_mae = 0.4272
eval_runtime = 17.4326
eval_samples_per_second = 286.819
