eval_accuracy = 0.5583999752998352
eval_loss = 1.045893907546997
eval_mae = 0.5112
eval_runtime = 20.675
eval_samples_per_second = 241.838
