eval_accuracy = 0.5784000158309937
eval_loss = 1.0176904201507568
eval_mae = 0.484
eval_runtime = 17.5871
eval_samples_per_second = 284.299
