eval_accuracy = 0.5929999947547913
eval_loss = 0.9609459042549133
eval_mae = 0.4832
eval_runtime = 17.3941
eval_samples_per_second = 287.454
