eval_accuracy = 0.605400025844574
eval_loss = 0.9459384083747864
eval_mae = 0.457
eval_runtime = 17.4198
eval_samples_per_second = 287.031
