eval_accuracy = 0.5027999877929688
eval_loss = 1.174304485321045
eval_mae = 0.593
eval_runtime = 17.438
eval_samples_per_second = 286.731
