eval_accuracy = 0.503600001335144
eval_loss = 1.2363475561141968
eval_mae = 0.595
eval_runtime = 18.3012
eval_samples_per_second = 273.206
