eval_accuracy = 0.5799999833106995
eval_loss = 1.0173578262329102
eval_mae = 0.4822
eval_runtime = 17.421
eval_samples_per_second = 287.01
