eval_accuracy = 0.5314000248908997
eval_loss = 1.051957607269287
eval_mae = 0.5662
eval_runtime = 16.2532
eval_samples_per_second = 307.632
