eval_accuracy = 0.4726000130176544
eval_loss = 1.3486554622650146
eval_mae = 0.689
eval_runtime = 17.318
eval_samples_per_second = 288.718
