eval_accuracy = 0.5709999799728394
eval_loss = 1.020077109336853
eval_mae = 0.507
eval_runtime = 16.0372
eval_samples_per_second = 311.776
