eval_accuracy = 0.4742000102996826
eval_loss = 1.2559458017349243
eval_mae = 0.6648
eval_runtime = 20.8939
eval_samples_per_second = 239.304
