eval_accuracy = 0.6051999926567078
eval_loss = 0.9461917877197266
eval_mae = 0.4566
eval_runtime = 16.454
eval_samples_per_second = 303.877
