eval_accuracy = 0.5547999739646912
eval_loss = 1.0249195098876953
eval_mae = 0.5364
eval_runtime = 17.5301
eval_samples_per_second = 285.223
