eval_accuracy = 0.620199978351593
eval_loss = 0.9496341943740845
eval_mae = 0.4288
eval_runtime = 17.5124
eval_samples_per_second = 285.512
