eval_accuracy = 0.5559999942779541
eval_loss = 1.0631599426269531
eval_mae = 0.523
eval_runtime = 18.3172
eval_samples_per_second = 272.968
