eval_accuracy = 0.5544000267982483
eval_loss = 1.0244759321212769
eval_mae = 0.5352
eval_runtime = 17.286
eval_samples_per_second = 289.251
