eval_accuracy = 0.5511999726295471
eval_loss = 1.0261074304580688
eval_mae = 0.5398
eval_runtime = 16.6256
eval_samples_per_second = 300.742
