eval_accuracy = 0.4973999857902527
eval_loss = 1.2374093532562256
eval_mae = 0.6456
eval_runtime = 19.1039
eval_samples_per_second = 261.727
