eval_accuracy = 0.553600013256073
eval_loss = 1.0254409313201904
eval_mae = 0.5378
eval_runtime = 17.3197
eval_samples_per_second = 288.688
