eval_accuracy = 0.4699999988079071
eval_loss = 1.29399573802948
eval_mae = 0.679
eval_runtime = 27.5811
eval_samples_per_second = 181.283
