eval_accuracy = 0.503600001335144
eval_loss = 1.1756113767623901
eval_mae = 0.5918
eval_runtime = 17.4131
eval_samples_per_second = 287.141
