eval_accuracy = 0.4674000144004822
eval_loss = 1.3390294313430786
eval_mae = 0.6892
eval_runtime = 23.0731
eval_samples_per_second = 216.702
