eval_accuracy = 0.5099999904632568
eval_loss = 1.227127194404602
eval_mae = 0.6158
eval_runtime = 26.9599
eval_samples_per_second = 185.461
