eval_accuracy = 0.5709999799728394
eval_loss = 1.022199273109436
eval_mae = 0.507
eval_runtime = 17.2477
eval_samples_per_second = 289.893
