eval_accuracy = 0.6064000129699707
eval_loss = 0.9500126838684082
eval_mae = 0.45
eval_runtime = 21.0144
eval_samples_per_second = 237.932
