eval_accuracy = 0.5464000105857849
eval_loss = 1.1455482244491577
eval_mae = 0.5846
eval_runtime = 17.647
eval_samples_per_second = 283.334
