eval_accuracy = 0.49939998984336853
eval_loss = 1.1547502279281616
eval_mae = 0.5914
eval_runtime = 17.2532
eval_samples_per_second = 289.802
