eval_accuracy = 0.5580000281333923
eval_loss = 1.0629760026931763
eval_mae = 0.5216
eval_runtime = 18.3182
eval_samples_per_second = 272.952
