eval_accuracy = 0.4681999981403351
eval_loss = 1.3390721082687378
eval_mae = 0.6882
eval_runtime = 19.4533
eval_samples_per_second = 257.025
