eval_accuracy = 0.44020000100135803
eval_loss = 1.4427605867385864
eval_mae = 0.7288
eval_runtime = 24.7137
eval_samples_per_second = 202.317
