eval_accuracy = 0.5583999752998352
eval_loss = 1.0766026973724365
eval_mae = 0.5304
eval_runtime = 24.3662
eval_samples_per_second = 205.202
