eval_accuracy = 0.5564000010490417
eval_loss = 1.080216646194458
eval_mae = 0.565
eval_runtime = 24.4692
eval_samples_per_second = 204.339
