eval_accuracy = 0.5616000294685364
eval_loss = 1.045944094657898
eval_mae = 0.5078
eval_runtime = 18.1084
eval_samples_per_second = 276.115
