eval_accuracy = 0.6197999715805054
eval_loss = 0.9507409930229187
eval_mae = 0.43
eval_runtime = 17.486
eval_samples_per_second = 285.943
