eval_accuracy = 0.46779999136924744
eval_loss = 1.2955560684204102
eval_mae = 0.6818
eval_runtime = 33.5123
eval_samples_per_second = 149.199
