eval_accuracy = 0.5601999759674072
eval_loss = 1.0764557123184204
eval_mae = 0.5296
eval_runtime = 19.3086
eval_samples_per_second = 258.952
