eval_accuracy = 0.5026000142097473
eval_loss = 1.1777082681655884
eval_mae = 0.5916
eval_runtime = 17.556
eval_samples_per_second = 284.803
