eval_accuracy = 0.5473999977111816
eval_loss = 1.0858805179595947
eval_mae = 0.5414
eval_runtime = 20.9038
eval_samples_per_second = 239.191
