eval_accuracy = 0.5541999936103821
eval_loss = 1.023988127708435
eval_mae = 0.5368
eval_runtime = 17.4517
eval_samples_per_second = 286.505
