eval_accuracy = 0.5789999961853027
eval_loss = 1.0119152069091797
eval_mae = 0.4828
eval_runtime = 16.7265
eval_samples_per_second = 298.928
