eval_accuracy = 0.5929999947547913
eval_loss = 0.9615839123725891
eval_mae = 0.4832
eval_runtime = 17.4399
eval_samples_per_second = 286.699
