eval_accuracy = 0.5275999903678894
eval_loss = 1.053993582725525
eval_mae = 0.569
eval_runtime = 16.985
eval_samples_per_second = 294.378
