eval_accuracy = 0.5568000078201294
eval_loss = 1.062898874282837
eval_mae = 0.523
eval_runtime = 18.2908
eval_samples_per_second = 273.361
