eval_accuracy = 0.5608000159263611
eval_loss = 1.0474140644073486
eval_mae = 0.5086
eval_runtime = 18.2665
eval_samples_per_second = 273.725
