eval_accuracy = 0.5055999755859375
eval_loss = 1.235471487045288
eval_mae = 0.6244
eval_runtime = 18.6506
eval_samples_per_second = 268.088
