eval_accuracy = 0.45579999685287476
eval_loss = 1.3667782545089722
eval_mae = 0.7332
eval_runtime = 17.2792
eval_samples_per_second = 289.366
