eval_accuracy = 0.5483999848365784
eval_loss = 1.0861968994140625
eval_mae = 0.5394
eval_runtime = 23.9642
eval_samples_per_second = 208.645
