eval_accuracy = 0.5565999746322632
eval_loss = 1.063399076461792
eval_mae = 0.5226
eval_runtime = 18.4035
eval_samples_per_second = 271.688
