eval_accuracy = 0.5622000098228455
eval_loss = 1.0453002452850342
eval_mae = 0.507
eval_runtime = 18.6395
eval_samples_per_second = 268.247
