eval_accuracy = 0.5482000112533569
eval_loss = 1.0855380296707153
eval_mae = 0.5406
eval_runtime = 21.1907
eval_samples_per_second = 235.953
