eval_accuracy = 0.5070000290870667
eval_loss = 1.2282990217208862
eval_mae = 0.6202
eval_runtime = 18.9427
eval_samples_per_second = 263.954
