eval_accuracy = 0.5555999875068665
eval_loss = 1.063018798828125
eval_mae = 0.5242
eval_runtime = 18.3166
eval_samples_per_second = 272.977
