eval_accuracy = 0.5271999835968018
eval_loss = 1.0537991523742676
eval_mae = 0.5698
eval_runtime = 16.2486
eval_samples_per_second = 307.719
