eval_accuracy = 0.5964000225067139
eval_loss = 0.947562038898468
eval_mae = 0.4668
eval_runtime = 18.0263
eval_samples_per_second = 277.372
