eval_accuracy = 0.5920000076293945
eval_loss = 0.9478623270988464
eval_mae = 0.4708
eval_runtime = 21.3204
eval_samples_per_second = 234.518
