eval_accuracy = 0.4674000144004822
eval_loss = 1.2980495691299438
eval_mae = 0.6828
eval_runtime = 22.6281
eval_samples_per_second = 220.965
