eval_accuracy = 0.5005999803543091
eval_loss = 1.2287983894348145
eval_mae = 0.603
eval_runtime = 18.4873
eval_samples_per_second = 270.456
