eval_accuracy = 0.6370000243186951
eval_loss = 0.889582633972168
eval_mae = 0.414
eval_runtime = 20.8367
eval_samples_per_second = 239.961
