eval_accuracy = 0.46779999136924744
eval_loss = 1.2966053485870361
eval_mae = 0.6818
eval_runtime = 23.6171
eval_samples_per_second = 211.711
