eval_accuracy = 0.548799991607666
eval_loss = 1.147519826889038
eval_mae = 0.5824
eval_runtime = 17.4288
eval_samples_per_second = 286.882
