eval_accuracy = 0.49959999322891235
eval_loss = 1.2281439304351807
eval_mae = 0.603
eval_runtime = 18.3969
eval_samples_per_second = 271.785
