eval_accuracy = 0.4729999899864197
eval_loss = 1.3478299379348755
eval_mae = 0.6886
eval_runtime = 17.432
eval_samples_per_second = 286.829
