eval_accuracy = 0.47620001435279846
eval_loss = 1.3425190448760986
eval_mae = 0.6942
eval_runtime = 16.981
eval_samples_per_second = 294.447
