eval_accuracy = 0.592199981212616
eval_loss = 0.9589951038360596
eval_mae = 0.484
eval_runtime = 17.2738
eval_samples_per_second = 289.456
