eval_accuracy = 0.4726000130176544
eval_loss = 1.3550394773483276
eval_mae = 0.6892
eval_runtime = 16.6221
eval_samples_per_second = 300.805
