eval_accuracy = 0.5703999996185303
eval_loss = 1.0209898948669434
eval_mae = 0.5076
eval_runtime = 17.3695
eval_samples_per_second = 287.861
