eval_accuracy = 0.6366000175476074
eval_loss = 0.8886922001838684
eval_mae = 0.4144
eval_runtime = 20.0321
eval_samples_per_second = 249.6
