eval_accuracy = 0.5260000228881836
eval_loss = 1.0545328855514526
eval_mae = 0.5716
eval_runtime = 16.287
eval_samples_per_second = 306.994
