eval_accuracy = 0.6000000238418579
eval_loss = 0.9545338153839111
eval_mae = 0.4614
eval_runtime = 17.2507
eval_samples_per_second = 289.843
