eval_accuracy = 0.48339998722076416
eval_loss = 1.3535914421081543
eval_mae = 0.6692
eval_runtime = 18.0084
eval_samples_per_second = 277.649
