eval_accuracy = 0.5795999765396118
eval_loss = 1.0111277103424072
eval_mae = 0.4826
eval_runtime = 17.4814
eval_samples_per_second = 286.018
