eval_accuracy = 0.5863999724388123
eval_loss = 1.0109367370605469
eval_mae = 0.4756
eval_runtime = 17.4418
eval_samples_per_second = 286.667
