eval_accuracy = 0.592199981212616
eval_loss = 0.9475957751274109
eval_mae = 0.47
eval_runtime = 18.7109
eval_samples_per_second = 267.224
