eval_accuracy = 0.4586000144481659
eval_loss = 1.3678721189498901
eval_mae = 0.7312
eval_runtime = 17.294
eval_samples_per_second = 289.118
