eval_accuracy = 0.5009999871253967
eval_loss = 1.2289119958877563
eval_mae = 0.6012
eval_runtime = 18.3779
eval_samples_per_second = 272.066
