eval_accuracy = 0.49939998984336853
eval_loss = 1.155976414680481
eval_mae = 0.5914
eval_runtime = 17.3616
eval_samples_per_second = 287.991
