eval_accuracy = 0.5595999956130981
eval_loss = 1.046616554260254
eval_mae = 0.511
eval_runtime = 18.0448
eval_samples_per_second = 277.089
