eval_accuracy = 0.569599986076355
eval_loss = 0.9920048713684082
eval_mae = 0.5088
eval_runtime = 16.45
eval_samples_per_second = 303.951
