eval_accuracy = 0.5565999746322632
eval_loss = 1.0801912546157837
eval_mae = 0.5652
eval_runtime = 18.3903
eval_samples_per_second = 271.883
