eval_accuracy = 0.45899999141693115
eval_loss = 1.365234136581421
eval_mae = 0.7294
eval_runtime = 17.4675
eval_samples_per_second = 286.245
