eval_accuracy = 0.526199996471405
eval_loss = 1.0541789531707764
eval_mae = 0.5696
eval_runtime = 17.5734
eval_samples_per_second = 284.52
