eval_accuracy = 0.4675999879837036
eval_loss = 1.3401591777801514
eval_mae = 0.6898
eval_runtime = 29.2468
eval_samples_per_second = 170.959
