eval_accuracy = 0.607200026512146
eval_loss = 0.9516305923461914
eval_mae = 0.4506
eval_runtime = 26.2179
eval_samples_per_second = 190.71
