eval_accuracy = 0.5899999737739563
eval_loss = 0.9499861598014832
eval_mae = 0.4648
eval_runtime = 16.6809
eval_samples_per_second = 299.743
