eval_accuracy = 0.621399998664856
eval_loss = 0.9504241347312927
eval_mae = 0.4274
eval_runtime = 17.4571
eval_samples_per_second = 286.416
