eval_accuracy = 0.5577999949455261
eval_loss = 1.0619276762008667
eval_mae = 0.5212
eval_runtime = 18.3102
eval_samples_per_second = 273.073
