eval_accuracy = 0.54339998960495
eval_loss = 1.0308078527450562
eval_mae = 0.541
eval_runtime = 16.4836
eval_samples_per_second = 303.332
