eval_accuracy = 0.5703999996185303
eval_loss = 1.0218650102615356
eval_mae = 0.508
eval_runtime = 17.3371
eval_samples_per_second = 288.399
