eval_accuracy = 0.43959999084472656
eval_loss = 1.4431812763214111
eval_mae = 0.7292
eval_runtime = 30.8232
eval_samples_per_second = 162.215
