eval_accuracy = 0.4731999933719635
eval_loss = 1.3486891984939575
eval_mae = 0.6886
eval_runtime = 16.9734
eval_samples_per_second = 294.578
