eval_accuracy = 0.574400007724762
eval_loss = 1.0852982997894287
eval_mae = 0.51
eval_runtime = 17.1453
eval_samples_per_second = 291.625
