eval_accuracy = 0.5641999840736389
eval_loss = 1.0135935544967651
eval_mae = 0.5068
eval_runtime = 17.0655
eval_samples_per_second = 292.988
