eval_accuracy = 0.5703999996185303
eval_loss = 1.022557020187378
eval_mae = 0.508
eval_runtime = 17.3168
eval_samples_per_second = 288.737
