eval_accuracy = 0.5559999942779541
eval_loss = 1.0802021026611328
eval_mae = 0.5652
eval_runtime = 24.5456
eval_samples_per_second = 203.703
