eval_accuracy = 0.46799999475479126
eval_loss = 1.2965167760849
eval_mae = 0.6816
eval_runtime = 28.8491
eval_samples_per_second = 173.316
