eval_accuracy = 0.5001999735832214
eval_loss = 1.2314445972442627
eval_mae = 0.6034
eval_runtime = 18.4012
eval_samples_per_second = 271.721
