eval_accuracy = 0.5271999835968018
eval_loss = 1.053697109222412
eval_mae = 0.5696
eval_runtime = 16.2555
eval_samples_per_second = 307.588
