eval_accuracy = 0.5559999942779541
eval_loss = 1.0804027318954468
eval_mae = 0.5654
eval_runtime = 19.1599
eval_samples_per_second = 260.962
