eval_accuracy = 0.5803999900817871
eval_loss = 1.0124294757843018
eval_mae = 0.4816
eval_runtime = 17.8624
eval_samples_per_second = 279.918
