eval_accuracy = 0.49880000948905945
eval_loss = 1.2286136150360107
eval_mae = 0.6042
eval_runtime = 18.4015
eval_samples_per_second = 271.717
