eval_accuracy = 0.5059999823570251
eval_loss = 1.2299628257751465
eval_mae = 0.6216
eval_runtime = 20.2953
eval_samples_per_second = 246.362
