eval_accuracy = 0.5001999735832214
eval_loss = 1.1560865640640259
eval_mae = 0.5912
eval_runtime = 16.4552
eval_samples_per_second = 303.855
