eval_accuracy = 0.574999988079071
eval_loss = 1.0844993591308594
eval_mae = 0.5112
eval_runtime = 16.4457
eval_samples_per_second = 304.031
