eval_accuracy = 0.5655999779701233
eval_loss = 1.0148645639419556
eval_mae = 0.5068
eval_runtime = 16.9611
eval_samples_per_second = 294.792
