eval_accuracy = 0.5479999780654907
eval_loss = 1.148059368133545
eval_mae = 0.5824
eval_runtime = 17.427
eval_samples_per_second = 286.911
