eval_accuracy = 0.5569999814033508
eval_loss = 1.062875747680664
eval_mae = 0.5214
eval_runtime = 18.3698
eval_samples_per_second = 272.186
