eval_accuracy = 0.6362000107765198
eval_loss = 0.8909333944320679
eval_mae = 0.4154
eval_runtime = 19.4244
eval_samples_per_second = 257.409
