eval_accuracy = 0.5627999901771545
eval_loss = 1.015758991241455
eval_mae = 0.509
eval_runtime = 16.4773
eval_samples_per_second = 303.448
