eval_accuracy = 0.574400007724762
eval_loss = 1.085943579673767
eval_mae = 0.5114
eval_runtime = 17.0023
eval_samples_per_second = 294.078
