eval_accuracy = 0.5648000240325928
eval_loss = 1.0102514028549194
eval_mae = 0.5068
eval_runtime = 16.3462
eval_samples_per_second = 305.882
