eval_accuracy = 0.621999979019165
eval_loss = 0.9508838653564453
eval_mae = 0.4274
eval_runtime = 17.4704
eval_samples_per_second = 286.198
