eval_accuracy = 0.5806000232696533
eval_loss = 1.0187337398529053
eval_mae = 0.4942
eval_runtime = 29.0159
eval_samples_per_second = 172.319
