eval_accuracy = 0.5928000211715698
eval_loss = 1.0066486597061157
eval_mae = 0.4686
eval_runtime = 17.3288
eval_samples_per_second = 288.537
