eval_accuracy = 0.6064000129699707
eval_loss = 0.9501339793205261
eval_mae = 0.4496
eval_runtime = 30.0891
eval_samples_per_second = 166.173
