eval_accuracy = 0.4684000015258789
eval_loss = 1.3381271362304688
eval_mae = 0.689
eval_runtime = 21.2699
eval_samples_per_second = 235.074
