eval_accuracy = 0.459199994802475
eval_loss = 1.3639119863510132
eval_mae = 0.7288
eval_runtime = 17.3537
eval_samples_per_second = 288.123
