eval_accuracy = 0.6018000245094299
eval_loss = 0.9352747797966003
eval_mae = 0.4542
eval_runtime = 17.0254
eval_samples_per_second = 293.678
