eval_accuracy = 0.5938000082969666
eval_loss = 0.9472699165344238
eval_mae = 0.4688
eval_runtime = 19.058
eval_samples_per_second = 262.358
