eval_accuracy = 0.592199981212616
eval_loss = 0.960594892501831
eval_mae = 0.4826
eval_runtime = 17.2923
eval_samples_per_second = 289.146
