eval_accuracy = 0.4997999966144562
eval_loss = 1.2419705390930176
eval_mae = 0.5958
eval_runtime = 19.9843
eval_samples_per_second = 250.197
