eval_accuracy = 0.5752000212669373
eval_loss = 1.0055298805236816
eval_mae = 0.496
eval_runtime = 16.3894
eval_samples_per_second = 305.075
