eval_accuracy = 0.605400025844574
eval_loss = 0.9495975375175476
eval_mae = 0.4502
eval_runtime = 20.2369
eval_samples_per_second = 247.074
