eval_accuracy = 0.5821999907493591
eval_loss = 0.9785522222518921
eval_mae = 0.488
eval_runtime = 17.334
eval_samples_per_second = 288.45
