eval_accuracy = 0.5582000017166138
eval_loss = 1.0786302089691162
eval_mae = 0.531
eval_runtime = 18.6701
eval_samples_per_second = 267.807
