eval_accuracy = 0.5802000164985657
eval_loss = 1.0120506286621094
eval_mae = 0.4814
eval_runtime = 17.63
eval_samples_per_second = 283.608
