eval_accuracy = 0.4724000096321106
eval_loss = 1.347450613975525
eval_mae = 0.6902
eval_runtime = 17.3138
eval_samples_per_second = 288.788
