eval_accuracy = 0.6068000197410583
eval_loss = 0.944212019443512
eval_mae = 0.449
eval_runtime = 20.0903
eval_samples_per_second = 248.877
