eval_accuracy = 0.6057999730110168
eval_loss = 0.9474322199821472
eval_mae = 0.454
eval_runtime = 16.5941
eval_samples_per_second = 301.311
