eval_accuracy = 0.4970000088214874
eval_loss = 1.2390906810760498
eval_mae = 0.648
eval_runtime = 17.7363
eval_samples_per_second = 281.908
