eval_accuracy = 0.5618000030517578
eval_loss = 1.0459758043289185
eval_mae = 0.5092
eval_runtime = 21.2635
eval_samples_per_second = 235.145
