eval_accuracy = 0.5708000063896179
eval_loss = 0.9907922744750977
eval_mae = 0.5078
eval_runtime = 16.8897
eval_samples_per_second = 296.039
