eval_accuracy = 0.47279998660087585
eval_loss = 1.34450101852417
eval_mae = 0.6884
eval_runtime = 16.5215
eval_samples_per_second = 302.636
