eval_accuracy = 0.6068000197410583
eval_loss = 0.9499096870422363
eval_mae = 0.4498
eval_runtime = 19.1262
eval_samples_per_second = 261.421
