eval_accuracy = 0.503000020980835
eval_loss = 1.2257109880447388
eval_mae = 0.5892
eval_runtime = 26.7884
eval_samples_per_second = 186.648
