eval_accuracy = 0.5659999847412109
eval_loss = 1.0144689083099365
eval_mae = 0.5052
eval_runtime = 16.9782
eval_samples_per_second = 294.495
