eval_accuracy = 0.5005999803543091
eval_loss = 1.242035984992981
eval_mae = 0.5952
eval_runtime = 18.2594
eval_samples_per_second = 273.831
