eval_accuracy = 0.5817999839782715
eval_loss = 0.9791056513786316
eval_mae = 0.4882
eval_runtime = 17.3635
eval_samples_per_second = 287.96
