eval_accuracy = 0.4968000054359436
eval_loss = 1.2389439344406128
eval_mae = 0.6472
eval_runtime = 24.1115
eval_samples_per_second = 207.37
