eval_accuracy = 0.5925999879837036
eval_loss = 0.9475942254066467
eval_mae = 0.4614
eval_runtime = 17.4881
eval_samples_per_second = 285.908
