eval_accuracy = 0.5429999828338623
eval_loss = 1.0316591262817383
eval_mae = 0.544
eval_runtime = 16.7306
eval_samples_per_second = 298.854
