eval_accuracy = 0.4970000088214874
eval_loss = 1.239393711090088
eval_mae = 0.647
eval_runtime = 19.4883
eval_samples_per_second = 256.564
