eval_accuracy = 0.5491999983787537
eval_loss = 1.1443904638290405
eval_mae = 0.5808
eval_runtime = 16.8136
eval_samples_per_second = 297.379
