eval_accuracy = 0.5817999839782715
eval_loss = 0.9788624048233032
eval_mae = 0.4884
eval_runtime = 17.6405
eval_samples_per_second = 283.438
