eval_accuracy = 0.5794000029563904
eval_loss = 1.0177793502807617
eval_mae = 0.483
eval_runtime = 16.8278
eval_samples_per_second = 297.127
