eval_accuracy = 0.487199991941452
eval_loss = 1.3485209941864014
eval_mae = 0.6706
eval_runtime = 17.7861
eval_samples_per_second = 281.119
