eval_accuracy = 0.525600016117096
eval_loss = 1.0541335344314575
eval_mae = 0.5726
eval_runtime = 16.9418
eval_samples_per_second = 295.128
