eval_accuracy = 0.4713999927043915
eval_loss = 1.3492881059646606
eval_mae = 0.6898
eval_runtime = 17.3551
eval_samples_per_second = 288.101
