eval_accuracy = 0.5830000042915344
eval_loss = 0.9793956875801086
eval_mae = 0.4866
eval_runtime = 17.3055
eval_samples_per_second = 288.925
