eval_accuracy = 0.5745999813079834
eval_loss = 1.084092140197754
eval_mae = 0.5112
eval_runtime = 16.3854
eval_samples_per_second = 305.149
