eval_accuracy = 0.5952000021934509
eval_loss = 0.9461404085159302
eval_mae = 0.4678
eval_runtime = 19.2341
eval_samples_per_second = 259.954
