eval_accuracy = 0.5586000084877014
eval_loss = 1.0771255493164062
eval_mae = 0.5308
eval_runtime = 19.9788
eval_samples_per_second = 250.266
