eval_accuracy = 0.4973999857902527
eval_loss = 1.2386990785598755
eval_mae = 0.647
eval_runtime = 27.7243
eval_samples_per_second = 180.347
