eval_accuracy = 0.4970000088214874
eval_loss = 1.2386394739151
eval_mae = 0.6476
eval_runtime = 18.4631
eval_samples_per_second = 270.811
