eval_accuracy = 0.5753999948501587
eval_loss = 1.005409598350525
eval_mae = 0.4964
eval_runtime = 17.2576
eval_samples_per_second = 289.728
