eval_accuracy = 0.5803999900817871
eval_loss = 1.018030047416687
eval_mae = 0.495
eval_runtime = 24.1758
eval_samples_per_second = 206.819
