eval_accuracy = 0.43939998745918274
eval_loss = 1.443100929260254
eval_mae = 0.7298
eval_runtime = 28.0973
eval_samples_per_second = 177.953
