eval_accuracy = 0.571399986743927
eval_loss = 0.9905335903167725
eval_mae = 0.506
eval_runtime = 16.9311
eval_samples_per_second = 295.314
