eval_accuracy = 0.5005999803543091
eval_loss = 1.1543487310409546
eval_mae = 0.5896
eval_runtime = 17.2903
eval_samples_per_second = 289.18
