eval_accuracy = 0.6000000238418579
eval_loss = 0.9554533362388611
eval_mae = 0.464
eval_runtime = 17.3564
eval_samples_per_second = 288.079
