eval_accuracy = 0.4715999960899353
eval_loss = 1.3485957384109497
eval_mae = 0.6906
eval_runtime = 17.2551
eval_samples_per_second = 289.769
