eval_accuracy = 0.4975999891757965
eval_loss = 1.1540555953979492
eval_mae = 0.593
eval_runtime = 17.2944
eval_samples_per_second = 289.111
