eval_accuracy = 0.5022000074386597
eval_loss = 1.177673101425171
eval_mae = 0.592
eval_runtime = 17.3343
eval_samples_per_second = 288.446
