eval_accuracy = 0.5475999712944031
eval_loss = 1.0860519409179688
eval_mae = 0.5412
eval_runtime = 28.5663
eval_samples_per_second = 175.031
