eval_accuracy = 0.5979999899864197
eval_loss = 0.95530104637146
eval_mae = 0.4648
eval_runtime = 17.2809
eval_samples_per_second = 289.336
