eval_accuracy = 0.5591999888420105
eval_loss = 1.0786632299423218
eval_mae = 0.5302
eval_runtime = 20.1351
eval_samples_per_second = 248.323
