eval_accuracy = 0.5929999947547913
eval_loss = 0.9605050683021545
eval_mae = 0.4838
eval_runtime = 17.2776
eval_samples_per_second = 289.393
