eval_accuracy = 0.5703999996185303
eval_loss = 0.991162121295929
eval_mae = 0.507
eval_runtime = 16.9283
eval_samples_per_second = 295.364
