eval_accuracy = 0.4814000129699707
eval_loss = 1.3953238725662231
eval_mae = 0.6732
eval_runtime = 33.1417
eval_samples_per_second = 150.867
