eval_accuracy = 0.5759999752044678
eval_loss = 1.0053130388259888
eval_mae = 0.496
eval_runtime = 17.2636
eval_samples_per_second = 289.627
