eval_accuracy = 0.5573999881744385
eval_loss = 1.0752218961715698
eval_mae = 0.531
eval_runtime = 18.2233
eval_samples_per_second = 274.374
