eval_accuracy = 0.6003999710083008
eval_loss = 0.9360776543617249
eval_mae = 0.4542
eval_runtime = 17.0854
eval_samples_per_second = 292.647
