eval_accuracy = 0.5893999934196472
eval_loss = 0.9489536881446838
eval_mae = 0.4646
eval_runtime = 16.4692
eval_samples_per_second = 303.597
