eval_accuracy = 0.5577999949455261
eval_loss = 1.0786818265914917
eval_mae = 0.5326
eval_runtime = 21.0721
eval_samples_per_second = 237.28
