eval_accuracy = 0.5720000267028809
eval_loss = 0.98748379945755
eval_mae = 0.5032
eval_runtime = 16.1672
eval_samples_per_second = 309.268
