eval_accuracy = 0.5281999707221985
eval_loss = 1.0553240776062012
eval_mae = 0.5706
eval_runtime = 15.9436
eval_samples_per_second = 313.606
