eval_accuracy = 0.5490000247955322
eval_loss = 1.147452712059021
eval_mae = 0.5826
eval_runtime = 17.4979
eval_samples_per_second = 285.748
