eval_accuracy = 0.4668000042438507
eval_loss = 1.2971981763839722
eval_mae = 0.6842
eval_runtime = 19.5575
eval_samples_per_second = 255.657
