eval_accuracy = 0.5906000137329102
eval_loss = 0.9488369226455688
eval_mae = 0.4632
eval_runtime = 16.5244
eval_samples_per_second = 302.583
