eval_accuracy = 0.48159998655319214
eval_loss = 1.3921440839767456
eval_mae = 0.673
eval_runtime = 32.845
eval_samples_per_second = 152.23
