eval_accuracy = 0.5591999888420105
eval_loss = 1.075769305229187
eval_mae = 0.5304
eval_runtime = 18.6496
eval_samples_per_second = 268.102
