eval_accuracy = 0.44020000100135803
eval_loss = 1.4437628984451294
eval_mae = 0.7284
eval_runtime = 30.295
eval_samples_per_second = 165.044
