eval_accuracy = 0.48399999737739563
eval_loss = 1.3537027835845947
eval_mae = 0.6698
eval_runtime = 17.8342
eval_samples_per_second = 280.36
