eval_accuracy = 0.6003999710083008
eval_loss = 0.9560279250144958
eval_mae = 0.4626
eval_runtime = 17.2783
eval_samples_per_second = 289.38
