eval_accuracy = 0.5934000015258789
eval_loss = 0.960807740688324
eval_mae = 0.4834
eval_runtime = 17.5288
eval_samples_per_second = 285.244
