eval_accuracy = 0.5716000199317932
eval_loss = 0.9907925724983215
eval_mae = 0.507
eval_runtime = 17.1403
eval_samples_per_second = 291.709
