eval_accuracy = 0.6208000183105469
eval_loss = 0.95087069272995
eval_mae = 0.4284
eval_runtime = 17.4516
eval_samples_per_second = 286.506
