eval_accuracy = 0.5699999928474426
eval_loss = 1.0211900472640991
eval_mae = 0.5078
eval_runtime = 18.4918
eval_samples_per_second = 270.39
