eval_accuracy = 0.6050000190734863
eval_loss = 0.9462775588035583
eval_mae = 0.457
eval_runtime = 18.5735
eval_samples_per_second = 269.201
