eval_accuracy = 0.5609999895095825
eval_loss = 1.0461065769195557
eval_mae = 0.5084
eval_runtime = 22.2525
eval_samples_per_second = 224.694
