eval_accuracy = 0.47200000286102295
eval_loss = 1.3473206758499146
eval_mae = 0.6914
eval_runtime = 17.3088
eval_samples_per_second = 288.87
