eval_accuracy = 0.5896000266075134
eval_loss = 0.948384165763855
eval_mae = 0.4646
eval_runtime = 17.5071
eval_samples_per_second = 285.599
