eval_accuracy = 0.5935999751091003
eval_loss = 1.006758451461792
eval_mae = 0.4678
eval_runtime = 17.1262
eval_samples_per_second = 291.951
