eval_accuracy = 0.5270000100135803
eval_loss = 1.0535199642181396
eval_mae = 0.5696
eval_runtime = 16.8788
eval_samples_per_second = 296.229
