eval_accuracy = 0.5812000036239624
eval_loss = 1.0186152458190918
eval_mae = 0.4932
eval_runtime = 23.1101
eval_samples_per_second = 216.355
