eval_accuracy = 0.5005999803543091
eval_loss = 1.1553090810775757
eval_mae = 0.5894
eval_runtime = 17.7125
eval_samples_per_second = 282.286
