eval_accuracy = 0.5705999732017517
eval_loss = 0.9908521771430969
eval_mae = 0.5064
eval_runtime = 16.181
eval_samples_per_second = 309.005
