eval_accuracy = 0.5478000044822693
eval_loss = 1.086159586906433
eval_mae = 0.5412
eval_runtime = 19.3372
eval_samples_per_second = 258.569
