eval_accuracy = 0.605400025844574
eval_loss = 0.9459728598594666
eval_mae = 0.4568
eval_runtime = 17.4571
eval_samples_per_second = 286.417
