eval_accuracy = 0.43959999084472656
eval_loss = 1.4438246488571167
eval_mae = 0.7292
eval_runtime = 28.9597
eval_samples_per_second = 172.654
