eval_accuracy = 0.5569999814033508
eval_loss = 1.0834819078445435
eval_mae = 0.564
eval_runtime = 19.4063
eval_samples_per_second = 257.648
