eval_accuracy = 0.46799999475479126
eval_loss = 1.2963241338729858
eval_mae = 0.682
eval_runtime = 30.2925
eval_samples_per_second = 165.057
