eval_accuracy = 0.4681999981403351
eval_loss = 1.3383713960647583
eval_mae = 0.6882
eval_runtime = 21.0784
eval_samples_per_second = 237.21
