eval_accuracy = 0.5627999901771545
eval_loss = 1.0149519443511963
eval_mae = 0.5096
eval_runtime = 16.9818
eval_samples_per_second = 294.434
