eval_accuracy = 0.5587999820709229
eval_loss = 1.0786374807357788
eval_mae = 0.5306
eval_runtime = 19.2519
eval_samples_per_second = 259.715
