eval_accuracy = 0.4675999879837036
eval_loss = 1.2965538501739502
eval_mae = 0.6818
eval_runtime = 19.7708
eval_samples_per_second = 252.899
