eval_accuracy = 0.5590000152587891
eval_loss = 1.0780409574508667
eval_mae = 0.5308
eval_runtime = 18.2616
eval_samples_per_second = 273.799
