eval_accuracy = 0.5558000206947327
eval_loss = 1.0804024934768677
eval_mae = 0.5656
eval_runtime = 32.595
eval_samples_per_second = 153.398
