eval_accuracy = 0.4830000102519989
eval_loss = 1.351615309715271
eval_mae = 0.6718
eval_runtime = 20.4839
eval_samples_per_second = 244.094
