eval_accuracy = 0.5073999762535095
eval_loss = 1.2289987802505493
eval_mae = 0.6198
eval_runtime = 25.5558
eval_samples_per_second = 195.65
