eval_accuracy = 0.47859999537467957
eval_loss = 1.3908051252365112
eval_mae = 0.678
eval_runtime = 20.0161
eval_samples_per_second = 249.798
