eval_accuracy = 0.599399983882904
eval_loss = 0.9556435346603394
eval_mae = 0.4634
eval_runtime = 17.4975
eval_samples_per_second = 285.756
