eval_accuracy = 0.5825999975204468
eval_loss = 0.9794204831123352
eval_mae = 0.4868
eval_runtime = 18.305
eval_samples_per_second = 273.149
