eval_accuracy = 0.5580000281333923
eval_loss = 1.0790578126907349
eval_mae = 0.531
eval_runtime = 18.3208
eval_samples_per_second = 272.913
