eval_accuracy = 0.4560000002384186
eval_loss = 1.3660553693771362
eval_mae = 0.7332
eval_runtime = 17.242
eval_samples_per_second = 289.989
