eval_accuracy = 0.599399983882904
eval_loss = 0.9562939405441284
eval_mae = 0.4636
eval_runtime = 17.4492
eval_samples_per_second = 286.547
