eval_accuracy = 0.5752000212669373
eval_loss = 1.0065630674362183
eval_mae = 0.4962
eval_runtime = 17.2349
eval_samples_per_second = 290.108
