eval_accuracy = 0.6366000175476074
eval_loss = 0.8894726634025574
eval_mae = 0.4148
eval_runtime = 19.9531
eval_samples_per_second = 250.587
