eval_accuracy = 0.5031999945640564
eval_loss = 1.1777271032333374
eval_mae = 0.5912
eval_runtime = 17.3391
eval_samples_per_second = 288.365
