eval_accuracy = 0.571399986743927
eval_loss = 0.9904109239578247
eval_mae = 0.5056
eval_runtime = 16.3352
eval_samples_per_second = 306.088
