eval_accuracy = 0.4729999899864197
eval_loss = 1.347960352897644
eval_mae = 0.6886
eval_runtime = 17.2581
eval_samples_per_second = 289.718
