eval_accuracy = 0.5644000172615051
eval_loss = 1.0147141218185425
eval_mae = 0.5074
eval_runtime = 17.0421
eval_samples_per_second = 293.391
