eval_accuracy = 0.4684000015258789
eval_loss = 1.335757851600647
eval_mae = 0.6906
eval_runtime = 18.5703
eval_samples_per_second = 269.247
