eval_accuracy = 0.599399983882904
eval_loss = 0.9560432434082031
eval_mae = 0.4642
eval_runtime = 17.3989
eval_samples_per_second = 287.374
