eval_accuracy = 0.4749999940395355
eval_loss = 1.343022108078003
eval_mae = 0.6944
eval_runtime = 16.8643
eval_samples_per_second = 296.484
