eval_accuracy = 0.4675999879837036
eval_loss = 1.3384150266647339
eval_mae = 0.6888
eval_runtime = 22.5539
eval_samples_per_second = 221.691
