eval_accuracy = 0.6086000204086304
eval_loss = 0.9498138427734375
eval_mae = 0.4492
eval_runtime = 18.2684
eval_samples_per_second = 273.696
