eval_accuracy = 0.5705999732017517
eval_loss = 1.0225168466567993
eval_mae = 0.5074
eval_runtime = 16.4662
eval_samples_per_second = 303.653
