eval_accuracy = 0.5612000226974487
eval_loss = 1.0458236932754517
eval_mae = 0.508
eval_runtime = 22.1534
eval_samples_per_second = 225.699
