eval_accuracy = 0.598800003528595
eval_loss = 0.9545667767524719
eval_mae = 0.464
eval_runtime = 17.3597
eval_samples_per_second = 288.024
