eval_accuracy = 0.5612000226974487
eval_loss = 1.045715093612671
eval_mae = 0.508
eval_runtime = 18.4712
eval_samples_per_second = 270.691
