eval_accuracy = 0.5703999996185303
eval_loss = 1.0234109163284302
eval_mae = 0.5066
eval_runtime = 16.3768
eval_samples_per_second = 305.31
