eval_accuracy = 0.47040000557899475
eval_loss = 1.3302768468856812
eval_mae = 0.6834
eval_runtime = 23.8215
eval_samples_per_second = 209.894
