eval_accuracy = 0.5019999742507935
eval_loss = 1.2435587644577026
eval_mae = 0.5944
eval_runtime = 23.99
eval_samples_per_second = 208.42
