eval_accuracy = 0.46939998865127563
eval_loss = 1.3320478200912476
eval_mae = 0.686
eval_runtime = 18.8238
eval_samples_per_second = 265.621
