eval_accuracy = 0.5648000240325928
eval_loss = 1.0161466598510742
eval_mae = 0.5058
eval_runtime = 16.9686
eval_samples_per_second = 294.663
