eval_accuracy = 0.4821999967098236
eval_loss = 1.352763056755066
eval_mae = 0.672
eval_runtime = 17.9392
eval_samples_per_second = 278.719
