eval_accuracy = 0.590399980545044
eval_loss = 0.9490962028503418
eval_mae = 0.4642
eval_runtime = 16.5463
eval_samples_per_second = 302.182
