eval_accuracy = 0.4803999960422516
eval_loss = 1.3920539617538452
eval_mae = 0.6744
eval_runtime = 19.4697
eval_samples_per_second = 256.809
