eval_accuracy = 0.5073999762535095
eval_loss = 1.2277870178222656
eval_mae = 0.6198
eval_runtime = 19.009
eval_samples_per_second = 263.033
