eval_accuracy = 0.46779999136924744
eval_loss = 1.2962967157363892
eval_mae = 0.6816
eval_runtime = 18.3946
eval_samples_per_second = 271.818
