eval_accuracy = 0.6007999777793884
eval_loss = 0.939116895198822
eval_mae = 0.4544
eval_runtime = 16.9788
eval_samples_per_second = 294.485
