eval_accuracy = 0.5613999962806702
eval_loss = 1.0461121797561646
eval_mae = 0.508
eval_runtime = 22.6318
eval_samples_per_second = 220.928
