eval_accuracy = 0.5996000170707703
eval_loss = 0.9556640386581421
eval_mae = 0.4634
eval_runtime = 17.3387
eval_samples_per_second = 288.372
