eval_accuracy = 0.5609999895095825
eval_loss = 1.0450323820114136
eval_mae = 0.5092
eval_runtime = 18.2256
eval_samples_per_second = 274.339
