eval_accuracy = 0.5559999942779541
eval_loss = 1.0802658796310425
eval_mae = 0.5652
eval_runtime = 25.0788
eval_samples_per_second = 199.372
