eval_accuracy = 0.5795999765396118
eval_loss = 1.0165420770645142
eval_mae = 0.4954
eval_runtime = 18.0342
eval_samples_per_second = 277.251
