eval_accuracy = 0.4803999960422516
eval_loss = 1.3908153772354126
eval_mae = 0.674
eval_runtime = 19.5442
eval_samples_per_second = 255.83
