eval_accuracy = 0.45680001378059387
eval_loss = 1.3617644309997559
eval_mae = 0.7332
eval_runtime = 17.1156
eval_samples_per_second = 292.131
