eval_accuracy = 0.5613999962806702
eval_loss = 1.0456527471542358
eval_mae = 0.5096
eval_runtime = 18.4649
eval_samples_per_second = 270.784
