eval_accuracy = 0.5799999833106995
eval_loss = 0.9783564209938049
eval_mae = 0.4878
eval_runtime = 17.4293
eval_samples_per_second = 286.873
