eval_accuracy = 0.5559999942779541
eval_loss = 1.0786808729171753
eval_mae = 0.5648
eval_runtime = 18.0796
eval_samples_per_second = 276.555
