eval_accuracy = 0.4580000042915344
eval_loss = 1.3655611276626587
eval_mae = 0.732
eval_runtime = 17.3762
eval_samples_per_second = 287.75
