eval_accuracy = 0.4652000069618225
eval_loss = 1.3483601808547974
eval_mae = 0.694
eval_runtime = 18.6355
eval_samples_per_second = 268.305
