eval_accuracy = 0.5917999744415283
eval_loss = 0.9610074162483215
eval_mae = 0.4856
eval_runtime = 17.4886
eval_samples_per_second = 285.9
