eval_accuracy = 0.47620001435279846
eval_loss = 1.3425425291061401
eval_mae = 0.693
eval_runtime = 16.8309
eval_samples_per_second = 297.073
