eval_accuracy = 0.5935999751091003
eval_loss = 1.007960557937622
eval_mae = 0.4694
eval_runtime = 17.1988
eval_samples_per_second = 290.718
