eval_accuracy = 0.5479999780654907
eval_loss = 1.08622407913208
eval_mae = 0.5408
eval_runtime = 30.7137
eval_samples_per_second = 162.794
