eval_accuracy = 0.5705999732017517
eval_loss = 0.9911381006240845
eval_mae = 0.5076
eval_runtime = 16.22
eval_samples_per_second = 308.261
