eval_accuracy = 0.5935999751091003
eval_loss = 0.9478611350059509
eval_mae = 0.469
eval_runtime = 18.447
eval_samples_per_second = 271.047
