eval_accuracy = 0.5004000067710876
eval_loss = 1.2419100999832153
eval_mae = 0.5952
eval_runtime = 20.5431
eval_samples_per_second = 243.39
