eval_accuracy = 0.5932000279426575
eval_loss = 1.0064517259597778
eval_mae = 0.4678
eval_runtime = 17.2049
eval_samples_per_second = 290.615
