eval_accuracy = 0.5812000036239624
eval_loss = 0.9789413809776306
eval_mae = 0.4886
eval_runtime = 16.7029
eval_samples_per_second = 299.349
