eval_accuracy = 0.45820000767707825
eval_loss = 1.3609137535095215
eval_mae = 0.7282
eval_runtime = 16.7405
eval_samples_per_second = 298.678
