eval_accuracy = 0.5795999765396118
eval_loss = 1.0129170417785645
eval_mae = 0.483
eval_runtime = 16.9364
eval_samples_per_second = 295.223
