eval_accuracy = 0.5550000071525574
eval_loss = 1.0638467073440552
eval_mae = 0.5226
eval_runtime = 18.2998
eval_samples_per_second = 273.227
