eval_accuracy = 0.4575999975204468
eval_loss = 1.3597971200942993
eval_mae = 0.7292
eval_runtime = 17.3307
eval_samples_per_second = 288.505
