eval_accuracy = 0.5759999752044678
eval_loss = 1.0070329904556274
eval_mae = 0.4952
eval_runtime = 17.147
eval_samples_per_second = 291.596
