eval_accuracy = 0.4832000136375427
eval_loss = 1.3498637676239014
eval_mae = 0.672
eval_runtime = 18.3822
eval_samples_per_second = 272.002
