eval_accuracy = 0.4575999975204468
eval_loss = 1.366702914237976
eval_mae = 0.7314
eval_runtime = 16.7337
eval_samples_per_second = 298.799
