eval_accuracy = 0.4675999879837036
eval_loss = 1.292876124382019
eval_mae = 0.681
eval_runtime = 18.6041
eval_samples_per_second = 268.758
