eval_accuracy = 0.5027999877929688
eval_loss = 1.176845669746399
eval_mae = 0.592
eval_runtime = 17.4861
eval_samples_per_second = 285.941
