eval_accuracy = 0.5573999881744385
eval_loss = 1.0800857543945312
eval_mae = 0.5638
eval_runtime = 20.7549
eval_samples_per_second = 240.907
