eval_accuracy = 0.545199990272522
eval_loss = 1.0304346084594727
eval_mae = 0.5418
eval_runtime = 17.383
eval_samples_per_second = 287.637
