eval_accuracy = 0.5271999835968018
eval_loss = 1.0541273355484009
eval_mae = 0.5694
eval_runtime = 17.0042
eval_samples_per_second = 294.044
