eval_accuracy = 0.504800021648407
eval_loss = 1.2358847856521606
eval_mae = 0.5884
eval_runtime = 26.2543
eval_samples_per_second = 190.445
