eval_accuracy = 0.4997999966144562
eval_loss = 1.2421804666519165
eval_mae = 0.5958
eval_runtime = 19.9657
eval_samples_per_second = 250.429
