eval_accuracy = 0.5703999996185303
eval_loss = 0.9908245205879211
eval_mae = 0.5088
eval_runtime = 16.9364
eval_samples_per_second = 295.222
