eval_accuracy = 0.5001999735832214
eval_loss = 1.2297160625457764
eval_mae = 0.6026
eval_runtime = 18.344
eval_samples_per_second = 272.569
