eval_accuracy = 0.5899999737739563
eval_loss = 0.9483765363693237
eval_mae = 0.4638
eval_runtime = 16.6016
eval_samples_per_second = 301.176
