eval_accuracy = 0.5576000213623047
eval_loss = 1.0624140501022339
eval_mae = 0.5214
eval_runtime = 18.2947
eval_samples_per_second = 273.303
