eval_accuracy = 0.5898000001907349
eval_loss = 0.9487994313240051
eval_mae = 0.4636
eval_runtime = 16.2452
eval_samples_per_second = 307.783
