eval_accuracy = 0.5633999705314636
eval_loss = 1.0150738954544067
eval_mae = 0.5084
eval_runtime = 16.197
eval_samples_per_second = 308.7
