eval_accuracy = 0.45840001106262207
eval_loss = 1.3653922080993652
eval_mae = 0.7324
eval_runtime = 16.6205
eval_samples_per_second = 300.833
