eval_accuracy = 0.5658000111579895
eval_loss = 1.0119670629501343
eval_mae = 0.5064
eval_runtime = 17.0027
eval_samples_per_second = 294.071
