eval_accuracy = 0.4832000136375427
eval_loss = 1.3542964458465576
eval_mae = 0.6712
eval_runtime = 18.4909
eval_samples_per_second = 270.403
