eval_accuracy = 0.6204000115394592
eval_loss = 0.9480774402618408
eval_mae = 0.4294
eval_runtime = 17.5331
eval_samples_per_second = 285.175
