eval_accuracy = 0.503600001335144
eval_loss = 1.174767017364502
eval_mae = 0.5912
eval_runtime = 16.7232
eval_samples_per_second = 298.985
