eval_accuracy = 0.5564000010490417
eval_loss = 1.0230917930603027
eval_mae = 0.5332
eval_runtime = 17.5897
eval_samples_per_second = 284.257
