eval_accuracy = 0.5644000172615051
eval_loss = 1.0146905183792114
eval_mae = 0.5088
eval_runtime = 17.0244
eval_samples_per_second = 293.696
