eval_accuracy = 0.6060000061988831
eval_loss = 0.9499518275260925
eval_mae = 0.4506
eval_runtime = 18.7196
eval_samples_per_second = 267.1
