eval_accuracy = 0.5812000036239624
eval_loss = 1.0187095403671265
eval_mae = 0.4942
eval_runtime = 32.624
eval_samples_per_second = 153.261
