eval_accuracy = 0.46779999136924744
eval_loss = 1.296639084815979
eval_mae = 0.6818
eval_runtime = 33.3509
eval_samples_per_second = 149.921
