eval_accuracy = 0.6055999994277954
eval_loss = 0.9504775404930115
eval_mae = 0.451
eval_runtime = 25.1249
eval_samples_per_second = 199.006
