eval_accuracy = 0.557200014591217
eval_loss = 1.062775731086731
eval_mae = 0.5216
eval_runtime = 18.34
eval_samples_per_second = 272.628
