eval_accuracy = 0.4758000075817108
eval_loss = 1.342677354812622
eval_mae = 0.6938
eval_runtime = 16.3647
eval_samples_per_second = 305.535
