eval_accuracy = 0.4812000095844269
eval_loss = 1.3901783227920532
eval_mae = 0.673
eval_runtime = 19.3499
eval_samples_per_second = 258.399
