eval_accuracy = 0.5044000148773193
eval_loss = 1.2331252098083496
eval_mae = 0.6248
eval_runtime = 19.803
eval_samples_per_second = 252.487
