eval_accuracy = 0.4805999994277954
eval_loss = 1.392591118812561
eval_mae = 0.6744
eval_runtime = 19.358
eval_samples_per_second = 258.291
