eval_accuracy = 0.46720001101493835
eval_loss = 1.2995091676712036
eval_mae = 0.6826
eval_runtime = 30.0339
eval_samples_per_second = 166.478
