eval_accuracy = 0.6197999715805054
eval_loss = 0.9490324258804321
eval_mae = 0.4298
eval_runtime = 17.461
eval_samples_per_second = 286.352
