eval_accuracy = 0.483599990606308
eval_loss = 1.3517800569534302
eval_mae = 0.6722
eval_runtime = 18.5585
eval_samples_per_second = 269.418
