eval_accuracy = 0.5641999840736389
eval_loss = 1.014772891998291
eval_mae = 0.5084
eval_runtime = 17.0401
eval_samples_per_second = 293.425
