eval_accuracy = 0.5257999897003174
eval_loss = 1.0542174577713013
eval_mae = 0.5712
eval_runtime = 16.9493
eval_samples_per_second = 294.998
