eval_accuracy = 0.5820000171661377
eval_loss = 1.01819908618927
eval_mae = 0.4802
eval_runtime = 17.5051
eval_samples_per_second = 285.631
