eval_accuracy = 0.6001999974250793
eval_loss = 0.9551331996917725
eval_mae = 0.4628
eval_runtime = 16.6764
eval_samples_per_second = 299.825
