eval_accuracy = 0.4970000088214874
eval_loss = 1.2389343976974487
eval_mae = 0.6476
eval_runtime = 18.5024
eval_samples_per_second = 270.235
