eval_accuracy = 0.5708000063896179
eval_loss = 0.9900683760643005
eval_mae = 0.508
eval_runtime = 16.2139
eval_samples_per_second = 308.377
