eval_accuracy = 0.5907999873161316
eval_loss = 0.9473565220832825
eval_mae = 0.4624
eval_runtime = 17.2289
eval_samples_per_second = 290.21
