eval_accuracy = 0.48339998722076416
eval_loss = 1.3497850894927979
eval_mae = 0.6698
eval_runtime = 18.6004
eval_samples_per_second = 268.811
