eval_accuracy = 0.5803999900817871
eval_loss = 1.0170549154281616
eval_mae = 0.482
eval_runtime = 17.4814
eval_samples_per_second = 286.018
