eval_accuracy = 0.5493999719619751
eval_loss = 1.0831947326660156
eval_mae = 0.538
eval_runtime = 20.9779
eval_samples_per_second = 238.346
