eval_accuracy = 0.5562000274658203
eval_loss = 1.0631284713745117
eval_mae = 0.5232
eval_runtime = 23.6524
eval_samples_per_second = 211.395
