eval_accuracy = 0.5911999940872192
eval_loss = 0.9461943507194519
eval_mae = 0.4606
eval_runtime = 16.3128
eval_samples_per_second = 306.507
