eval_accuracy = 0.5555999875068665
eval_loss = 1.0801488161087036
eval_mae = 0.5658
eval_runtime = 20.7898
eval_samples_per_second = 240.502
