eval_accuracy = 0.5807999968528748
eval_loss = 0.9790412187576294
eval_mae = 0.4898
eval_runtime = 17.421
eval_samples_per_second = 287.009
