eval_accuracy = 0.5702000260353088
eval_loss = 0.9903414249420166
eval_mae = 0.5088
eval_runtime = 16.3413
eval_samples_per_second = 305.973
