eval_accuracy = 0.5582000017166138
eval_loss = 1.0646557807922363
eval_mae = 0.5204
eval_runtime = 18.4031
eval_samples_per_second = 271.693
