eval_accuracy = 0.5640000104904175
eval_loss = 1.0142748355865479
eval_mae = 0.5086
eval_runtime = 17.0093
eval_samples_per_second = 293.956
