eval_accuracy = 0.6061999797821045
eval_loss = 0.9459671974182129
eval_mae = 0.456
eval_runtime = 16.4579
eval_samples_per_second = 303.805
