eval_accuracy = 0.5537999868392944
eval_loss = 1.0799909830093384
eval_mae = 0.5664
eval_runtime = 31.606
eval_samples_per_second = 158.198
