eval_accuracy = 0.5910000205039978
eval_loss = 0.9603090882301331
eval_mae = 0.4842
eval_runtime = 17.3409
eval_samples_per_second = 288.336
