eval_accuracy = 0.4397999942302704
eval_loss = 1.4418771266937256
eval_mae = 0.729
eval_runtime = 35.5676
eval_samples_per_second = 140.577
