eval_accuracy = 0.4997999966144562
eval_loss = 1.155975341796875
eval_mae = 0.5908
eval_runtime = 17.3413
eval_samples_per_second = 288.329
