eval_accuracy = 0.5996000170707703
eval_loss = 0.9554903507232666
eval_mae = 0.4634
eval_runtime = 17.5687
eval_samples_per_second = 284.596
