eval_accuracy = 0.5045999884605408
eval_loss = 1.1648778915405273
eval_mae = 0.5874
eval_runtime = 17.3619
eval_samples_per_second = 287.988
