eval_accuracy = 0.5058000087738037
eval_loss = 1.1573526859283447
eval_mae = 0.5852
eval_runtime = 17.2854
eval_samples_per_second = 289.262
