eval_accuracy = 0.47999998927116394
eval_loss = 1.3565495014190674
eval_mae = 0.6742
eval_runtime = 20.2606
eval_samples_per_second = 246.785
