eval_accuracy = 0.4586000144481659
eval_loss = 1.3671151399612427
eval_mae = 0.731
eval_runtime = 17.2529
eval_samples_per_second = 289.806
