eval_accuracy = 0.4819999933242798
eval_loss = 1.3524231910705566
eval_mae = 0.6718
eval_runtime = 18.4466
eval_samples_per_second = 271.053
