eval_accuracy = 0.4553999900817871
eval_loss = 1.3681734800338745
eval_mae = 0.7332
eval_runtime = 16.3779
eval_samples_per_second = 305.289
