eval_accuracy = 0.4758000075817108
eval_loss = 1.3414890766143799
eval_mae = 0.6934
eval_runtime = 16.3428
eval_samples_per_second = 305.945
