eval_accuracy = 0.557200014591217
eval_loss = 1.077439785003662
eval_mae = 0.5614
eval_runtime = 19.0728
eval_samples_per_second = 262.154
