eval_accuracy = 0.5705999732017517
eval_loss = 1.0214698314666748
eval_mae = 0.5074
eval_runtime = 17.4918
eval_samples_per_second = 285.848
