eval_accuracy = 0.5023999810218811
eval_loss = 1.1769765615463257
eval_mae = 0.592
eval_runtime = 17.2962
eval_samples_per_second = 289.082
