eval_accuracy = 0.5564000010490417
eval_loss = 1.0232919454574585
eval_mae = 0.5326
eval_runtime = 17.3018
eval_samples_per_second = 288.987
