eval_accuracy = 0.545799970626831
eval_loss = 1.0300449132919312
eval_mae = 0.5388
eval_runtime = 17.6607
eval_samples_per_second = 283.114
