eval_accuracy = 0.6359999775886536
eval_loss = 0.8896738290786743
eval_mae = 0.415
eval_runtime = 19.8407
eval_samples_per_second = 252.008
