eval_accuracy = 0.6212000250816345
eval_loss = 0.9507958889007568
eval_mae = 0.428
eval_runtime = 17.4809
eval_samples_per_second = 286.026
