eval_accuracy = 0.5989999771118164
eval_loss = 0.9533284902572632
eval_mae = 0.4618
eval_runtime = 17.2588
eval_samples_per_second = 289.708
