eval_accuracy = 0.5781999826431274
eval_loss = 1.0177758932113647
eval_mae = 0.483
eval_runtime = 16.8235
eval_samples_per_second = 297.203
