eval_accuracy = 0.43799999356269836
eval_loss = 1.4459580183029175
eval_mae = 0.731
eval_runtime = 18.9593
eval_samples_per_second = 263.723
