eval_accuracy = 0.5005999803543091
eval_loss = 1.2417460680007935
eval_mae = 0.5944
eval_runtime = 18.0232
eval_samples_per_second = 277.42
