eval_accuracy = 0.5562000274658203
eval_loss = 1.0802898406982422
eval_mae = 0.565
eval_runtime = 18.1661
eval_samples_per_second = 275.238
