eval_accuracy = 0.5824000239372253
eval_loss = 1.014939308166504
eval_mae = 0.4796
eval_runtime = 17.4407
eval_samples_per_second = 286.686
