eval_accuracy = 0.4607999920845032
eval_loss = 1.366164207458496
eval_mae = 0.7284
eval_runtime = 16.7755
eval_samples_per_second = 298.054
