eval_accuracy = 0.6215999722480774
eval_loss = 0.9504198431968689
eval_mae = 0.428
eval_runtime = 17.5861
eval_samples_per_second = 284.316
