eval_accuracy = 0.593999981880188
eval_loss = 1.0070931911468506
eval_mae = 0.4674
eval_runtime = 17.1517
eval_samples_per_second = 291.516
