eval_accuracy = 0.4837999939918518
eval_loss = 1.3526480197906494
eval_mae = 0.6708
eval_runtime = 19.5222
eval_samples_per_second = 256.119
