eval_accuracy = 0.44020000100135803
eval_loss = 1.4425716400146484
eval_mae = 0.728
eval_runtime = 35.5975
eval_samples_per_second = 140.459
