eval_accuracy = 0.5004000067710876
eval_loss = 1.178130030632019
eval_mae = 0.5936
eval_runtime = 16.6732
eval_samples_per_second = 299.883
