eval_accuracy = 0.49639999866485596
eval_loss = 1.2404742240905762
eval_mae = 0.6488
eval_runtime = 24.8971
eval_samples_per_second = 200.827
