eval_accuracy = 0.46779999136924744
eval_loss = 1.3390642404556274
eval_mae = 0.6888
eval_runtime = 18.4941
eval_samples_per_second = 270.356
