eval_accuracy = 0.47600001096725464
eval_loss = 1.352729320526123
eval_mae = 0.7
eval_runtime = 16.2864
eval_samples_per_second = 307.004
