eval_accuracy = 0.43939998745918274
eval_loss = 1.4458014965057373
eval_mae = 0.7298
eval_runtime = 20.166
eval_samples_per_second = 247.943
