eval_accuracy = 0.5928000211715698
eval_loss = 0.9607354402542114
eval_mae = 0.4838
eval_runtime = 16.4988
eval_samples_per_second = 303.052
