eval_accuracy = 0.6060000061988831
eval_loss = 0.950062096118927
eval_mae = 0.4506
eval_runtime = 18.2967
eval_samples_per_second = 273.273
