eval_accuracy = 0.52920001745224
eval_loss = 1.0521568059921265
eval_mae = 0.5676
eval_runtime = 16.2309
eval_samples_per_second = 308.054
