eval_accuracy = 0.5590000152587891
eval_loss = 1.0638529062271118
eval_mae = 0.5198
eval_runtime = 18.4442
eval_samples_per_second = 271.087
