eval_accuracy = 0.4675999879837036
eval_loss = 1.3360522985458374
eval_mae = 0.6902
eval_runtime = 32.8371
eval_samples_per_second = 152.267
