eval_accuracy = 0.5037999749183655
eval_loss = 1.1761871576309204
eval_mae = 0.5914
eval_runtime = 17.5817
eval_samples_per_second = 284.387
