eval_accuracy = 0.4713999927043915
eval_loss = 1.3489617109298706
eval_mae = 0.6902
eval_runtime = 17.2192
eval_samples_per_second = 290.374
