eval_accuracy = 0.5565999746322632
eval_loss = 1.0631150007247925
eval_mae = 0.522
eval_runtime = 18.4279
eval_samples_per_second = 271.328
