eval_accuracy = 0.47620001435279846
eval_loss = 1.3408098220825195
eval_mae = 0.6928
eval_runtime = 17.008
eval_samples_per_second = 293.979
