eval_accuracy = 0.5752000212669373
eval_loss = 1.0851941108703613
eval_mae = 0.5108
eval_runtime = 16.2346
eval_samples_per_second = 307.985
