eval_accuracy = 0.5753999948501587
eval_loss = 1.0848097801208496
eval_mae = 0.5106
eval_runtime = 16.0755
eval_samples_per_second = 311.033
