eval_accuracy = 0.5618000030517578
eval_loss = 1.045940637588501
eval_mae = 0.5082
eval_runtime = 18.3811
eval_samples_per_second = 272.018
