eval_accuracy = 0.5806000232696533
eval_loss = 0.978553831577301
eval_mae = 0.4896
eval_runtime = 17.414
eval_samples_per_second = 287.125
