eval_accuracy = 0.4997999966144562
eval_loss = 1.2286405563354492
eval_mae = 0.6036
eval_runtime = 18.3679
eval_samples_per_second = 272.213
