eval_accuracy = 0.4729999899864197
eval_loss = 1.3496003150939941
eval_mae = 0.6902
eval_runtime = 17.1453
eval_samples_per_second = 291.625
