eval_accuracy = 0.4408000111579895
eval_loss = 1.442706823348999
eval_mae = 0.7278
eval_runtime = 20.1205
eval_samples_per_second = 248.502
