eval_accuracy = 0.6011999845504761
eval_loss = 0.9358526468276978
eval_mae = 0.4544
eval_runtime = 17.1655
eval_samples_per_second = 291.282
