eval_accuracy = 0.5637999773025513
eval_loss = 1.0154013633728027
eval_mae = 0.5094
eval_runtime = 16.374
eval_samples_per_second = 305.362
