eval_accuracy = 0.5699999928474426
eval_loss = 1.0202045440673828
eval_mae = 0.5086
eval_runtime = 17.4726
eval_samples_per_second = 286.163
