eval_accuracy = 0.5063999891281128
eval_loss = 1.2291446924209595
eval_mae = 0.6212
eval_runtime = 19.0861
eval_samples_per_second = 261.971
