eval_accuracy = 0.49559998512268066
eval_loss = 1.230331301689148
eval_mae = 0.606
eval_runtime = 18.4674
eval_samples_per_second = 270.748
