eval_accuracy = 0.5813999772071838
eval_loss = 0.9796843528747559
eval_mae = 0.4896
eval_runtime = 17.4976
eval_samples_per_second = 285.754
