eval_accuracy = 0.45840001106262207
eval_loss = 1.3665823936462402
eval_mae = 0.7306
eval_runtime = 17.3748
eval_samples_per_second = 287.773
