eval_accuracy = 0.46779999136924744
eval_loss = 1.3394042253494263
eval_mae = 0.6894
eval_runtime = 20.1709
eval_samples_per_second = 247.882
