eval_accuracy = 0.5925999879837036
eval_loss = 0.9473769664764404
eval_mae = 0.47
eval_runtime = 18.5184
eval_samples_per_second = 270.002
