eval_accuracy = 0.5437999963760376
eval_loss = 1.0299875736236572
eval_mae = 0.5408
eval_runtime = 16.5341
eval_samples_per_second = 302.406
