eval_accuracy = 0.6065999865531921
eval_loss = 0.9449847936630249
eval_mae = 0.4548
eval_runtime = 17.2849
eval_samples_per_second = 289.271
