eval_accuracy = 0.5813999772071838
eval_loss = 1.018616795539856
eval_mae = 0.4934
eval_runtime = 29.9122
eval_samples_per_second = 167.156
