eval_accuracy = 0.5838000178337097
eval_loss = 0.9762860536575317
eval_mae = 0.4848
eval_runtime = 17.2706
eval_samples_per_second = 289.509
