eval_accuracy = 0.6327999830245972
eval_loss = 0.8907492160797119
eval_mae = 0.418
eval_runtime = 29.5042
eval_samples_per_second = 169.467
