eval_accuracy = 0.5920000076293945
eval_loss = 0.9473716616630554
eval_mae = 0.471
eval_runtime = 19.959
eval_samples_per_second = 250.513
