eval_accuracy = 0.5799999833106995
eval_loss = 1.011346459388733
eval_mae = 0.4814
eval_runtime = 17.526
eval_samples_per_second = 285.291
