eval_accuracy = 0.5785999894142151
eval_loss = 1.0141539573669434
eval_mae = 0.4822
eval_runtime = 17.2921
eval_samples_per_second = 289.15
