eval_accuracy = 0.5777999758720398
eval_loss = 1.017289400100708
eval_mae = 0.4844
eval_runtime = 17.6638
eval_samples_per_second = 283.065
