eval_accuracy = 0.46779999136924744
eval_loss = 1.2966516017913818
eval_mae = 0.6818
eval_runtime = 26.2984
eval_samples_per_second = 190.126
