eval_accuracy = 0.4747999906539917
eval_loss = 1.3405232429504395
eval_mae = 0.6946
eval_runtime = 15.945
eval_samples_per_second = 313.579
