eval_accuracy = 0.6069999933242798
eval_loss = 0.9499892592430115
eval_mae = 0.4496
eval_runtime = 18.7107
eval_samples_per_second = 267.227
