eval_accuracy = 0.4578000009059906
eval_loss = 1.366617202758789
eval_mae = 0.7318
eval_runtime = 17.4131
eval_samples_per_second = 287.139
