eval_accuracy = 0.5702000260353088
eval_loss = 0.9923275113105774
eval_mae = 0.5078
eval_runtime = 16.8734
eval_samples_per_second = 296.324
