eval_accuracy = 0.6205999851226807
eval_loss = 0.9460961222648621
eval_mae = 0.4298
eval_runtime = 17.3916
eval_samples_per_second = 287.496
