eval_accuracy = 0.579800009727478
eval_loss = 1.0179953575134277
eval_mae = 0.4816
eval_runtime = 17.609
eval_samples_per_second = 283.945
