eval_accuracy = 0.4634000062942505
eval_loss = 1.3453558683395386
eval_mae = 0.6946
eval_runtime = 32.3171
eval_samples_per_second = 154.717
