eval_accuracy = 0.5817999839782715
eval_loss = 0.9770809412002563
eval_mae = 0.4878
eval_runtime = 17.2896
eval_samples_per_second = 289.192
