eval_accuracy = 0.6208000183105469
eval_loss = 0.947784960269928
eval_mae = 0.4282
eval_runtime = 17.45
eval_samples_per_second = 286.533
