eval_accuracy = 0.5442000031471252
eval_loss = 1.0262848138809204
eval_mae = 0.5404
eval_runtime = 17.4335
eval_samples_per_second = 286.805
