eval_accuracy = 0.5807999968528748
eval_loss = 1.0188660621643066
eval_mae = 0.4952
eval_runtime = 21.0879
eval_samples_per_second = 237.102
