eval_accuracy = 0.4580000042915344
eval_loss = 1.3669023513793945
eval_mae = 0.7304
eval_runtime = 17.3338
eval_samples_per_second = 288.455
