eval_accuracy = 0.5690000057220459
eval_loss = 0.9914970993995667
eval_mae = 0.5098
eval_runtime = 15.9018
eval_samples_per_second = 314.431
