eval_accuracy = 0.48100000619888306
eval_loss = 1.3926897048950195
eval_mae = 0.6738
eval_runtime = 18.2637
eval_samples_per_second = 273.766
