eval_accuracy = 0.4975999891757965
eval_loss = 1.2375825643539429
eval_mae = 0.6466
eval_runtime = 22.6127
eval_samples_per_second = 221.115
