eval_accuracy = 0.4797999858856201
eval_loss = 1.3886831998825073
eval_mae = 0.6752
eval_runtime = 32.3678
eval_samples_per_second = 154.475
