eval_accuracy = 0.5806000232696533
eval_loss = 1.0186694860458374
eval_mae = 0.4942
eval_runtime = 23.5555
eval_samples_per_second = 212.265
