eval_accuracy = 0.557200014591217
eval_loss = 1.0797432661056519
eval_mae = 0.5644
eval_runtime = 26.0583
eval_samples_per_second = 191.878
