eval_accuracy = 0.5275999903678894
eval_loss = 1.0532938241958618
eval_mae = 0.569
eval_runtime = 16.9402
eval_samples_per_second = 295.156
