eval_accuracy = 0.5005999803543091
eval_loss = 1.220793604850769
eval_mae = 0.6382
eval_runtime = 19.693
eval_samples_per_second = 253.897
