eval_accuracy = 0.5924000144004822
eval_loss = 0.9479015469551086
eval_mae = 0.4698
eval_runtime = 20.8095
eval_samples_per_second = 240.275
