eval_accuracy = 0.5699999928474426
eval_loss = 1.0206269025802612
eval_mae = 0.5082
eval_runtime = 17.4155
eval_samples_per_second = 287.101
