eval_accuracy = 0.6212000250816345
eval_loss = 0.9509361386299133
eval_mae = 0.4286
eval_runtime = 17.4556
eval_samples_per_second = 286.441
