eval_accuracy = 0.475600004196167
eval_loss = 1.3447309732437134
eval_mae = 0.695
eval_runtime = 16.9686
eval_samples_per_second = 294.662
