eval_accuracy = 0.5558000206947327
eval_loss = 1.0801880359649658
eval_mae = 0.5658
eval_runtime = 27.1742
eval_samples_per_second = 183.998
