eval_accuracy = 0.5440000295639038
eval_loss = 1.0917150974273682
eval_mae = 0.5466
eval_runtime = 21.2035
eval_samples_per_second = 235.81
