eval_accuracy = 0.4397999942302704
eval_loss = 1.4427183866500854
eval_mae = 0.7292
eval_runtime = 19.5004
eval_samples_per_second = 256.404
