eval_accuracy = 0.6366000175476074
eval_loss = 0.8924083113670349
eval_mae = 0.4152
eval_runtime = 30.7708
eval_samples_per_second = 162.492
