eval_accuracy = 0.5044000148773193
eval_loss = 1.2411562204360962
eval_mae = 0.5908
eval_runtime = 27.1822
eval_samples_per_second = 183.944
