eval_accuracy = 0.5763999819755554
eval_loss = 1.0843021869659424
eval_mae = 0.5094
eval_runtime = 16.0271
eval_samples_per_second = 311.971
