eval_accuracy = 0.4991999864578247
eval_loss = 1.2434881925582886
eval_mae = 0.5968
eval_runtime = 24.6596
eval_samples_per_second = 202.761
