eval_accuracy = 0.5016000270843506
eval_loss = 1.2371909618377686
eval_mae = 0.5914
eval_runtime = 19.0987
eval_samples_per_second = 261.798
