eval_accuracy = 0.5730000138282776
eval_loss = 1.08529531955719
eval_mae = 0.5122
eval_runtime = 16.3859
eval_samples_per_second = 305.14
