eval_accuracy = 0.48260000348091125
eval_loss = 1.3525618314743042
eval_mae = 0.6718
eval_runtime = 21.5585
eval_samples_per_second = 231.927
