eval_accuracy = 0.5802000164985657
eval_loss = 1.0113446712493896
eval_mae = 0.4816
eval_runtime = 17.189
eval_samples_per_second = 290.883
