eval_accuracy = 0.503600001335144
eval_loss = 1.1738905906677246
eval_mae = 0.5912
eval_runtime = 17.3638
eval_samples_per_second = 287.956
