eval_accuracy = 0.5551999807357788
eval_loss = 1.0794620513916016
eval_mae = 0.5662
eval_runtime = 18.1717
eval_samples_per_second = 275.153
