eval_accuracy = 0.5785999894142151
eval_loss = 1.0175915956497192
eval_mae = 0.484
eval_runtime = 17.4941
eval_samples_per_second = 285.81
