eval_accuracy = 0.5569999814033508
eval_loss = 1.062468409538269
eval_mae = 0.5222
eval_runtime = 18.2834
eval_samples_per_second = 273.472
