eval_accuracy = 0.49720001220703125
eval_loss = 1.2385436296463013
eval_mae = 0.6468
eval_runtime = 17.7543
eval_samples_per_second = 281.621
