eval_accuracy = 0.5447999835014343
eval_loss = 1.0294175148010254
eval_mae = 0.5402
eval_runtime = 17.3398
eval_samples_per_second = 288.354
