eval_accuracy = 0.6363999843597412
eval_loss = 0.8895548582077026
eval_mae = 0.4146
eval_runtime = 20.485
eval_samples_per_second = 244.081
