eval_accuracy = 0.49959999322891235
eval_loss = 1.156365156173706
eval_mae = 0.5908
eval_runtime = 17.4346
eval_samples_per_second = 286.786
