eval_accuracy = 0.545799970626831
eval_loss = 1.029833436012268
eval_mae = 0.54
eval_runtime = 17.3718
eval_samples_per_second = 287.823
