eval_accuracy = 0.607200026512146
eval_loss = 0.94960618019104
eval_mae = 0.4482
eval_runtime = 20.7556
eval_samples_per_second = 240.899
