eval_accuracy = 0.5694000124931335
eval_loss = 0.9908357262611389
eval_mae = 0.5078
eval_runtime = 15.8662
eval_samples_per_second = 315.135
