eval_accuracy = 0.4973999857902527
eval_loss = 1.2390131950378418
eval_mae = 0.6474
eval_runtime = 23.2734
eval_samples_per_second = 214.838
