eval_accuracy = 0.550000011920929
eval_loss = 1.1466267108917236
eval_mae = 0.5802
eval_runtime = 16.823
eval_samples_per_second = 297.212
