eval_accuracy = 0.5598000288009644
eval_loss = 1.0468260049819946
eval_mae = 0.5084
eval_runtime = 18.116
eval_samples_per_second = 275.998
