eval_accuracy = 0.5898000001907349
eval_loss = 0.949874997138977
eval_mae = 0.464
eval_runtime = 17.2872
eval_samples_per_second = 289.231
