eval_accuracy = 0.5559999942779541
eval_loss = 1.062922477722168
eval_mae = 0.5232
eval_runtime = 18.3343
eval_samples_per_second = 272.713
