eval_accuracy = 0.46779999136924744
eval_loss = 1.303281307220459
eval_mae = 0.6818
eval_runtime = 18.7301
eval_samples_per_second = 266.95
