eval_accuracy = 0.5573999881744385
eval_loss = 1.0624380111694336
eval_mae = 0.521
eval_runtime = 18.38
eval_samples_per_second = 272.035
