eval_accuracy = 0.5001999735832214
eval_loss = 1.1798797845840454
eval_mae = 0.597
eval_runtime = 16.741
eval_samples_per_second = 298.668
