eval_accuracy = 0.4966000020503998
eval_loss = 1.2397634983062744
eval_mae = 0.6478
eval_runtime = 24.2186
eval_samples_per_second = 206.453
