eval_accuracy = 0.48399999737739563
eval_loss = 1.3514631986618042
eval_mae = 0.6706
eval_runtime = 20.6939
eval_samples_per_second = 241.617
