eval_accuracy = 0.4927999973297119
eval_loss = 1.2431950569152832
eval_mae = 0.651
eval_runtime = 18.177
eval_samples_per_second = 275.073
