eval_accuracy = 0.5486000180244446
eval_loss = 1.1475971937179565
eval_mae = 0.5824
eval_runtime = 16.7493
eval_samples_per_second = 298.519
