eval_accuracy = 0.43799999356269836
eval_loss = 1.458066463470459
eval_mae = 0.7304
eval_runtime = 20.6847
eval_samples_per_second = 241.725
