eval_accuracy = 0.5756000280380249
eval_loss = 1.006049633026123
eval_mae = 0.4956
eval_runtime = 16.5196
eval_samples_per_second = 302.67
