eval_accuracy = 0.5820000171661377
eval_loss = 0.9791210889816284
eval_mae = 0.4882
eval_runtime = 16.7183
eval_samples_per_second = 299.074
