eval_accuracy = 0.621399998664856
eval_loss = 0.9509214758872986
eval_mae = 0.4276
eval_runtime = 17.5576
eval_samples_per_second = 284.777
