eval_accuracy = 0.5640000104904175
eval_loss = 1.0134919881820679
eval_mae = 0.5086
eval_runtime = 16.3137
eval_samples_per_second = 306.491
