eval_accuracy = 0.4575999975204468
eval_loss = 1.3667335510253906
eval_mae = 0.7324
eval_runtime = 17.4509
eval_samples_per_second = 286.519
