eval_accuracy = 0.4975999891757965
eval_loss = 1.2389968633651733
eval_mae = 0.646
eval_runtime = 29.666
eval_samples_per_second = 168.543
