eval_accuracy = 0.4997999966144562
eval_loss = 1.2421456575393677
eval_mae = 0.5956
eval_runtime = 17.8961
eval_samples_per_second = 279.39
