eval_accuracy = 0.46720001101493835
eval_loss = 1.297653079032898
eval_mae = 0.6836
eval_runtime = 24.1288
eval_samples_per_second = 207.222
