eval_accuracy = 0.5590000152587891
eval_loss = 1.0478968620300293
eval_mae = 0.51
eval_runtime = 18.6038
eval_samples_per_second = 268.762
