eval_accuracy = 0.5266000032424927
eval_loss = 1.054287314414978
eval_mae = 0.5708
eval_runtime = 15.874
eval_samples_per_second = 314.98
