eval_accuracy = 0.46700000762939453
eval_loss = 1.3473808765411377
eval_mae = 0.6904
eval_runtime = 17.9141
eval_samples_per_second = 279.11
