eval_accuracy = 0.576200008392334
eval_loss = 1.0851316452026367
eval_mae = 0.5098
eval_runtime = 16.3523
eval_samples_per_second = 305.767
