eval_accuracy = 0.5753999948501587
eval_loss = 1.0058963298797607
eval_mae = 0.4962
eval_runtime = 17.2256
eval_samples_per_second = 290.266
