eval_accuracy = 0.5722000002861023
eval_loss = 1.0792481899261475
eval_mae = 0.5114
eval_runtime = 17.1031
eval_samples_per_second = 292.344
