eval_accuracy = 0.48500001430511475
eval_loss = 1.353050708770752
eval_mae = 0.6686
eval_runtime = 18.5775
eval_samples_per_second = 269.142
