eval_accuracy = 0.5257999897003174
eval_loss = 1.0538232326507568
eval_mae = 0.5712
eval_runtime = 16.1214
eval_samples_per_second = 310.147
