eval_accuracy = 0.5460000038146973
eval_loss = 1.0298596620559692
eval_mae = 0.5394
eval_runtime = 17.2911
eval_samples_per_second = 289.165
