eval_accuracy = 0.5009999871253967
eval_loss = 1.2293105125427246
eval_mae = 0.6022
eval_runtime = 18.0873
eval_samples_per_second = 276.437
