eval_accuracy = 0.5663999915122986
eval_loss = 1.014563798904419
eval_mae = 0.5062
eval_runtime = 16.9865
eval_samples_per_second = 294.351
