eval_accuracy = 0.4957999885082245
eval_loss = 1.2640526294708252
eval_mae = 0.6028
eval_runtime = 19.0791
eval_samples_per_second = 262.066
