eval_accuracy = 0.5063999891281128
eval_loss = 1.227408528327942
eval_mae = 0.6214
eval_runtime = 19.0982
eval_samples_per_second = 261.804
