eval_accuracy = 0.4690000116825104
eval_loss = 1.340147614479065
eval_mae = 0.6876
eval_runtime = 19.0421
eval_samples_per_second = 262.576
