eval_accuracy = 0.4765999913215637
eval_loss = 1.3904502391815186
eval_mae = 0.6818
eval_runtime = 19.9965
eval_samples_per_second = 250.043
