eval_accuracy = 0.5565999746322632
eval_loss = 1.0247710943222046
eval_mae = 0.5346
eval_runtime = 17.2657
eval_samples_per_second = 289.592
