eval_accuracy = 0.503000020980835
eval_loss = 1.2169976234436035
eval_mae = 0.6382
eval_runtime = 17.9132
eval_samples_per_second = 279.123
