eval_accuracy = 0.5595999956130981
eval_loss = 1.063011884689331
eval_mae = 0.5206
eval_runtime = 18.0784
eval_samples_per_second = 276.573
