eval_accuracy = 0.5565999746322632
eval_loss = 1.0623164176940918
eval_mae = 0.5232
eval_runtime = 18.3404
eval_samples_per_second = 272.622
