eval_accuracy = 0.4575999975204468
eval_loss = 1.367366909980774
eval_mae = 0.732
eval_runtime = 17.7285
eval_samples_per_second = 282.033
