eval_accuracy = 0.5609999895095825
eval_loss = 1.0125833749771118
eval_mae = 0.511
eval_runtime = 16.4789
eval_samples_per_second = 303.418
