eval_accuracy = 0.4674000144004822
eval_loss = 1.3399505615234375
eval_mae = 0.6892
eval_runtime = 32.7118
eval_samples_per_second = 152.85
