eval_accuracy = 0.4763999879360199
eval_loss = 1.3402398824691772
eval_mae = 0.6924
eval_runtime = 16.8715
eval_samples_per_second = 296.358
