eval_accuracy = 0.5564000010490417
eval_loss = 1.0806677341461182
eval_mae = 0.5648
eval_runtime = 27.7024
eval_samples_per_second = 180.49
