eval_accuracy = 0.5022000074386597
eval_loss = 1.1773205995559692
eval_mae = 0.593
eval_runtime = 17.5478
eval_samples_per_second = 284.936
