eval_accuracy = 0.49880000948905945
eval_loss = 1.2280141115188599
eval_mae = 0.6048
eval_runtime = 18.3846
eval_samples_per_second = 271.966
