eval_accuracy = 0.5934000015258789
eval_loss = 0.9484753608703613
eval_mae = 0.4692
eval_runtime = 19.8936
eval_samples_per_second = 251.337
