eval_accuracy = 0.5486000180244446
eval_loss = 1.1458613872528076
eval_mae = 0.582
eval_runtime = 17.3819
eval_samples_per_second = 287.656
