eval_accuracy = 0.6015999913215637
eval_loss = 0.9355738162994385
eval_mae = 0.453
eval_runtime = 17.0981
eval_samples_per_second = 292.429
