eval_accuracy = 0.6047999858856201
eval_loss = 0.9463526606559753
eval_mae = 0.4584
eval_runtime = 16.6506
eval_samples_per_second = 300.289
