eval_accuracy = 0.5622000098228455
eval_loss = 1.0456159114837646
eval_mae = 0.5072
eval_runtime = 21.1502
eval_samples_per_second = 236.405
