eval_accuracy = 0.6373999714851379
eval_loss = 0.8906197547912598
eval_mae = 0.4136
eval_runtime = 22.848
eval_samples_per_second = 218.837
