eval_accuracy = 0.5493999719619751
eval_loss = 1.1477123498916626
eval_mae = 0.5812
eval_runtime = 17.3633
eval_samples_per_second = 287.964
