eval_accuracy = 0.5985999703407288
eval_loss = 0.955723226070404
eval_mae = 0.465
eval_runtime = 17.4571
eval_samples_per_second = 286.416
