eval_accuracy = 0.46799999475479126
eval_loss = 1.3390238285064697
eval_mae = 0.6886
eval_runtime = 33.0237
eval_samples_per_second = 151.406
