eval_accuracy = 0.5479999780654907
eval_loss = 1.0863208770751953
eval_mae = 0.5408
eval_runtime = 22.2224
eval_samples_per_second = 224.999
