eval_accuracy = 0.5925999879837036
eval_loss = 1.0046168565750122
eval_mae = 0.469
eval_runtime = 17.0968
eval_samples_per_second = 292.453
