eval_accuracy = 0.5699999928474426
eval_loss = 1.0207476615905762
eval_mae = 0.5094
eval_runtime = 17.5557
eval_samples_per_second = 284.807
