eval_accuracy = 0.6377999782562256
eval_loss = 0.8854845762252808
eval_mae = 0.413
eval_runtime = 23.1757
eval_samples_per_second = 215.743
