eval_accuracy = 0.5478000044822693
eval_loss = 1.0859140157699585
eval_mae = 0.541
eval_runtime = 21.3945
eval_samples_per_second = 233.705
