eval_accuracy = 0.5938000082969666
eval_loss = 1.006601333618164
eval_mae = 0.4674
eval_runtime = 17.2537
eval_samples_per_second = 289.793
