eval_accuracy = 0.6000000238418579
eval_loss = 0.9356666803359985
eval_mae = 0.4544
eval_runtime = 17.3685
eval_samples_per_second = 287.878
