eval_accuracy = 0.5708000063896179
eval_loss = 0.9900687336921692
eval_mae = 0.5072
eval_runtime = 16.8765
eval_samples_per_second = 296.27
