eval_accuracy = 0.4399999976158142
eval_loss = 1.443039059638977
eval_mae = 0.729
eval_runtime = 28.9615
eval_samples_per_second = 172.643
