eval_accuracy = 0.6001999974250793
eval_loss = 0.9557256102561951
eval_mae = 0.463
eval_runtime = 17.3448
eval_samples_per_second = 288.271
