eval_accuracy = 0.5748000144958496
eval_loss = 1.0851621627807617
eval_mae = 0.5116
eval_runtime = 17.0588
eval_samples_per_second = 293.104
