eval_accuracy = 0.4575999975204468
eval_loss = 1.3661669492721558
eval_mae = 0.7314
eval_runtime = 17.3229
eval_samples_per_second = 288.636
