eval_accuracy = 0.48399999737739563
eval_loss = 1.3522062301635742
eval_mae = 0.6704
eval_runtime = 18.7034
eval_samples_per_second = 267.331
