eval_accuracy = 0.5943999886512756
eval_loss = 0.9610320329666138
eval_mae = 0.482
eval_runtime = 16.3779
eval_samples_per_second = 305.29
