eval_accuracy = 0.5745999813079834
eval_loss = 1.0850635766983032
eval_mae = 0.5116
eval_runtime = 16.9298
eval_samples_per_second = 295.338
