eval_accuracy = 0.48240000009536743
eval_loss = 1.352702021598816
eval_mae = 0.6722
eval_runtime = 17.7879
eval_samples_per_second = 281.09
