eval_accuracy = 0.5587999820709229
eval_loss = 1.0802356004714966
eval_mae = 0.531
eval_runtime = 17.9252
eval_samples_per_second = 278.937
