eval_accuracy = 0.5813999772071838
eval_loss = 1.0183409452438354
eval_mae = 0.4816
eval_runtime = 17.5234
eval_samples_per_second = 285.333
