eval_accuracy = 0.5943999886512756
eval_loss = 0.9610332250595093
eval_mae = 0.4836
eval_runtime = 17.4162
eval_samples_per_second = 287.089
