eval_accuracy = 0.5802000164985657
eval_loss = 1.0113353729248047
eval_mae = 0.482
eval_runtime = 17.4031
eval_samples_per_second = 287.304
