eval_accuracy = 0.5929999947547913
eval_loss = 0.9496198296546936
eval_mae = 0.4612
eval_runtime = 16.5449
eval_samples_per_second = 302.208
