eval_accuracy = 0.6358000040054321
eval_loss = 0.8905524611473083
eval_mae = 0.414
eval_runtime = 27.8012
eval_samples_per_second = 179.848
