eval_accuracy = 0.6015999913215637
eval_loss = 0.9361026287078857
eval_mae = 0.4522
eval_runtime = 17.0086
eval_samples_per_second = 293.969
