eval_accuracy = 0.6068000197410583
eval_loss = 0.9502312541007996
eval_mae = 0.45
eval_runtime = 19.3308
eval_samples_per_second = 258.655
