eval_accuracy = 0.4970000088214874
eval_loss = 1.2390589714050293
eval_mae = 0.648
eval_runtime = 21.3918
eval_samples_per_second = 233.734
