eval_accuracy = 0.5562000274658203
eval_loss = 1.0802810192108154
eval_mae = 0.5652
eval_runtime = 25.4337
eval_samples_per_second = 196.59
