eval_accuracy = 0.506600022315979
eval_loss = 1.2287594079971313
eval_mae = 0.6208
eval_runtime = 29.6911
eval_samples_per_second = 168.4
