eval_accuracy = 0.5314000248908997
eval_loss = 1.0497575998306274
eval_mae = 0.5622
eval_runtime = 16.9089
eval_samples_per_second = 295.702
