eval_accuracy = 0.4997999966144562
eval_loss = 1.2422133684158325
eval_mae = 0.5958
eval_runtime = 19.6129
eval_samples_per_second = 254.934
