eval_accuracy = 0.5297999978065491
eval_loss = 1.0505291223526
eval_mae = 0.5652
eval_runtime = 16.2895
eval_samples_per_second = 306.946
