eval_accuracy = 0.5616000294685364
eval_loss = 1.045419692993164
eval_mae = 0.5072
eval_runtime = 18.5272
eval_samples_per_second = 269.874
