eval_accuracy = 0.5582000017166138
eval_loss = 1.0782872438430786
eval_mae = 0.5318
eval_runtime = 21.3167
eval_samples_per_second = 234.558
