eval_accuracy = 0.5598000288009644
eval_loss = 1.0786545276641846
eval_mae = 0.5294
eval_runtime = 17.9426
eval_samples_per_second = 278.667
