eval_accuracy = 0.621399998664856
eval_loss = 0.9509308338165283
eval_mae = 0.4284
eval_runtime = 17.3985
eval_samples_per_second = 287.381
