eval_accuracy = 0.46779999136924744
eval_loss = 1.339017629623413
eval_mae = 0.689
eval_runtime = 19.4647
eval_samples_per_second = 256.875
