eval_accuracy = 0.4392000138759613
eval_loss = 1.4432131052017212
eval_mae = 0.7298
eval_runtime = 35.8468
eval_samples_per_second = 139.483
