eval_accuracy = 0.5619999766349792
eval_loss = 1.0464324951171875
eval_mae = 0.5086
eval_runtime = 19.1949
eval_samples_per_second = 260.486
