eval_accuracy = 0.4675999879837036
eval_loss = 1.3392201662063599
eval_mae = 0.689
eval_runtime = 32.0593
eval_samples_per_second = 155.961
