eval_accuracy = 0.4952000081539154
eval_loss = 1.226529598236084
eval_mae = 0.645
eval_runtime = 18.8976
eval_samples_per_second = 264.584
