eval_accuracy = 0.5705999732017517
eval_loss = 1.019832968711853
eval_mae = 0.5072
eval_runtime = 17.26
eval_samples_per_second = 289.687
