eval_accuracy = 0.4749999940395355
eval_loss = 1.3446217775344849
eval_mae = 0.694
eval_runtime = 16.9474
eval_samples_per_second = 295.031
