eval_accuracy = 0.5673999786376953
eval_loss = 1.0233978033065796
eval_mae = 0.5118
eval_runtime = 16.3161
eval_samples_per_second = 306.445
