eval_accuracy = 0.6018000245094299
eval_loss = 0.9360042810440063
eval_mae = 0.454
eval_runtime = 16.4252
eval_samples_per_second = 304.411
