eval_accuracy = 0.5935999751091003
eval_loss = 1.0066217184066772
eval_mae = 0.4678
eval_runtime = 17.3054
eval_samples_per_second = 288.927
