eval_accuracy = 0.48339998722076416
eval_loss = 1.3510515689849854
eval_mae = 0.669
eval_runtime = 18.0949
eval_samples_per_second = 276.321
