eval_accuracy = 0.5745999813079834
eval_loss = 1.0060665607452393
eval_mae = 0.4968
eval_runtime = 16.562
eval_samples_per_second = 301.895
