eval_accuracy = 0.5490000247955322
eval_loss = 1.1474422216415405
eval_mae = 0.5822
eval_runtime = 16.3996
eval_samples_per_second = 304.885
