eval_accuracy = 0.43560001254081726
eval_loss = 1.4576566219329834
eval_mae = 0.7386
eval_runtime = 23.4412
eval_samples_per_second = 213.3
