eval_accuracy = 0.5892000198364258
eval_loss = 0.9488875269889832
eval_mae = 0.4644
eval_runtime = 16.3669
eval_samples_per_second = 305.495
