eval_accuracy = 0.5016000270843506
eval_loss = 1.2417173385620117
eval_mae = 0.5946
eval_runtime = 18.7486
eval_samples_per_second = 266.686
