eval_accuracy = 0.5925999879837036
eval_loss = 0.9613742232322693
eval_mae = 0.4832
eval_runtime = 16.7197
eval_samples_per_second = 299.049
