eval_accuracy = 0.6208000183105469
eval_loss = 0.9509180784225464
eval_mae = 0.4282
eval_runtime = 17.3919
eval_samples_per_second = 287.49
