eval_accuracy = 0.5964000225067139
eval_loss = 0.9433158040046692
eval_mae = 0.4638
eval_runtime = 18.7022
eval_samples_per_second = 267.349
