eval_accuracy = 0.5564000010490417
eval_loss = 1.0802290439605713
eval_mae = 0.565
eval_runtime = 22.5825
eval_samples_per_second = 221.411
