eval_accuracy = 0.43959999084472656
eval_loss = 1.4430981874465942
eval_mae = 0.7294
eval_runtime = 20.469
eval_samples_per_second = 244.272
