eval_accuracy = 0.5577999949455261
eval_loss = 1.0785362720489502
eval_mae = 0.5316
eval_runtime = 18.7038
eval_samples_per_second = 267.326
