eval_accuracy = 0.5537999868392944
eval_loss = 1.0238263607025146
eval_mae = 0.5368
eval_runtime = 17.4359
eval_samples_per_second = 286.765
