eval_accuracy = 0.6208000183105469
eval_loss = 0.9507763385772705
eval_mae = 0.4284
eval_runtime = 17.4005
eval_samples_per_second = 287.348
