eval_accuracy = 0.6200000047683716
eval_loss = 0.951302170753479
eval_mae = 0.4288
eval_runtime = 17.4062
eval_samples_per_second = 287.254
