eval_accuracy = 0.5270000100135803
eval_loss = 1.05367910861969
eval_mae = 0.5704
eval_runtime = 16.2575
eval_samples_per_second = 307.551
