eval_accuracy = 0.49900001287460327
eval_loss = 1.1772884130477905
eval_mae = 0.5956
eval_runtime = 17.6679
eval_samples_per_second = 283.0
