eval_accuracy = 0.4832000136375427
eval_loss = 1.3526052236557007
eval_mae = 0.6704
eval_runtime = 19.0095
eval_samples_per_second = 263.027
