eval_accuracy = 0.5702000260353088
eval_loss = 1.0215462446212769
eval_mae = 0.5074
eval_runtime = 16.5861
eval_samples_per_second = 301.458
