eval_accuracy = 0.5997999906539917
eval_loss = 0.954962968826294
eval_mae = 0.463
eval_runtime = 17.3843
eval_samples_per_second = 287.616
