eval_accuracy = 0.5583999752998352
eval_loss = 1.076779842376709
eval_mae = 0.53
eval_runtime = 33.6452
eval_samples_per_second = 148.61
