eval_accuracy = 0.5582000017166138
eval_loss = 1.07878577709198
eval_mae = 0.5314
eval_runtime = 21.5053
eval_samples_per_second = 232.501
