eval_accuracy = 0.6065999865531921
eval_loss = 0.9499785304069519
eval_mae = 0.4492
eval_runtime = 18.5352
eval_samples_per_second = 269.757
