eval_accuracy = 0.576200008392334
eval_loss = 1.0058447122573853
eval_mae = 0.4942
eval_runtime = 17.3155
eval_samples_per_second = 288.758
