eval_accuracy = 0.6015999913215637
eval_loss = 0.9357439279556274
eval_mae = 0.4552
eval_runtime = 16.4775
eval_samples_per_second = 303.443
