eval_accuracy = 0.5902000069618225
eval_loss = 0.9485626816749573
eval_mae = 0.4634
eval_runtime = 16.6374
eval_samples_per_second = 300.528
