eval_accuracy = 0.599399983882904
eval_loss = 0.9549300670623779
eval_mae = 0.464
eval_runtime = 17.4022
eval_samples_per_second = 287.32
