eval_accuracy = 0.5609999895095825
eval_loss = 1.0450388193130493
eval_mae = 0.5082
eval_runtime = 18.8248
eval_samples_per_second = 265.607
