eval_accuracy = 0.6363999843597412
eval_loss = 0.8896121382713318
eval_mae = 0.4146
eval_runtime = 29.0482
eval_samples_per_second = 172.128
