eval_accuracy = 0.5019999742507935
eval_loss = 1.1772480010986328
eval_mae = 0.5932
eval_runtime = 16.7389
eval_samples_per_second = 298.705
