eval_accuracy = 0.550599992275238
eval_loss = 1.1472347974777222
eval_mae = 0.5794
eval_runtime = 17.44
eval_samples_per_second = 286.698
