eval_accuracy = 0.4975999891757965
eval_loss = 1.2287222146987915
eval_mae = 0.6066
eval_runtime = 18.4761
eval_samples_per_second = 270.62
