eval_accuracy = 0.5062000155448914
eval_loss = 1.2288858890533447
eval_mae = 0.6212
eval_runtime = 22.8387
eval_samples_per_second = 218.926
