eval_accuracy = 0.5271999835968018
eval_loss = 1.0534930229187012
eval_mae = 0.57
eval_runtime = 16.2986
eval_samples_per_second = 306.774
