eval_accuracy = 0.5613999962806702
eval_loss = 1.0451792478561401
eval_mae = 0.508
eval_runtime = 19.6554
eval_samples_per_second = 254.383
