eval_accuracy = 0.5681999921798706
eval_loss = 1.0117478370666504
eval_mae = 0.5026
eval_runtime = 16.5225
eval_samples_per_second = 302.618
