eval_accuracy = 0.5932000279426575
eval_loss = 1.0073201656341553
eval_mae = 0.4684
eval_runtime = 17.4214
eval_samples_per_second = 287.004
