eval_accuracy = 0.4832000136375427
eval_loss = 1.3521370887756348
eval_mae = 0.671
eval_runtime = 21.8288
eval_samples_per_second = 229.055
