eval_accuracy = 0.5558000206947327
eval_loss = 1.0248552560806274
eval_mae = 0.5348
eval_runtime = 17.2559
eval_samples_per_second = 289.755
