eval_accuracy = 0.5708000063896179
eval_loss = 1.02290940284729
eval_mae = 0.506
eval_runtime = 17.3031
eval_samples_per_second = 288.965
