eval_accuracy = 0.5022000074386597
eval_loss = 1.1769357919692993
eval_mae = 0.5922
eval_runtime = 17.4219
eval_samples_per_second = 286.995
