eval_accuracy = 0.46779999136924744
eval_loss = 1.2965469360351562
eval_mae = 0.682
eval_runtime = 28.5302
eval_samples_per_second = 175.253
