eval_accuracy = 0.5654000043869019
eval_loss = 0.9965530037879944
eval_mae = 0.5092
eval_runtime = 17.0222
eval_samples_per_second = 293.733
