eval_accuracy = 0.5450000166893005
eval_loss = 1.0303983688354492
eval_mae = 0.5406
eval_runtime = 16.8714
eval_samples_per_second = 296.36
