eval_accuracy = 0.5008000135421753
eval_loss = 1.1543978452682495
eval_mae = 0.5894
eval_runtime = 16.7936
eval_samples_per_second = 297.732
