eval_accuracy = 0.5722000002861023
eval_loss = 0.9901260733604431
eval_mae = 0.506
eval_runtime = 16.8692
eval_samples_per_second = 296.398
