eval_accuracy = 0.48159998655319214
eval_loss = 1.3918499946594238
eval_mae = 0.673
eval_runtime = 34.5594
eval_samples_per_second = 144.679
