eval_accuracy = 0.6212000250816345
eval_loss = 0.95111483335495
eval_mae = 0.4282
eval_runtime = 17.6228
eval_samples_per_second = 283.724
