eval_accuracy = 0.5723999738693237
eval_loss = 0.9897564649581909
eval_mae = 0.5062
eval_runtime = 16.2518
eval_samples_per_second = 307.658
