eval_accuracy = 0.47519999742507935
eval_loss = 1.342501163482666
eval_mae = 0.694
eval_runtime = 16.9672
eval_samples_per_second = 294.687
