eval_accuracy = 0.5659999847412109
eval_loss = 1.0138802528381348
eval_mae = 0.5058
eval_runtime = 16.9694
eval_samples_per_second = 294.648
