eval_accuracy = 0.5012000203132629
eval_loss = 1.2411977052688599
eval_mae = 0.5952
eval_runtime = 18.6258
eval_samples_per_second = 268.444
