eval_accuracy = 0.4997999966144562
eval_loss = 1.228211522102356
eval_mae = 0.6034
eval_runtime = 18.4953
eval_samples_per_second = 270.338
