eval_accuracy = 0.5771999955177307
eval_loss = 1.0055984258651733
eval_mae = 0.4942
eval_runtime = 18.0349
eval_samples_per_second = 277.24
