eval_accuracy = 0.546999990940094
eval_loss = 1.0258138179779053
eval_mae = 0.5406
eval_runtime = 16.6416
eval_samples_per_second = 300.452
