eval_accuracy = 0.5925999879837036
eval_loss = 0.9479573965072632
eval_mae = 0.4694
eval_runtime = 18.9773
eval_samples_per_second = 263.472
