eval_accuracy = 0.47380000352859497
eval_loss = 1.349097728729248
eval_mae = 0.6888
eval_runtime = 17.2864
eval_samples_per_second = 289.245
