eval_accuracy = 0.6039999723434448
eval_loss = 0.9454951882362366
eval_mae = 0.457
eval_runtime = 17.3782
eval_samples_per_second = 287.717
