eval_accuracy = 0.5041999816894531
eval_loss = 1.240834355354309
eval_mae = 0.5898
eval_runtime = 19.0639
eval_samples_per_second = 262.275
