eval_accuracy = 0.4392000138759613
eval_loss = 1.442476749420166
eval_mae = 0.7294
eval_runtime = 18.8334
eval_samples_per_second = 265.486
