eval_accuracy = 0.5275999903678894
eval_loss = 1.0536103248596191
eval_mae = 0.5688
eval_runtime = 16.3022
eval_samples_per_second = 306.706
