eval_accuracy = 0.4975999891757965
eval_loss = 1.223313331604004
eval_mae = 0.6436
eval_runtime = 17.9013
eval_samples_per_second = 279.309
