eval_accuracy = 0.5583999752998352
eval_loss = 1.0628198385238647
eval_mae = 0.5198
eval_runtime = 18.3353
eval_samples_per_second = 272.698
