eval_accuracy = 0.5924000144004822
eval_loss = 0.9608228802680969
eval_mae = 0.4838
eval_runtime = 17.5969
eval_samples_per_second = 284.142
