eval_accuracy = 0.5911999940872192
eval_loss = 0.9472489953041077
eval_mae = 0.4706
eval_runtime = 20.1287
eval_samples_per_second = 248.401
