eval_accuracy = 0.48240000009536743
eval_loss = 1.354087471961975
eval_mae = 0.6716
eval_runtime = 18.6156
eval_samples_per_second = 268.591
