eval_accuracy = 0.5478000044822693
eval_loss = 1.0860681533813477
eval_mae = 0.5412
eval_runtime = 31.5524
eval_samples_per_second = 158.467
