eval_accuracy = 0.5012000203132629
eval_loss = 1.1530424356460571
eval_mae = 0.589
eval_runtime = 17.3017
eval_samples_per_second = 288.988
