eval_accuracy = 0.5784000158309937
eval_loss = 1.0176218748092651
eval_mae = 0.484
eval_runtime = 16.9425
eval_samples_per_second = 295.116
