eval_accuracy = 0.4397999942302704
eval_loss = 1.4405661821365356
eval_mae = 0.7266
eval_runtime = 35.1797
eval_samples_per_second = 142.128
