eval_accuracy = 0.5472000241279602
eval_loss = 1.0863713026046753
eval_mae = 0.542
eval_runtime = 26.3058
eval_samples_per_second = 190.072
