eval_accuracy = 0.47839999198913574
eval_loss = 1.3933771848678589
eval_mae = 0.6786
eval_runtime = 20.0301
eval_samples_per_second = 249.625
