eval_accuracy = 0.5745999813079834
eval_loss = 1.0064353942871094
eval_mae = 0.4984
eval_runtime = 17.1919
eval_samples_per_second = 290.835
