eval_accuracy = 0.5067999958992004
eval_loss = 1.2288949489593506
eval_mae = 0.6212
eval_runtime = 18.974
eval_samples_per_second = 263.519
