eval_accuracy = 0.5982000231742859
eval_loss = 0.9546936750411987
eval_mae = 0.4644
eval_runtime = 16.6182
eval_samples_per_second = 300.874
