eval_accuracy = 0.5465999841690063
eval_loss = 1.0300536155700684
eval_mae = 0.538
eval_runtime = 16.3466
eval_samples_per_second = 305.874
