eval_accuracy = 0.483599990606308
eval_loss = 1.3521932363510132
eval_mae = 0.6704
eval_runtime = 17.959
eval_samples_per_second = 278.412
