eval_accuracy = 0.4729999899864197
eval_loss = 1.3479422330856323
eval_mae = 0.69
eval_runtime = 16.6653
eval_samples_per_second = 300.025
