eval_accuracy = 0.5655999779701233
eval_loss = 1.015506386756897
eval_mae = 0.5066
eval_runtime = 16.9993
eval_samples_per_second = 294.129
