eval_accuracy = 0.5928000211715698
eval_loss = 0.9478602409362793
eval_mae = 0.4698
eval_runtime = 20.3138
eval_samples_per_second = 246.138
