eval_accuracy = 0.43939998745918274
eval_loss = 1.4436691999435425
eval_mae = 0.7302
eval_runtime = 19.1858
eval_samples_per_second = 260.61
