eval_accuracy = 0.48840001225471497
eval_loss = 1.3413703441619873
eval_mae = 0.6678
eval_runtime = 19.5244
eval_samples_per_second = 256.09
