eval_accuracy = 0.46779999136924744
eval_loss = 1.3382213115692139
eval_mae = 0.689
eval_runtime = 19.9507
eval_samples_per_second = 250.618
