eval_accuracy = 0.5437999963760376
eval_loss = 1.030341625213623
eval_mae = 0.5402
eval_runtime = 17.3994
eval_samples_per_second = 287.366
