eval_accuracy = 0.5559999942779541
eval_loss = 1.0821621417999268
eval_mae = 0.5666
eval_runtime = 19.5212
eval_samples_per_second = 256.132
