eval_accuracy = 0.5648000240325928
eval_loss = 1.0145647525787354
eval_mae = 0.5072
eval_runtime = 16.3837
eval_samples_per_second = 305.181
