eval_accuracy = 0.49880000948905945
eval_loss = 1.2288103103637695
eval_mae = 0.6044
eval_runtime = 18.4534
eval_samples_per_second = 270.953
