eval_accuracy = 0.59579998254776
eval_loss = 1.0077571868896484
eval_mae = 0.4642
eval_runtime = 17.2555
eval_samples_per_second = 289.763
