eval_accuracy = 0.5544000267982483
eval_loss = 1.0244359970092773
eval_mae = 0.5362
eval_runtime = 17.164
eval_samples_per_second = 291.308
