eval_accuracy = 0.47760000824928284
eval_loss = 1.3376046419143677
eval_mae = 0.692
eval_runtime = 16.9151
eval_samples_per_second = 295.594
