eval_accuracy = 0.5753999948501587
eval_loss = 1.0063129663467407
eval_mae = 0.4956
eval_runtime = 17.4259
eval_samples_per_second = 286.929
