eval_accuracy = 0.5284000039100647
eval_loss = 1.0524646043777466
eval_mae = 0.5684
eval_runtime = 16.9236
eval_samples_per_second = 295.446
