eval_accuracy = 0.5267999768257141
eval_loss = 1.0538722276687622
eval_mae = 0.5708
eval_runtime = 16.9136
eval_samples_per_second = 295.62
