eval_accuracy = 0.545799970626831
eval_loss = 1.0300222635269165
eval_mae = 0.5392
eval_runtime = 16.7116
eval_samples_per_second = 299.193
