eval_accuracy = 0.6050000190734863
eval_loss = 0.9461842775344849
eval_mae = 0.4568
eval_runtime = 17.3293
eval_samples_per_second = 288.529
