eval_accuracy = 0.5756000280380249
eval_loss = 1.0844184160232544
eval_mae = 0.5102
eval_runtime = 16.0552
eval_samples_per_second = 311.426
