eval_accuracy = 0.46779999136924744
eval_loss = 1.3392478227615356
eval_mae = 0.689
eval_runtime = 19.2581
eval_samples_per_second = 259.631
