eval_accuracy = 0.47780001163482666
eval_loss = 1.343992829322815
eval_mae = 0.6918
eval_runtime = 16.3958
eval_samples_per_second = 304.955
