eval_accuracy = 0.4970000088214874
eval_loss = 1.238190770149231
eval_mae = 0.6472
eval_runtime = 27.6775
eval_samples_per_second = 180.652
