eval_accuracy = 0.5898000001907349
eval_loss = 0.9489591717720032
eval_mae = 0.4634
eval_runtime = 17.3152
eval_samples_per_second = 288.763
