eval_accuracy = 0.5802000164985657
eval_loss = 0.9785540103912354
eval_mae = 0.4898
eval_runtime = 16.6978
eval_samples_per_second = 299.44
