eval_accuracy = 0.5824000239372253
eval_loss = 0.9788603782653809
eval_mae = 0.4882
eval_runtime = 17.4606
eval_samples_per_second = 286.359
