eval_accuracy = 0.5493999719619751
eval_loss = 1.1478517055511475
eval_mae = 0.5816
eval_runtime = 16.9207
eval_samples_per_second = 295.496
