eval_accuracy = 0.5806000232696533
eval_loss = 1.0117454528808594
eval_mae = 0.4814
eval_runtime = 17.4566
eval_samples_per_second = 286.425
