eval_accuracy = 0.5482000112533569
eval_loss = 1.0863736867904663
eval_mae = 0.5412
eval_runtime = 20.8788
eval_samples_per_second = 239.477
