eval_accuracy = 0.5712000131607056
eval_loss = 0.987389862537384
eval_mae = 0.508
eval_runtime = 16.9874
eval_samples_per_second = 294.336
