eval_accuracy = 0.5031999945640564
eval_loss = 1.1756370067596436
eval_mae = 0.591
eval_runtime = 17.3429
eval_samples_per_second = 288.302
