eval_accuracy = 0.5910000205039978
eval_loss = 0.9487676024436951
eval_mae = 0.463
eval_runtime = 17.3135
eval_samples_per_second = 288.792
