eval_accuracy = 0.5297999978065491
eval_loss = 1.0528628826141357
eval_mae = 0.57
eval_runtime = 16.3267
eval_samples_per_second = 306.247
