eval_accuracy = 0.5788000226020813
eval_loss = 1.0135583877563477
eval_mae = 0.4812
eval_runtime = 16.9362
eval_samples_per_second = 295.226
