eval_accuracy = 0.4997999966144562
eval_loss = 1.2279618978500366
eval_mae = 0.6038
eval_runtime = 18.3984
eval_samples_per_second = 271.763
