eval_accuracy = 0.5537999868392944
eval_loss = 1.079035758972168
eval_mae = 0.5354
eval_runtime = 20.7246
eval_samples_per_second = 241.259
