eval_accuracy = 0.46639999747276306
eval_loss = 1.3434312343597412
eval_mae = 0.6908
eval_runtime = 18.3201
eval_samples_per_second = 272.924
