eval_accuracy = 0.5613999962806702
eval_loss = 1.0614222288131714
eval_mae = 0.519
eval_runtime = 18.3809
eval_samples_per_second = 272.022
