eval_accuracy = 0.6065999865531921
eval_loss = 0.9495165944099426
eval_mae = 0.4492
eval_runtime = 22.6146
eval_samples_per_second = 221.096
