eval_accuracy = 0.4828000068664551
eval_loss = 1.3522729873657227
eval_mae = 0.6712
eval_runtime = 17.6951
eval_samples_per_second = 282.563
