eval_accuracy = 0.44119998812675476
eval_loss = 1.439772129058838
eval_mae = 0.7264
eval_runtime = 25.476
eval_samples_per_second = 196.263
