eval_accuracy = 0.47600001096725464
eval_loss = 1.3442715406417847
eval_mae = 0.6934
eval_runtime = 16.965
eval_samples_per_second = 294.725
