eval_accuracy = 0.5004000067710876
eval_loss = 1.2256412506103516
eval_mae = 0.6026
eval_runtime = 18.3705
eval_samples_per_second = 272.175
