eval_accuracy = 0.6204000115394592
eval_loss = 0.9512676000595093
eval_mae = 0.4294
eval_runtime = 17.412
eval_samples_per_second = 287.159
