eval_accuracy = 0.5062000155448914
eval_loss = 1.2290714979171753
eval_mae = 0.6216
eval_runtime = 23.1361
eval_samples_per_second = 216.112
