eval_accuracy = 0.45820000767707825
eval_loss = 1.3660763502120972
eval_mae = 0.732
eval_runtime = 16.6441
eval_samples_per_second = 300.406
