eval_accuracy = 0.5608000159263611
eval_loss = 1.0445412397384644
eval_mae = 0.5088
eval_runtime = 18.502
eval_samples_per_second = 270.241
