eval_accuracy = 0.6068000197410583
eval_loss = 0.9501922726631165
eval_mae = 0.4494
eval_runtime = 18.7164
eval_samples_per_second = 267.145
