eval_accuracy = 0.5928000211715698
eval_loss = 0.9608091711997986
eval_mae = 0.4838
eval_runtime = 17.5559
eval_samples_per_second = 284.805
