eval_accuracy = 0.5490000247955322
eval_loss = 1.085663080215454
eval_mae = 0.5394
eval_runtime = 24.1144
eval_samples_per_second = 207.345
