eval_accuracy = 0.5446000099182129
eval_loss = 1.0303093194961548
eval_mae = 0.5402
eval_runtime = 17.9006
eval_samples_per_second = 279.32
