eval_accuracy = 0.602400004863739
eval_loss = 0.9349345564842224
eval_mae = 0.4532
eval_runtime = 17.1208
eval_samples_per_second = 292.042
