eval_accuracy = 0.4803999960422516
eval_loss = 1.3924270868301392
eval_mae = 0.6742
eval_runtime = 35.1385
eval_samples_per_second = 142.294
