eval_accuracy = 0.47519999742507935
eval_loss = 1.3406407833099365
eval_mae = 0.6922
eval_runtime = 16.9952
eval_samples_per_second = 294.2
