eval_accuracy = 0.5070000290870667
eval_loss = 1.2299261093139648
eval_mae = 0.6212
eval_runtime = 18.9929
eval_samples_per_second = 263.257
