eval_accuracy = 0.5004000067710876
eval_loss = 1.157363772392273
eval_mae = 0.5904
eval_runtime = 16.5644
eval_samples_per_second = 301.853
