eval_accuracy = 0.4713999927043915
eval_loss = 1.3488819599151611
eval_mae = 0.6904
eval_runtime = 16.7354
eval_samples_per_second = 298.767
