eval_accuracy = 0.5612000226974487
eval_loss = 1.0456351041793823
eval_mae = 0.5084
eval_runtime = 19.7288
eval_samples_per_second = 253.436
