eval_accuracy = 0.6055999994277954
eval_loss = 0.9492043256759644
eval_mae = 0.451
eval_runtime = 23.4672
eval_samples_per_second = 213.063
