eval_accuracy = 0.5748000144958496
eval_loss = 1.005233645439148
eval_mae = 0.4968
eval_runtime = 17.2233
eval_samples_per_second = 290.304
