eval_accuracy = 0.5698000192642212
eval_loss = 1.021028757095337
eval_mae = 0.508
eval_runtime = 17.4395
eval_samples_per_second = 286.705
