eval_accuracy = 0.5576000213623047
eval_loss = 1.0628437995910645
eval_mae = 0.5214
eval_runtime = 18.3066
eval_samples_per_second = 273.125
