eval_accuracy = 0.6209999918937683
eval_loss = 0.9508975744247437
eval_mae = 0.4286
eval_runtime = 17.4924
eval_samples_per_second = 285.838
