eval_accuracy = 0.5899999737739563
eval_loss = 0.9493805766105652
eval_mae = 0.4632
eval_runtime = 16.2081
eval_samples_per_second = 308.488
