eval_accuracy = 0.5702000260353088
eval_loss = 1.0212992429733276
eval_mae = 0.5078
eval_runtime = 16.0697
eval_samples_per_second = 311.144
