eval_accuracy = 0.46779999136924744
eval_loss = 1.2966052293777466
eval_mae = 0.6816
eval_runtime = 19.9207
eval_samples_per_second = 250.996
