eval_accuracy = 0.5482000112533569
eval_loss = 1.0852875709533691
eval_mae = 0.5402
eval_runtime = 18.9545
eval_samples_per_second = 263.789
