eval_accuracy = 0.49959999322891235
eval_loss = 1.2287009954452515
eval_mae = 0.6036
eval_runtime = 18.4584
eval_samples_per_second = 270.879
