eval_accuracy = 0.5558000206947327
eval_loss = 1.062803864479065
eval_mae = 0.5222
eval_runtime = 18.3438
eval_samples_per_second = 272.572
