eval_accuracy = 0.49939998984336853
eval_loss = 1.2422341108322144
eval_mae = 0.595
eval_runtime = 18.9443
eval_samples_per_second = 263.931
