eval_accuracy = 0.47200000286102295
eval_loss = 1.3486039638519287
eval_mae = 0.6904
eval_runtime = 17.3607
eval_samples_per_second = 288.006
