eval_accuracy = 0.5807999968528748
eval_loss = 1.0185959339141846
eval_mae = 0.494
eval_runtime = 18.6966
eval_samples_per_second = 267.428
