eval_accuracy = 0.48100000619888306
eval_loss = 1.3932371139526367
eval_mae = 0.6736
eval_runtime = 28.2882
eval_samples_per_second = 176.752
