eval_accuracy = 0.5807999968528748
eval_loss = 0.9790388941764832
eval_mae = 0.4888
eval_runtime = 17.4888
eval_samples_per_second = 285.897
