eval_accuracy = 0.5813999772071838
eval_loss = 1.0185638666152954
eval_mae = 0.4936
eval_runtime = 20.0827
eval_samples_per_second = 248.971
