eval_accuracy = 0.483599990606308
eval_loss = 1.3537824153900146
eval_mae = 0.6686
eval_runtime = 18.3828
eval_samples_per_second = 271.994
