eval_accuracy = 0.5809999704360962
eval_loss = 1.0114797353744507
eval_mae = 0.4812
eval_runtime = 17.5743
eval_samples_per_second = 284.506
