eval_accuracy = 0.5013999938964844
eval_loss = 1.1806671619415283
eval_mae = 0.5928
eval_runtime = 17.4587
eval_samples_per_second = 286.39
