eval_accuracy = 0.5924000144004822
eval_loss = 0.9476197361946106
eval_mae = 0.47
eval_runtime = 21.0506
eval_samples_per_second = 237.523
