eval_accuracy = 0.49880000948905945
eval_loss = 1.2270612716674805
eval_mae = 0.6044
eval_runtime = 17.7555
eval_samples_per_second = 281.603
