eval_accuracy = 0.4715999960899353
eval_loss = 1.3482275009155273
eval_mae = 0.69
eval_runtime = 17.3996
eval_samples_per_second = 287.363
