eval_accuracy = 0.6061999797821045
eval_loss = 0.9466446042060852
eval_mae = 0.4558
eval_runtime = 17.2497
eval_samples_per_second = 289.859
