eval_accuracy = 0.5587999820709229
eval_loss = 1.078270673751831
eval_mae = 0.5308
eval_runtime = 18.2601
eval_samples_per_second = 273.821
