eval_accuracy = 0.49900001287460327
eval_loss = 1.2301552295684814
eval_mae = 0.603
eval_runtime = 18.0708
eval_samples_per_second = 276.689
