eval_accuracy = 0.5928000211715698
eval_loss = 1.0061842203140259
eval_mae = 0.4682
eval_runtime = 17.5565
eval_samples_per_second = 284.794
