eval_accuracy = 0.5564000010490417
eval_loss = 1.0797603130340576
eval_mae = 0.5644
eval_runtime = 17.9177
eval_samples_per_second = 279.054
