eval_accuracy = 0.5997999906539917
eval_loss = 0.9556719660758972
eval_mae = 0.4632
eval_runtime = 17.3056
eval_samples_per_second = 288.924
