eval_accuracy = 0.5756000280380249
eval_loss = 1.084825038909912
eval_mae = 0.5096
eval_runtime = 16.2042
eval_samples_per_second = 308.562
