eval_accuracy = 0.47380000352859497
eval_loss = 1.3391988277435303
eval_mae = 0.6946
eval_runtime = 16.9183
eval_samples_per_second = 295.539
