eval_accuracy = 0.5004000067710876
eval_loss = 1.15559720993042
eval_mae = 0.5896
eval_runtime = 17.3063
eval_samples_per_second = 288.912
