eval_accuracy = 0.5989999771118164
eval_loss = 0.9556578993797302
eval_mae = 0.4642
eval_runtime = 17.2575
eval_samples_per_second = 289.73
