eval_accuracy = 0.5478000044822693
eval_loss = 1.1450051069259644
eval_mae = 0.584
eval_runtime = 17.4525
eval_samples_per_second = 286.492
