eval_accuracy = 0.4747999906539917
eval_loss = 1.3429338932037354
eval_mae = 0.6954
eval_runtime = 17.2123
eval_samples_per_second = 290.491
