eval_accuracy = 0.5486000180244446
eval_loss = 1.1492527723312378
eval_mae = 0.5822
eval_runtime = 17.5008
eval_samples_per_second = 285.702
