eval_accuracy = 0.5699999928474426
eval_loss = 1.0212897062301636
eval_mae = 0.5084
eval_runtime = 17.2798
eval_samples_per_second = 289.356
