eval_accuracy = 0.5070000290870667
eval_loss = 1.2287591695785522
eval_mae = 0.6204
eval_runtime = 23.6907
eval_samples_per_second = 211.053
