eval_accuracy = 0.48399999737739563
eval_loss = 1.3510602712631226
eval_mae = 0.6716
eval_runtime = 18.4943
eval_samples_per_second = 270.354
