eval_accuracy = 0.5076000094413757
eval_loss = 1.22816801071167
eval_mae = 0.62
eval_runtime = 19.0886
eval_samples_per_second = 261.936
