eval_accuracy = 0.5583999752998352
eval_loss = 1.0630866289138794
eval_mae = 0.5214
eval_runtime = 18.3908
eval_samples_per_second = 271.876
