eval_accuracy = 0.5821999907493591
eval_loss = 0.9785954356193542
eval_mae = 0.4872
eval_runtime = 17.4582
eval_samples_per_second = 286.399
