eval_accuracy = 0.5934000015258789
eval_loss = 1.006744146347046
eval_mae = 0.468
eval_runtime = 17.1761
eval_samples_per_second = 291.102
