eval_accuracy = 0.58160001039505
eval_loss = 1.018031358718872
eval_mae = 0.493
eval_runtime = 24.3649
eval_samples_per_second = 205.214
