eval_accuracy = 0.5802000164985657
eval_loss = 1.018824815750122
eval_mae = 0.4944
eval_runtime = 20.067
eval_samples_per_second = 249.165
