eval_accuracy = 0.6065999865531921
eval_loss = 0.9495210647583008
eval_mae = 0.4494
eval_runtime = 20.7806
eval_samples_per_second = 240.609
