eval_accuracy = 0.503000020980835
eval_loss = 1.1770223379135132
eval_mae = 0.5916
eval_runtime = 16.7604
eval_samples_per_second = 298.322
