eval_accuracy = 0.576200008392334
eval_loss = 1.0880454778671265
eval_mae = 0.5108
eval_runtime = 16.1281
eval_samples_per_second = 310.017
