eval_accuracy = 0.48100000619888306
eval_loss = 1.3918215036392212
eval_mae = 0.6736
eval_runtime = 20.2504
eval_samples_per_second = 246.909
