eval_accuracy = 0.5001999735832214
eval_loss = 1.1567634344100952
eval_mae = 0.59
eval_runtime = 17.3479
eval_samples_per_second = 288.22
