eval_accuracy = 0.6366000175476074
eval_loss = 0.88971346616745
eval_mae = 0.4146
eval_runtime = 25.5451
eval_samples_per_second = 195.732
