eval_accuracy = 0.5947999954223633
eval_loss = 0.9458715915679932
eval_mae = 0.4676
eval_runtime = 18.1616
eval_samples_per_second = 275.307
