eval_accuracy = 0.5763999819755554
eval_loss = 1.005434513092041
eval_mae = 0.4942
eval_runtime = 16.4283
eval_samples_per_second = 304.354
