eval_accuracy = 0.5616000294685364
eval_loss = 1.046796441078186
eval_mae = 0.5094
eval_runtime = 18.2162
eval_samples_per_second = 274.481
