eval_accuracy = 0.5812000036239624
eval_loss = 0.9782432913780212
eval_mae = 0.4892
eval_runtime = 17.367
eval_samples_per_second = 287.902
