eval_accuracy = 0.6385999917984009
eval_loss = 0.8892075419425964
eval_mae = 0.4122
eval_runtime = 19.2041
eval_samples_per_second = 260.361
