eval_accuracy = 0.4986000061035156
eval_loss = 1.1570022106170654
eval_mae = 0.5924
eval_runtime = 16.6641
eval_samples_per_second = 300.047
