eval_accuracy = 0.579800009727478
eval_loss = 1.0116955041885376
eval_mae = 0.4816
eval_runtime = 17.3945
eval_samples_per_second = 287.447
