eval_accuracy = 0.5533999800682068
eval_loss = 1.0246524810791016
eval_mae = 0.5378
eval_runtime = 17.3185
eval_samples_per_second = 288.708
