eval_accuracy = 0.6069999933242798
eval_loss = 0.9498183727264404
eval_mae = 0.4492
eval_runtime = 18.9134
eval_samples_per_second = 264.363
