eval_accuracy = 0.5726000070571899
eval_loss = 0.9910136461257935
eval_mae = 0.5038
eval_runtime = 16.1218
eval_samples_per_second = 310.138
