eval_accuracy = 0.6021999716758728
eval_loss = 0.9550409913063049
eval_mae = 0.461
eval_runtime = 17.4637
eval_samples_per_second = 286.309
