eval_accuracy = 0.5785999894142151
eval_loss = 1.017580270767212
eval_mae = 0.484
eval_runtime = 16.7838
eval_samples_per_second = 297.906
