eval_accuracy = 0.5824000239372253
eval_loss = 1.0183157920837402
eval_mae = 0.4788
eval_runtime = 17.4984
eval_samples_per_second = 285.741
