eval_accuracy = 0.5562000274658203
eval_loss = 1.048173189163208
eval_mae = 0.5134
eval_runtime = 20.4508
eval_samples_per_second = 244.49
