eval_accuracy = 0.5414000153541565
eval_loss = 1.0305145978927612
eval_mae = 0.5412
eval_runtime = 17.0186
eval_samples_per_second = 293.796
