eval_accuracy = 0.5633999705314636
eval_loss = 1.014636516571045
eval_mae = 0.5074
eval_runtime = 16.6828
eval_samples_per_second = 299.71
