eval_accuracy = 0.5063999891281128
eval_loss = 1.2296011447906494
eval_mae = 0.6214
eval_runtime = 33.1311
eval_samples_per_second = 150.916
