eval_accuracy = 0.6381999850273132
eval_loss = 0.8894779086112976
eval_mae = 0.4122
eval_runtime = 18.5929
eval_samples_per_second = 268.92
