eval_accuracy = 0.4681999981403351
eval_loss = 1.339185357093811
eval_mae = 0.6886
eval_runtime = 32.5228
eval_samples_per_second = 153.738
