eval_accuracy = 0.5558000206947327
eval_loss = 1.024646520614624
eval_mae = 0.5352
eval_runtime = 17.3218
eval_samples_per_second = 288.653
