eval_accuracy = 0.5293999910354614
eval_loss = 1.0528663396835327
eval_mae = 0.567
eval_runtime = 16.3211
eval_samples_per_second = 306.351
