eval_accuracy = 0.4708000123500824
eval_loss = 1.3489044904708862
eval_mae = 0.6906
eval_runtime = 16.6918
eval_samples_per_second = 299.549
