eval_accuracy = 0.4740000069141388
eval_loss = 1.3400697708129883
eval_mae = 0.6936
eval_runtime = 15.9749
eval_samples_per_second = 312.99
