eval_accuracy = 0.49880000948905945
eval_loss = 1.2287309169769287
eval_mae = 0.6046
eval_runtime = 18.3834
eval_samples_per_second = 271.984
