eval_accuracy = 0.5799999833106995
eval_loss = 1.017850637435913
eval_mae = 0.4824
eval_runtime = 17.5131
eval_samples_per_second = 285.5
