eval_accuracy = 0.49959999322891235
eval_loss = 1.2225834131240845
eval_mae = 0.6022
eval_runtime = 17.9622
eval_samples_per_second = 278.363
