eval_accuracy = 0.5486000180244446
eval_loss = 1.147536277770996
eval_mae = 0.5832
eval_runtime = 17.4829
eval_samples_per_second = 285.994
