eval_accuracy = 0.579800009727478
eval_loss = 1.011412501335144
eval_mae = 0.482
eval_runtime = 17.4144
eval_samples_per_second = 287.118
