eval_accuracy = 0.5821999907493591
eval_loss = 1.0178886651992798
eval_mae = 0.494
eval_runtime = 24.4887
eval_samples_per_second = 204.175
