eval_accuracy = 0.5022000074386597
eval_loss = 1.1767910718917847
eval_mae = 0.5916
eval_runtime = 17.3852
eval_samples_per_second = 287.601
