eval_accuracy = 0.5558000206947327
eval_loss = 1.0791370868682861
eval_mae = 0.5656
eval_runtime = 18.4587
eval_samples_per_second = 270.875
