eval_accuracy = 0.5067999958992004
eval_loss = 1.22874116897583
eval_mae = 0.6204
eval_runtime = 18.919
eval_samples_per_second = 264.285
