eval_accuracy = 0.45899999141693115
eval_loss = 1.367425560951233
eval_mae = 0.7314
eval_runtime = 16.7581
eval_samples_per_second = 298.363
