eval_accuracy = 0.579200029373169
eval_loss = 1.018956184387207
eval_mae = 0.4978
eval_runtime = 20.8783
eval_samples_per_second = 239.483
