eval_accuracy = 0.5600000023841858
eval_loss = 1.046655297279358
eval_mae = 0.5104
eval_runtime = 21.6492
eval_samples_per_second = 230.955
