eval_accuracy = 0.576200008392334
eval_loss = 1.0053585767745972
eval_mae = 0.4956
eval_runtime = 16.3564
eval_samples_per_second = 305.691
