eval_accuracy = 0.5759999752044678
eval_loss = 1.0847972631454468
eval_mae = 0.5102
eval_runtime = 16.2442
eval_samples_per_second = 307.802
