eval_accuracy = 0.5758000016212463
eval_loss = 1.0059465169906616
eval_mae = 0.4956
eval_runtime = 17.1966
eval_samples_per_second = 290.755
