eval_accuracy = 0.5058000087738037
eval_loss = 1.228866457939148
eval_mae = 0.6218
eval_runtime = 20.0795
eval_samples_per_second = 249.01
