eval_accuracy = 0.5916000008583069
eval_loss = 0.9488043189048767
eval_mae = 0.462
eval_runtime = 17.2213
eval_samples_per_second = 290.338
