eval_accuracy = 0.5929999947547913
eval_loss = 0.9606959223747253
eval_mae = 0.483
eval_runtime = 17.4944
eval_samples_per_second = 285.805
