eval_accuracy = 0.5637999773025513
eval_loss = 1.0143935680389404
eval_mae = 0.5082
eval_runtime = 16.3856
eval_samples_per_second = 305.145
