eval_accuracy = 0.49880000948905945
eval_loss = 1.228334903717041
eval_mae = 0.6042
eval_runtime = 18.4277
eval_samples_per_second = 271.33
