eval_accuracy = 0.4674000144004822
eval_loss = 1.2965112924575806
eval_mae = 0.6822
eval_runtime = 18.2965
eval_samples_per_second = 273.276
