eval_accuracy = 0.5788000226020813
eval_loss = 1.0184690952301025
eval_mae = 0.4824
eval_runtime = 16.4548
eval_samples_per_second = 303.862
