eval_accuracy = 0.49619999527931213
eval_loss = 1.2382738590240479
eval_mae = 0.6474
eval_runtime = 18.263
eval_samples_per_second = 273.777
