eval_accuracy = 0.574400007724762
eval_loss = 1.0840179920196533
eval_mae = 0.512
eval_runtime = 16.3807
eval_samples_per_second = 305.238
