eval_accuracy = 0.5582000017166138
eval_loss = 1.078510046005249
eval_mae = 0.5312
eval_runtime = 30.8932
eval_samples_per_second = 161.848
