eval_accuracy = 0.5756000280380249
eval_loss = 1.0052400827407837
eval_mae = 0.4966
eval_runtime = 17.2971
eval_samples_per_second = 289.066
