eval_accuracy = 0.5929999947547913
eval_loss = 0.9476234316825867
eval_mae = 0.4692
eval_runtime = 19.4863
eval_samples_per_second = 256.59
