eval_accuracy = 0.49720001220703125
eval_loss = 1.2386610507965088
eval_mae = 0.6478
eval_runtime = 27.886
eval_samples_per_second = 179.301
