eval_accuracy = 0.5497999787330627
eval_loss = 1.148041844367981
eval_mae = 0.58
eval_runtime = 16.3549
eval_samples_per_second = 305.719
