eval_accuracy = 0.592199981212616
eval_loss = 0.9609041810035706
eval_mae = 0.484
eval_runtime = 18.5012
eval_samples_per_second = 270.252
