eval_accuracy = 0.5708000063896179
eval_loss = 0.9905878901481628
eval_mae = 0.5072
eval_runtime = 18.5227
eval_samples_per_second = 269.939
