eval_accuracy = 0.5564000010490417
eval_loss = 1.0247523784637451
eval_mae = 0.5348
eval_runtime = 18.5112
eval_samples_per_second = 270.107
