eval_accuracy = 0.5645999908447266
eval_loss = 1.014760971069336
eval_mae = 0.508
eval_runtime = 16.3482
eval_samples_per_second = 305.844
