eval_accuracy = 0.5809999704360962
eval_loss = 0.9779078960418701
eval_mae = 0.489
eval_runtime = 17.3208
eval_samples_per_second = 288.67
