eval_accuracy = 0.5013999938964844
eval_loss = 1.243439793586731
eval_mae = 0.5944
eval_runtime = 18.7379
eval_samples_per_second = 266.839
