eval_accuracy = 0.6018000245094299
eval_loss = 0.9356669783592224
eval_mae = 0.454
eval_runtime = 17.1894
eval_samples_per_second = 290.876
