eval_accuracy = 0.5609999895095825
eval_loss = 1.0450794696807861
eval_mae = 0.5104
eval_runtime = 21.1163
eval_samples_per_second = 236.784
