eval_accuracy = 0.5928000211715698
eval_loss = 1.0064765214920044
eval_mae = 0.4692
eval_runtime = 17.4346
eval_samples_per_second = 286.785
