eval_accuracy = 0.6014000177383423
eval_loss = 0.9358970522880554
eval_mae = 0.4552
eval_runtime = 17.0759
eval_samples_per_second = 292.811
