eval_accuracy = 0.503600001335144
eval_loss = 1.2340946197509766
eval_mae = 0.627
eval_runtime = 35.0215
eval_samples_per_second = 142.77
