eval_accuracy = 0.550000011920929
eval_loss = 1.148691177368164
eval_mae = 0.579
eval_runtime = 17.4133
eval_samples_per_second = 287.137
