eval_accuracy = 0.5568000078201294
eval_loss = 1.024857521057129
eval_mae = 0.5346
eval_runtime = 17.1899
eval_samples_per_second = 290.868
