eval_accuracy = 0.5594000220298767
eval_loss = 1.0631273984909058
eval_mae = 0.5196
eval_runtime = 18.3112
eval_samples_per_second = 273.057
