eval_accuracy = 0.567799985408783
eval_loss = 1.0199904441833496
eval_mae = 0.509
eval_runtime = 17.3191
eval_samples_per_second = 288.698
