eval_accuracy = 0.6064000129699707
eval_loss = 0.9494479298591614
eval_mae = 0.4498
eval_runtime = 37.0823
eval_samples_per_second = 134.835
