eval_accuracy = 0.5558000206947327
eval_loss = 1.025720238685608
eval_mae = 0.5364
eval_runtime = 19.4246
eval_samples_per_second = 257.405
