eval_accuracy = 0.5935999751091003
eval_loss = 1.0075342655181885
eval_mae = 0.4678
eval_runtime = 17.1258
eval_samples_per_second = 291.957
