eval_accuracy = 0.4781999886035919
eval_loss = 1.3442021608352661
eval_mae = 0.69
eval_runtime = 16.8705
eval_samples_per_second = 296.375
