eval_accuracy = 0.44119998812675476
eval_loss = 1.4390584230422974
eval_mae = 0.73
eval_runtime = 19.4206
eval_samples_per_second = 257.459
