eval_accuracy = 0.604200005531311
eval_loss = 0.9487937688827515
eval_mae = 0.4522
eval_runtime = 18.5295
eval_samples_per_second = 269.84
