eval_accuracy = 0.5655999779701233
eval_loss = 1.0148684978485107
eval_mae = 0.5068
eval_runtime = 17.0027
eval_samples_per_second = 294.071
