eval_accuracy = 0.4830000102519989
eval_loss = 1.3527024984359741
eval_mae = 0.6722
eval_runtime = 17.7602
eval_samples_per_second = 281.529
