eval_accuracy = 0.5935999751091003
eval_loss = 0.9464859366416931
eval_mae = 0.468
eval_runtime = 19.2722
eval_samples_per_second = 259.441
