eval_accuracy = 0.5709999799728394
eval_loss = 1.0207922458648682
eval_mae = 0.5066
eval_runtime = 17.4165
eval_samples_per_second = 287.083
