eval_accuracy = 0.5601999759674072
eval_loss = 1.045780897140503
eval_mae = 0.5094
eval_runtime = 18.486
eval_samples_per_second = 270.475
