eval_accuracy = 0.58160001039505
eval_loss = 1.0198638439178467
eval_mae = 0.4936
eval_runtime = 18.6457
eval_samples_per_second = 268.158
