eval_accuracy = 0.5770000219345093
eval_loss = 1.0176810026168823
eval_mae = 0.4858
eval_runtime = 17.4261
eval_samples_per_second = 286.926
