eval_accuracy = 0.5838000178337097
eval_loss = 0.9795674681663513
eval_mae = 0.4864
eval_runtime = 16.9709
eval_samples_per_second = 294.622
