eval_accuracy = 0.5928000211715698
eval_loss = 0.9482021331787109
eval_mae = 0.4706
eval_runtime = 30.9973
eval_samples_per_second = 161.305
