eval_accuracy = 0.4747999906539917
eval_loss = 1.3428410291671753
eval_mae = 0.696
eval_runtime = 16.9215
eval_samples_per_second = 295.481
