eval_accuracy = 0.5063999891281128
eval_loss = 1.229043960571289
eval_mae = 0.6208
eval_runtime = 22.4327
eval_samples_per_second = 222.889
