eval_accuracy = 0.5311999917030334
eval_loss = 1.0511847734451294
eval_mae = 0.5676
eval_runtime = 16.8807
eval_samples_per_second = 296.197
