eval_accuracy = 0.571399986743927
eval_loss = 0.9916254878044128
eval_mae = 0.5066
eval_runtime = 16.9628
eval_samples_per_second = 294.763
