eval_accuracy = 0.5703999996185303
eval_loss = 1.02138352394104
eval_mae = 0.5076
eval_runtime = 17.2431
eval_samples_per_second = 289.971
