eval_accuracy = 0.5794000029563904
eval_loss = 0.9780811667442322
eval_mae = 0.4902
eval_runtime = 17.3388
eval_samples_per_second = 288.371
