eval_accuracy = 0.5582000017166138
eval_loss = 1.0626730918884277
eval_mae = 0.5208
eval_runtime = 18.6187
eval_samples_per_second = 268.548
