eval_accuracy = 0.557200014591217
eval_loss = 1.062583327293396
eval_mae = 0.522
eval_runtime = 18.3481
eval_samples_per_second = 272.508
