eval_accuracy = 0.4968000054359436
eval_loss = 1.239228367805481
eval_mae = 0.6478
eval_runtime = 28.9049
eval_samples_per_second = 172.981
