eval_accuracy = 0.4675999879837036
eval_loss = 1.2968535423278809
eval_mae = 0.682
eval_runtime = 30.7309
eval_samples_per_second = 162.703
