eval_accuracy = 0.4575999975204468
eval_loss = 1.3677209615707397
eval_mae = 0.7326
eval_runtime = 17.3755
eval_samples_per_second = 287.761
