eval_accuracy = 0.5705999732017517
eval_loss = 0.9904131889343262
eval_mae = 0.508
eval_runtime = 16.9557
eval_samples_per_second = 294.886
