eval_accuracy = 0.5461999773979187
eval_loss = 1.0290356874465942
eval_mae = 0.5384
eval_runtime = 16.4215
eval_samples_per_second = 304.478
