eval_accuracy = 0.5914000272750854
eval_loss = 0.9483337998390198
eval_mae = 0.4624
eval_runtime = 16.5539
eval_samples_per_second = 302.044
