eval_accuracy = 0.5794000029563904
eval_loss = 1.0178072452545166
eval_mae = 0.483
eval_runtime = 17.4352
eval_samples_per_second = 286.776
