eval_accuracy = 0.4997999966144562
eval_loss = 1.1555145978927612
eval_mae = 0.5906
eval_runtime = 17.3626
eval_samples_per_second = 287.975
