eval_accuracy = 0.4973999857902527
eval_loss = 1.2382928133010864
eval_mae = 0.647
eval_runtime = 19.4437
eval_samples_per_second = 257.153
