eval_accuracy = 0.5004000067710876
eval_loss = 1.241890788078308
eval_mae = 0.5952
eval_runtime = 18.5958
eval_samples_per_second = 268.878
