eval_accuracy = 0.574999988079071
eval_loss = 1.0848881006240845
eval_mae = 0.5106
eval_runtime = 16.0203
eval_samples_per_second = 312.105
