eval_accuracy = 0.4846000075340271
eval_loss = 1.3513256311416626
eval_mae = 0.6698
eval_runtime = 18.0704
eval_samples_per_second = 276.695
