eval_accuracy = 0.5699999928474426
eval_loss = 1.0210978984832764
eval_mae = 0.5074
eval_runtime = 16.5198
eval_samples_per_second = 302.668
