eval_accuracy = 0.5997999906539917
eval_loss = 0.9356541037559509
eval_mae = 0.4556
eval_runtime = 17.0881
eval_samples_per_second = 292.6
