eval_accuracy = 0.45840001106262207
eval_loss = 1.3638185262680054
eval_mae = 0.7298
eval_runtime = 16.3839
eval_samples_per_second = 305.177
