eval_accuracy = 0.4681999981403351
eval_loss = 1.339065432548523
eval_mae = 0.6884
eval_runtime = 18.1797
eval_samples_per_second = 275.033
