eval_accuracy = 0.5812000036239624
eval_loss = 0.9781927466392517
eval_mae = 0.4882
eval_runtime = 17.54
eval_samples_per_second = 285.062
