eval_accuracy = 0.5799999833106995
eval_loss = 1.011522650718689
eval_mae = 0.4818
eval_runtime = 17.8376
eval_samples_per_second = 280.307
