eval_accuracy = 0.599399983882904
eval_loss = 0.9563103318214417
eval_mae = 0.4644
eval_runtime = 17.3075
eval_samples_per_second = 288.893
