eval_accuracy = 0.5001999735832214
eval_loss = 1.2414838075637817
eval_mae = 0.5956
eval_runtime = 18.5534
eval_samples_per_second = 269.493
