eval_accuracy = 0.5781999826431274
eval_loss = 1.0177079439163208
eval_mae = 0.485
eval_runtime = 16.4733
eval_samples_per_second = 303.522
