eval_accuracy = 0.49939998984336853
eval_loss = 1.2288719415664673
eval_mae = 0.6032
eval_runtime = 18.3912
eval_samples_per_second = 271.869
