eval_accuracy = 0.5824000239372253
eval_loss = 0.9786155223846436
eval_mae = 0.4872
eval_runtime = 16.7255
eval_samples_per_second = 298.945
