eval_accuracy = 0.49959999322891235
eval_loss = 1.2299185991287231
eval_mae = 0.6036
eval_runtime = 18.3977
eval_samples_per_second = 271.773
