eval_accuracy = 0.4397999942302704
eval_loss = 1.4429936408996582
eval_mae = 0.7292
eval_runtime = 21.2105
eval_samples_per_second = 235.732
