eval_accuracy = 0.48420000076293945
eval_loss = 1.3533954620361328
eval_mae = 0.6716
eval_runtime = 18.6138
eval_samples_per_second = 268.618
