eval_accuracy = 0.4674000144004822
eval_loss = 1.2954779863357544
eval_mae = 0.6826
eval_runtime = 18.396
eval_samples_per_second = 271.799
