eval_accuracy = 0.49720001220703125
eval_loss = 1.238614797592163
eval_mae = 0.6476
eval_runtime = 27.3923
eval_samples_per_second = 182.533
