eval_accuracy = 0.6000000238418579
eval_loss = 0.955878496170044
eval_mae = 0.463
eval_runtime = 17.2772
eval_samples_per_second = 289.398
