eval_accuracy = 0.5267999768257141
eval_loss = 1.0595066547393799
eval_mae = 0.5742
eval_runtime = 16.5937
eval_samples_per_second = 301.319
