eval_accuracy = 0.6051999926567078
eval_loss = 0.9462237358093262
eval_mae = 0.4568
eval_runtime = 16.7113
eval_samples_per_second = 299.199
