eval_accuracy = 0.5924000144004822
eval_loss = 0.9610726833343506
eval_mae = 0.4838
eval_runtime = 17.3946
eval_samples_per_second = 287.445
