eval_accuracy = 0.5013999938964844
eval_loss = 1.178840160369873
eval_mae = 0.594
eval_runtime = 17.5292
eval_samples_per_second = 285.239
