eval_accuracy = 0.6037999987602234
eval_loss = 0.9454846382141113
eval_mae = 0.4572
eval_runtime = 16.432
eval_samples_per_second = 304.284
