eval_accuracy = 0.5838000178337097
eval_loss = 1.01891028881073
eval_mae = 0.4918
eval_runtime = 30.4899
eval_samples_per_second = 163.989
