eval_accuracy = 0.4580000042915344
eval_loss = 1.3658523559570312
eval_mae = 0.7316
eval_runtime = 16.4088
eval_samples_per_second = 304.715
