eval_accuracy = 0.6065999865531921
eval_loss = 0.9496718645095825
eval_mae = 0.45
eval_runtime = 17.9252
eval_samples_per_second = 278.937
