eval_accuracy = 0.5475999712944031
eval_loss = 1.0874485969543457
eval_mae = 0.5426
eval_runtime = 28.0593
eval_samples_per_second = 178.194
