eval_accuracy = 0.5658000111579895
eval_loss = 1.0152244567871094
eval_mae = 0.5086
eval_runtime = 16.0211
eval_samples_per_second = 312.089
