eval_accuracy = 0.526199996471405
eval_loss = 1.0537865161895752
eval_mae = 0.5712
eval_runtime = 16.3129
eval_samples_per_second = 306.506
