eval_accuracy = 0.5598000288009644
eval_loss = 1.0459866523742676
eval_mae = 0.51
eval_runtime = 19.7478
eval_samples_per_second = 253.192
