eval_accuracy = 0.5406000018119812
eval_loss = 1.0298675298690796
eval_mae = 0.5428
eval_runtime = 16.258
eval_samples_per_second = 307.541
