eval_accuracy = 0.5992000102996826
eval_loss = 0.9556667804718018
eval_mae = 0.4644
eval_runtime = 17.7614
eval_samples_per_second = 281.51
