eval_accuracy = 0.5497999787330627
eval_loss = 1.1482049226760864
eval_mae = 0.5812
eval_runtime = 17.466
eval_samples_per_second = 286.271
