eval_accuracy = 0.5938000082969666
eval_loss = 0.9486743211746216
eval_mae = 0.469
eval_runtime = 19.4044
eval_samples_per_second = 257.673
