eval_accuracy = 0.46799999475479126
eval_loss = 1.339219093322754
eval_mae = 0.6886
eval_runtime = 23.4745
eval_samples_per_second = 212.997
