eval_accuracy = 0.607200026512146
eval_loss = 0.9514427781105042
eval_mae = 0.449
eval_runtime = 24.4228
eval_samples_per_second = 204.726
