eval_accuracy = 0.5267999768257141
eval_loss = 1.0538785457611084
eval_mae = 0.571
eval_runtime = 16.9686
eval_samples_per_second = 294.662
