eval_accuracy = 0.5753999948501587
eval_loss = 1.087932825088501
eval_mae = 0.51
eval_runtime = 16.4236
eval_samples_per_second = 304.44
