eval_accuracy = 0.5943999886512756
eval_loss = 1.006367802619934
eval_mae = 0.4672
eval_runtime = 17.1925
eval_samples_per_second = 290.825
