eval_accuracy = 0.5997999906539917
eval_loss = 0.956976056098938
eval_mae = 0.4656
eval_runtime = 16.5957
eval_samples_per_second = 301.282
