eval_accuracy = 0.4697999954223633
eval_loss = 1.3407068252563477
eval_mae = 0.687
eval_runtime = 19.7704
eval_samples_per_second = 252.903
