eval_accuracy = 0.5716000199317932
eval_loss = 0.9902172088623047
eval_mae = 0.5072
eval_runtime = 16.9409
eval_samples_per_second = 295.143
