eval_accuracy = 0.5275999903678894
eval_loss = 1.054721474647522
eval_mae = 0.5702
eval_runtime = 16.9154
eval_samples_per_second = 295.589
