eval_accuracy = 0.4575999975204468
eval_loss = 1.3646013736724854
eval_mae = 0.7304
eval_runtime = 16.8146
eval_samples_per_second = 297.36
