eval_accuracy = 0.555400013923645
eval_loss = 1.0250792503356934
eval_mae = 0.5356
eval_runtime = 17.2267
eval_samples_per_second = 290.247
