eval_accuracy = 0.4675999879837036
eval_loss = 1.2966939210891724
eval_mae = 0.682
eval_runtime = 18.5466
eval_samples_per_second = 269.591
