eval_accuracy = 0.5917999744415283
eval_loss = 0.9479023218154907
eval_mae = 0.4704
eval_runtime = 19.2745
eval_samples_per_second = 259.411
