eval_accuracy = 0.5824000239372253
eval_loss = 0.9793424010276794
eval_mae = 0.488
eval_runtime = 17.3954
eval_samples_per_second = 287.432
