eval_accuracy = 0.5924000144004822
eval_loss = 0.9609894752502441
eval_mae = 0.4836
eval_runtime = 17.4967
eval_samples_per_second = 285.768
