eval_accuracy = 0.4674000144004822
eval_loss = 1.3394827842712402
eval_mae = 0.6894
eval_runtime = 23.0505
eval_samples_per_second = 216.915
