eval_accuracy = 0.6195999979972839
eval_loss = 0.9494521617889404
eval_mae = 0.4296
eval_runtime = 17.3829
eval_samples_per_second = 287.639
