eval_accuracy = 0.5562000274658203
eval_loss = 1.0803548097610474
eval_mae = 0.5652
eval_runtime = 20.0389
eval_samples_per_second = 249.515
