eval_accuracy = 0.4986000061035156
eval_loss = 1.1560251712799072
eval_mae = 0.5932
eval_runtime = 16.7822
eval_samples_per_second = 297.934
