eval_accuracy = 0.5001999735832214
eval_loss = 1.242651343345642
eval_mae = 0.5952
eval_runtime = 21.1832
eval_samples_per_second = 236.036
