eval_accuracy = 0.5041999816894531
eval_loss = 1.2404464483261108
eval_mae = 0.5924
eval_runtime = 29.0513
eval_samples_per_second = 172.109
