eval_accuracy = 0.49619999527931213
eval_loss = 1.2430537939071655
eval_mae = 0.6496
eval_runtime = 18.6438
eval_samples_per_second = 268.186
