eval_accuracy = 0.45559999346733093
eval_loss = 1.3675892353057861
eval_mae = 0.731
eval_runtime = 17.3331
eval_samples_per_second = 288.466
