eval_accuracy = 0.5709999799728394
eval_loss = 0.9905089139938354
eval_mae = 0.5074
eval_runtime = 17.3134
eval_samples_per_second = 288.794
