eval_accuracy = 0.5568000078201294
eval_loss = 1.0242303609848022
eval_mae = 0.5346
eval_runtime = 17.1751
eval_samples_per_second = 291.119
