eval_accuracy = 0.5496000051498413
eval_loss = 1.146396279335022
eval_mae = 0.581
eval_runtime = 17.4721
eval_samples_per_second = 286.17
