eval_accuracy = 0.5752000212669373
eval_loss = 1.0056589841842651
eval_mae = 0.4968
eval_runtime = 17.1857
eval_samples_per_second = 290.94
