eval_accuracy = 0.5809999704360962
eval_loss = 0.9778508543968201
eval_mae = 0.488
eval_runtime = 17.3432
eval_samples_per_second = 288.298
