eval_accuracy = 0.47380000352859497
eval_loss = 1.3476650714874268
eval_mae = 0.6866
eval_runtime = 16.3667
eval_samples_per_second = 305.499
