eval_accuracy = 0.592199981212616
eval_loss = 0.9480929970741272
eval_mae = 0.4706
eval_runtime = 19.4541
eval_samples_per_second = 257.015
