eval_accuracy = 0.4668000042438507
eval_loss = 1.2988137006759644
eval_mae = 0.6836
eval_runtime = 18.4314
eval_samples_per_second = 271.276
