eval_accuracy = 0.6340000033378601
eval_loss = 0.8877359628677368
eval_mae = 0.417
eval_runtime = 19.4577
eval_samples_per_second = 256.968
