eval_accuracy = 0.6194000244140625
eval_loss = 0.9504671692848206
eval_mae = 0.4314
eval_runtime = 17.4017
eval_samples_per_second = 287.329
