eval_accuracy = 0.5893999934196472
eval_loss = 0.9470279216766357
eval_mae = 0.4636
eval_runtime = 16.5164
eval_samples_per_second = 302.729
