eval_accuracy = 0.6069999933242798
eval_loss = 0.9499228596687317
eval_mae = 0.4492
eval_runtime = 20.847
eval_samples_per_second = 239.843
