eval_accuracy = 0.599399983882904
eval_loss = 0.9559369087219238
eval_mae = 0.464
eval_runtime = 17.2229
eval_samples_per_second = 290.311
