eval_accuracy = 0.5573999881744385
eval_loss = 1.0762519836425781
eval_mae = 0.5324
eval_runtime = 19.2595
eval_samples_per_second = 259.612
