eval_accuracy = 0.5275999903678894
eval_loss = 1.0538232326507568
eval_mae = 0.5694
eval_runtime = 16.941
eval_samples_per_second = 295.141
