eval_accuracy = 0.5820000171661377
eval_loss = 0.973766028881073
eval_mae = 0.4854
eval_runtime = 17.3186
eval_samples_per_second = 288.707
