eval_accuracy = 0.45680001378059387
eval_loss = 1.3662793636322021
eval_mae = 0.7332
eval_runtime = 16.6833
eval_samples_per_second = 299.701
