eval_accuracy = 0.6015999913215637
eval_loss = 0.9353049993515015
eval_mae = 0.453
eval_runtime = 17.0629
eval_samples_per_second = 293.034
