eval_accuracy = 0.5651999711990356
eval_loss = 1.0144795179367065
eval_mae = 0.5068
eval_runtime = 16.3982
eval_samples_per_second = 304.911
