eval_accuracy = 0.5493999719619751
eval_loss = 1.0883241891860962
eval_mae = 0.5394
eval_runtime = 23.8693
eval_samples_per_second = 209.474
