eval_accuracy = 0.4706000089645386
eval_loss = 1.3485935926437378
eval_mae = 0.6922
eval_runtime = 17.4911
eval_samples_per_second = 285.86
