eval_accuracy = 0.5562000274658203
eval_loss = 1.0251084566116333
eval_mae = 0.5346
eval_runtime = 17.2972
eval_samples_per_second = 289.064
