eval_accuracy = 0.621399998664856
eval_loss = 0.950652539730072
eval_mae = 0.4286
eval_runtime = 17.4075
eval_samples_per_second = 287.233
