eval_accuracy = 0.6069999933242798
eval_loss = 0.9502586722373962
eval_mae = 0.4494
eval_runtime = 21.4081
eval_samples_per_second = 233.556
