eval_accuracy = 0.6065999865531921
eval_loss = 0.9495118856430054
eval_mae = 0.4494
eval_runtime = 18.3748
eval_samples_per_second = 272.113
