eval_accuracy = 0.600600004196167
eval_loss = 0.9552443623542786
eval_mae = 0.4634
eval_runtime = 17.2897
eval_samples_per_second = 289.189
