eval_accuracy = 0.6001999974250793
eval_loss = 0.9548982381820679
eval_mae = 0.4624
eval_runtime = 17.2508
eval_samples_per_second = 289.842
