eval_accuracy = 0.4925999939441681
eval_loss = 1.251716136932373
eval_mae = 0.6534
eval_runtime = 19.1576
eval_samples_per_second = 260.993
