eval_accuracy = 0.5573999881744385
eval_loss = 1.064336895942688
eval_mae = 0.521
eval_runtime = 18.3107
eval_samples_per_second = 273.065
