eval_accuracy = 0.5626000165939331
eval_loss = 1.0464231967926025
eval_mae = 0.507
eval_runtime = 23.4235
eval_samples_per_second = 213.461
