eval_accuracy = 0.592199981212616
eval_loss = 0.9477974772453308
eval_mae = 0.4704
eval_runtime = 20.7367
eval_samples_per_second = 241.118
