eval_accuracy = 0.5759999752044678
eval_loss = 1.084503173828125
eval_mae = 0.5096
eval_runtime = 16.5118
eval_samples_per_second = 302.814
