eval_accuracy = 0.5583999752998352
eval_loss = 1.0790400505065918
eval_mae = 0.5308
eval_runtime = 21.0106
eval_samples_per_second = 237.975
