eval_accuracy = 0.6018000245094299
eval_loss = 0.9359306693077087
eval_mae = 0.4548
eval_runtime = 16.5063
eval_samples_per_second = 302.914
