eval_accuracy = 0.5745999813079834
eval_loss = 1.0049149990081787
eval_mae = 0.4966
eval_runtime = 17.1203
eval_samples_per_second = 292.051
