eval_accuracy = 0.5454000234603882
eval_loss = 1.0292232036590576
eval_mae = 0.5378
eval_runtime = 17.5482
eval_samples_per_second = 284.93
