eval_accuracy = 0.4399999976158142
eval_loss = 1.4433952569961548
eval_mae = 0.7288
eval_runtime = 18.7271
eval_samples_per_second = 266.993
