eval_accuracy = 0.6011999845504761
eval_loss = 0.9365847706794739
eval_mae = 0.4538
eval_runtime = 16.5065
eval_samples_per_second = 302.911
