eval_accuracy = 0.5813999772071838
eval_loss = 1.0111924409866333
eval_mae = 0.4806
eval_runtime = 17.4166
eval_samples_per_second = 287.083
