eval_accuracy = 0.5934000015258789
eval_loss = 0.9473049640655518
eval_mae = 0.4688
eval_runtime = 30.1602
eval_samples_per_second = 165.782
