eval_accuracy = 0.604200005531311
eval_loss = 0.9467648267745972
eval_mae = 0.4566
eval_runtime = 16.6673
eval_samples_per_second = 299.989
