eval_accuracy = 0.5565999746322632
eval_loss = 1.0624008178710938
eval_mae = 0.5224
eval_runtime = 18.4106
eval_samples_per_second = 271.582
