eval_accuracy = 0.5004000067710876
eval_loss = 1.2274417877197266
eval_mae = 0.6008
eval_runtime = 19.5712
eval_samples_per_second = 255.477
