eval_accuracy = 0.5073999762535095
eval_loss = 1.2286361455917358
eval_mae = 0.62
eval_runtime = 22.2379
eval_samples_per_second = 224.842
