eval_accuracy = 0.6043999791145325
eval_loss = 0.9501785039901733
eval_mae = 0.4518
eval_runtime = 18.6003
eval_samples_per_second = 268.812
