eval_accuracy = 0.4681999981403351
eval_loss = 1.3386447429656982
eval_mae = 0.6884
eval_runtime = 23.528
eval_samples_per_second = 212.513
