eval_accuracy = 0.4986000061035156
eval_loss = 1.2283095121383667
eval_mae = 0.6038
eval_runtime = 18.4018
eval_samples_per_second = 271.713
