eval_accuracy = 0.5270000100135803
eval_loss = 1.0534160137176514
eval_mae = 0.5706
eval_runtime = 16.9055
eval_samples_per_second = 295.762
