eval_accuracy = 0.5932000279426575
eval_loss = 0.9596313238143921
eval_mae = 0.4822
eval_runtime = 17.3939
eval_samples_per_second = 287.458
