eval_accuracy = 0.4733999967575073
eval_loss = 1.3424923419952393
eval_mae = 0.695
eval_runtime = 17.0002
eval_samples_per_second = 294.114
