eval_accuracy = 0.6000000238418579
eval_loss = 0.9558649659156799
eval_mae = 0.4638
eval_runtime = 17.3256
eval_samples_per_second = 288.59
