eval_accuracy = 0.4997999966144562
eval_loss = 1.2496167421340942
eval_mae = 0.5946
eval_runtime = 28.0317
eval_samples_per_second = 178.37
