eval_accuracy = 0.5813999772071838
eval_loss = 1.0110814571380615
eval_mae = 0.48
eval_runtime = 16.77
eval_samples_per_second = 298.151
