eval_accuracy = 0.546999990940094
eval_loss = 1.0838236808776855
eval_mae = 0.5414
eval_runtime = 18.4234
eval_samples_per_second = 271.394
