eval_accuracy = 0.4781999886035919
eval_loss = 1.3923591375350952
eval_mae = 0.6796
eval_runtime = 22.5163
eval_samples_per_second = 222.061
