eval_accuracy = 0.46700000762939453
eval_loss = 1.3396210670471191
eval_mae = 0.6906
eval_runtime = 22.5911
eval_samples_per_second = 221.326
