eval_accuracy = 0.49880000948905945
eval_loss = 1.1564055681228638
eval_mae = 0.591
eval_runtime = 16.6999
eval_samples_per_second = 299.404
