eval_accuracy = 0.5644000172615051
eval_loss = 1.0148992538452148
eval_mae = 0.508
eval_runtime = 17.2266
eval_samples_per_second = 290.248
