eval_accuracy = 0.6015999913215637
eval_loss = 0.9354017376899719
eval_mae = 0.4524
eval_runtime = 16.6985
eval_samples_per_second = 299.428
