eval_accuracy = 0.5577999949455261
eval_loss = 1.0821937322616577
eval_mae = 0.5312
eval_runtime = 19.6267
eval_samples_per_second = 254.755
