eval_accuracy = 0.6047999858856201
eval_loss = 0.945803701877594
eval_mae = 0.457
eval_runtime = 16.6258
eval_samples_per_second = 300.738
