eval_accuracy = 0.503000020980835
eval_loss = 1.2352951765060425
eval_mae = 0.5916
eval_runtime = 18.3275
eval_samples_per_second = 272.814
