eval_accuracy = 0.4832000136375427
eval_loss = 1.3504382371902466
eval_mae = 0.6708
eval_runtime = 18.0737
eval_samples_per_second = 276.645
