eval_accuracy = 0.43959999084472656
eval_loss = 1.4437309503555298
eval_mae = 0.7292
eval_runtime = 22.9772
eval_samples_per_second = 217.607
