eval_accuracy = 0.45660001039505005
eval_loss = 1.3705451488494873
eval_mae = 0.734
eval_runtime = 17.467
eval_samples_per_second = 286.253
