eval_accuracy = 0.5756000280380249
eval_loss = 1.0067440271377563
eval_mae = 0.4964
eval_runtime = 17.2067
eval_samples_per_second = 290.585
