eval_accuracy = 0.5564000010490417
eval_loss = 1.080353856086731
eval_mae = 0.5652
eval_runtime = 30.9733
eval_samples_per_second = 161.43
