eval_accuracy = 0.6014000177383423
eval_loss = 0.935893177986145
eval_mae = 0.4552
eval_runtime = 16.469
eval_samples_per_second = 303.601
