eval_accuracy = 0.5703999996185303
eval_loss = 1.0211150646209717
eval_mae = 0.5082
eval_runtime = 17.3617
eval_samples_per_second = 287.99
