eval_accuracy = 0.548799991607666
eval_loss = 1.0836496353149414
eval_mae = 0.5398
eval_runtime = 25.7898
eval_samples_per_second = 193.875
