eval_accuracy = 0.5037999749183655
eval_loss = 1.1772176027297974
eval_mae = 0.591
eval_runtime = 17.5942
eval_samples_per_second = 284.184
