eval_accuracy = 0.5806000232696533
eval_loss = 1.0126675367355347
eval_mae = 0.482
eval_runtime = 17.4416
eval_samples_per_second = 286.671
