eval_accuracy = 0.5907999873161316
eval_loss = 0.9491470456123352
eval_mae = 0.4628
eval_runtime = 16.4591
eval_samples_per_second = 303.783
