eval_accuracy = 0.6074000000953674
eval_loss = 0.9500934481620789
eval_mae = 0.4484
eval_runtime = 22.1101
eval_samples_per_second = 226.141
