eval_accuracy = 0.5576000213623047
eval_loss = 1.0629628896713257
eval_mae = 0.522
eval_runtime = 18.381
eval_samples_per_second = 272.02
