eval_accuracy = 0.5703999996185303
eval_loss = 1.0210628509521484
eval_mae = 0.5072
eval_runtime = 17.3903
eval_samples_per_second = 287.516
