eval_accuracy = 0.5001999735832214
eval_loss = 1.241943120956421
eval_mae = 0.5954
eval_runtime = 18.543
eval_samples_per_second = 269.643
