eval_accuracy = 0.5789999961853027
eval_loss = 1.0178852081298828
eval_mae = 0.4838
eval_runtime = 17.6378
eval_samples_per_second = 283.482
