eval_accuracy = 0.5929999947547913
eval_loss = 0.9604552984237671
eval_mae = 0.4818
eval_runtime = 17.5523
eval_samples_per_second = 284.862
