eval_accuracy = 0.5464000105857849
eval_loss = 1.0288493633270264
eval_mae = 0.537
eval_runtime = 16.4473
eval_samples_per_second = 304.002
