eval_accuracy = 0.5649999976158142
eval_loss = 1.0145622491836548
eval_mae = 0.5092
eval_runtime = 16.979
eval_samples_per_second = 294.482
