eval_accuracy = 0.4740000069141388
eval_loss = 1.3450428247451782
eval_mae = 0.6976
eval_runtime = 16.5724
eval_samples_per_second = 301.707
