eval_accuracy = 0.6212000250816345
eval_loss = 0.9510509967803955
eval_mae = 0.4286
eval_runtime = 17.2715
eval_samples_per_second = 289.494
