eval_accuracy = 0.4828000068664551
eval_loss = 1.352076530456543
eval_mae = 0.6714
eval_runtime = 19.2478
eval_samples_per_second = 259.77
