eval_accuracy = 0.47519999742507935
eval_loss = 1.3339455127716064
eval_mae = 0.6936
eval_runtime = 16.3047
eval_samples_per_second = 306.66
