eval_accuracy = 0.5916000008583069
eval_loss = 0.9508892297744751
eval_mae = 0.4624
eval_runtime = 17.2787
eval_samples_per_second = 289.373
