eval_accuracy = 0.553600013256073
eval_loss = 1.02378511428833
eval_mae = 0.5368
eval_runtime = 17.45
eval_samples_per_second = 286.533
