eval_accuracy = 0.5580000281333923
eval_loss = 1.0799390077590942
eval_mae = 0.5636
eval_runtime = 18.469
eval_samples_per_second = 270.723
