eval_accuracy = 0.5758000016212463
eval_loss = 1.0850739479064941
eval_mae = 0.5098
eval_runtime = 16.2007
eval_samples_per_second = 308.629
