eval_accuracy = 0.5275999903678894
eval_loss = 1.0539780855178833
eval_mae = 0.5688
eval_runtime = 16.3221
eval_samples_per_second = 306.333
