eval_accuracy = 0.5812000036239624
eval_loss = 1.0186402797698975
eval_mae = 0.4936
eval_runtime = 34.5899
eval_samples_per_second = 144.551
