eval_accuracy = 0.569599986076355
eval_loss = 1.021822214126587
eval_mae = 0.5084
eval_runtime = 17.4049
eval_samples_per_second = 287.275
