eval_accuracy = 0.5813999772071838
eval_loss = 1.0185900926589966
eval_mae = 0.4936
eval_runtime = 20.3796
eval_samples_per_second = 245.343
