eval_accuracy = 0.5040000081062317
eval_loss = 1.228259563446045
eval_mae = 0.624
eval_runtime = 18.8714
eval_samples_per_second = 264.951
