eval_accuracy = 0.49540001153945923
eval_loss = 1.2444833517074585
eval_mae = 0.599
eval_runtime = 23.4132
eval_samples_per_second = 213.555
