eval_accuracy = 0.5888000130653381
eval_loss = 0.9501900672912598
eval_mae = 0.4648
eval_runtime = 17.0955
eval_samples_per_second = 292.475
