eval_accuracy = 0.555400013923645
eval_loss = 1.061861276626587
eval_mae = 0.5224
eval_runtime = 18.3023
eval_samples_per_second = 273.19
