eval_accuracy = 0.46880000829696655
eval_loss = 1.3380658626556396
eval_mae = 0.6878
eval_runtime = 21.5688
eval_samples_per_second = 231.816
