eval_accuracy = 0.5547999739646912
eval_loss = 1.0247055292129517
eval_mae = 0.5346
eval_runtime = 17.5526
eval_samples_per_second = 284.858
