eval_accuracy = 0.5938000082969666
eval_loss = 1.0066670179367065
eval_mae = 0.4678
eval_runtime = 17.362
eval_samples_per_second = 287.985
