eval_accuracy = 0.5893999934196472
eval_loss = 0.9491145610809326
eval_mae = 0.4642
eval_runtime = 16.5976
eval_samples_per_second = 301.249
