eval_accuracy = 0.576200008392334
eval_loss = 1.0054436922073364
eval_mae = 0.4958
eval_runtime = 17.2359
eval_samples_per_second = 290.092
