eval_accuracy = 0.592199981212616
eval_loss = 0.9477959275245667
eval_mae = 0.4702
eval_runtime = 18.7062
eval_samples_per_second = 267.292
