eval_accuracy = 0.579800009727478
eval_loss = 1.018022894859314
eval_mae = 0.4824
eval_runtime = 17.4898
eval_samples_per_second = 285.881
