eval_accuracy = 0.5455999970436096
eval_loss = 1.0298720598220825
eval_mae = 0.539
eval_runtime = 16.4992
eval_samples_per_second = 303.045
