eval_accuracy = 0.498199999332428
eval_loss = 1.1550499200820923
eval_mae = 0.5914
eval_runtime = 17.2457
eval_samples_per_second = 289.927
