eval_accuracy = 0.5928000211715698
eval_loss = 1.0040704011917114
eval_mae = 0.4682
eval_runtime = 17.2355
eval_samples_per_second = 290.098
