eval_accuracy = 0.4586000144481659
eval_loss = 1.3677595853805542
eval_mae = 0.7314
eval_runtime = 17.0686
eval_samples_per_second = 292.935
