eval_accuracy = 0.5569999814033508
eval_loss = 1.061112642288208
eval_mae = 0.5206
eval_runtime = 18.2947
eval_samples_per_second = 273.304
