eval_accuracy = 0.49559998512268066
eval_loss = 1.2393568754196167
eval_mae = 0.6494
eval_runtime = 24.2058
eval_samples_per_second = 206.562
