eval_accuracy = 0.5562000274658203
eval_loss = 1.0640558004379272
eval_mae = 0.5222
eval_runtime = 23.8915
eval_samples_per_second = 209.279
