eval_accuracy = 0.506600022315979
eval_loss = 1.229508399963379
eval_mae = 0.621
eval_runtime = 38.2427
eval_samples_per_second = 130.744
