eval_accuracy = 0.5709999799728394
eval_loss = 0.9917706847190857
eval_mae = 0.5078
eval_runtime = 16.1303
eval_samples_per_second = 309.975
