eval_accuracy = 0.5475999712944031
eval_loss = 1.0856088399887085
eval_mae = 0.541
eval_runtime = 17.9976
eval_samples_per_second = 277.815
