eval_accuracy = 0.5929999947547913
eval_loss = 0.9607469439506531
eval_mae = 0.4826
eval_runtime = 17.5448
eval_samples_per_second = 284.985
