eval_accuracy = 0.5938000082969666
eval_loss = 1.006473422050476
eval_mae = 0.4682
eval_runtime = 17.2148
eval_samples_per_second = 290.447
