eval_accuracy = 0.592199981212616
eval_loss = 0.9607734084129333
eval_mae = 0.4828
eval_runtime = 17.3886
eval_samples_per_second = 287.545
