eval_accuracy = 0.5001999735832214
eval_loss = 1.2419697046279907
eval_mae = 0.5954
eval_runtime = 17.9156
eval_samples_per_second = 279.086
