eval_accuracy = 0.5622000098228455
eval_loss = 1.045379638671875
eval_mae = 0.5072
eval_runtime = 18.4202
eval_samples_per_second = 271.441
