eval_accuracy = 0.503000020980835
eval_loss = 1.1805304288864136
eval_mae = 0.5914
eval_runtime = 17.31
eval_samples_per_second = 288.85
