eval_accuracy = 0.475600004196167
eval_loss = 1.3429805040359497
eval_mae = 0.6934
eval_runtime = 17.0992
eval_samples_per_second = 292.411
