eval_accuracy = 0.48080000281333923
eval_loss = 1.3920124769210815
eval_mae = 0.674
eval_runtime = 24.0395
eval_samples_per_second = 207.991
