eval_accuracy = 0.5612000226974487
eval_loss = 1.045411229133606
eval_mae = 0.5082
eval_runtime = 18.3914
eval_samples_per_second = 271.867
