eval_accuracy = 0.48080000281333923
eval_loss = 1.3925892114639282
eval_mae = 0.674
eval_runtime = 32.7778
eval_samples_per_second = 152.542
