eval_accuracy = 0.5595999956130981
eval_loss = 1.0410200357437134
eval_mae = 0.51
eval_runtime = 19.2673
eval_samples_per_second = 259.506
