eval_accuracy = 0.5708000063896179
eval_loss = 1.019408106803894
eval_mae = 0.5078
eval_runtime = 17.2771
eval_samples_per_second = 289.4
