eval_accuracy = 0.5016000270843506
eval_loss = 1.1734023094177246
eval_mae = 0.5934
eval_runtime = 17.2881
eval_samples_per_second = 289.217
