eval_accuracy = 0.5031999945640564
eval_loss = 1.1791141033172607
eval_mae = 0.5928
eval_runtime = 17.2606
eval_samples_per_second = 289.677
