eval_accuracy = 0.5564000010490417
eval_loss = 1.0254303216934204
eval_mae = 0.535
eval_runtime = 17.3284
eval_samples_per_second = 288.543
