eval_accuracy = 0.43959999084472656
eval_loss = 1.443742036819458
eval_mae = 0.7292
eval_runtime = 33.2931
eval_samples_per_second = 150.181
