eval_accuracy = 0.621999979019165
eval_loss = 0.9509233236312866
eval_mae = 0.4276
eval_runtime = 17.4119
eval_samples_per_second = 287.16
