eval_accuracy = 0.5559999942779541
eval_loss = 1.0798314809799194
eval_mae = 0.5652
eval_runtime = 18.0111
eval_samples_per_second = 277.607
