eval_accuracy = 0.5580000281333923
eval_loss = 1.061710238456726
eval_mae = 0.5214
eval_runtime = 18.4808
eval_samples_per_second = 270.551
