eval_accuracy = 0.4991999864578247
eval_loss = 1.2396864891052246
eval_mae = 0.6456
eval_runtime = 21.5825
eval_samples_per_second = 231.669
