eval_accuracy = 0.5587999820709229
eval_loss = 1.0784704685211182
eval_mae = 0.5304
eval_runtime = 22.8351
eval_samples_per_second = 218.961
