eval_accuracy = 0.4740000069141388
eval_loss = 1.3423001766204834
eval_mae = 0.696
eval_runtime = 17.3886
eval_samples_per_second = 287.545
