eval_accuracy = 0.5759999752044678
eval_loss = 1.006117343902588
eval_mae = 0.4962
eval_runtime = 16.4061
eval_samples_per_second = 304.764
