eval_accuracy = 0.5299999713897705
eval_loss = 1.0531980991363525
eval_mae = 0.5682
eval_runtime = 16.1174
eval_samples_per_second = 310.225
