eval_accuracy = 0.5770000219345093
eval_loss = 1.0043693780899048
eval_mae = 0.4948
eval_runtime = 17.4708
eval_samples_per_second = 286.192
