eval_accuracy = 0.5478000044822693
eval_loss = 1.0858738422393799
eval_mae = 0.541
eval_runtime = 21.3121
eval_samples_per_second = 234.608
