eval_accuracy = 0.603600025177002
eval_loss = 0.9468165040016174
eval_mae = 0.4576
eval_runtime = 16.7115
eval_samples_per_second = 299.196
