eval_accuracy = 0.4684000015258789
eval_loss = 1.339111566543579
eval_mae = 0.6884
eval_runtime = 19.8445
eval_samples_per_second = 251.959
