eval_accuracy = 0.5005999803543091
eval_loss = 1.1757005453109741
eval_mae = 0.5952
eval_runtime = 17.2162
eval_samples_per_second = 290.424
