eval_accuracy = 0.5817999839782715
eval_loss = 0.9785845875740051
eval_mae = 0.4882
eval_runtime = 17.3415
eval_samples_per_second = 288.325
