eval_accuracy = 0.5483999848365784
eval_loss = 1.1486605405807495
eval_mae = 0.583
eval_runtime = 17.4476
eval_samples_per_second = 286.572
