eval_accuracy = 0.5758000016212463
eval_loss = 1.0052258968353271
eval_mae = 0.4956
eval_runtime = 17.2827
eval_samples_per_second = 289.307
