eval_accuracy = 0.5934000015258789
eval_loss = 0.9611825942993164
eval_mae = 0.4828
eval_runtime = 17.3746
eval_samples_per_second = 287.777
