eval_accuracy = 0.5558000206947327
eval_loss = 1.0790607929229736
eval_mae = 0.5346
eval_runtime = 33.0997
eval_samples_per_second = 151.059
