eval_accuracy = 0.5928000211715698
eval_loss = 0.9609919786453247
eval_mae = 0.4832
eval_runtime = 17.6361
eval_samples_per_second = 283.509
