eval_accuracy = 0.5515999794006348
eval_loss = 1.1468422412872314
eval_mae = 0.5786
eval_runtime = 17.4737
eval_samples_per_second = 286.145
