eval_accuracy = 0.574999988079071
eval_loss = 1.005780816078186
eval_mae = 0.4962
eval_runtime = 16.5145
eval_samples_per_second = 302.765
