eval_accuracy = 0.5568000078201294
eval_loss = 1.0635327100753784
eval_mae = 0.5238
eval_runtime = 18.3573
eval_samples_per_second = 272.371
