eval_accuracy = 0.6074000000953674
eval_loss = 0.9493408203125
eval_mae = 0.4488
eval_runtime = 20.2236
eval_samples_per_second = 247.236
