eval_accuracy = 0.5590000152587891
eval_loss = 1.0448490381240845
eval_mae = 0.5096
eval_runtime = 18.5793
eval_samples_per_second = 269.117
