eval_accuracy = 0.5924000144004822
eval_loss = 0.9476272463798523
eval_mae = 0.4694
eval_runtime = 29.4106
eval_samples_per_second = 170.007
