eval_accuracy = 0.5266000032424927
eval_loss = 1.053768515586853
eval_mae = 0.5708
eval_runtime = 17.0422
eval_samples_per_second = 293.39
