eval_accuracy = 0.5573999881744385
eval_loss = 1.0631028413772583
eval_mae = 0.523
eval_runtime = 18.0011
eval_samples_per_second = 277.76
