eval_accuracy = 0.5794000029563904
eval_loss = 1.0115398168563843
eval_mae = 0.4824
eval_runtime = 17.5646
eval_samples_per_second = 284.663
