eval_accuracy = 0.5577999949455261
eval_loss = 1.0624853372573853
eval_mae = 0.5214
eval_runtime = 18.2926
eval_samples_per_second = 273.335
