eval_accuracy = 0.48100000619888306
eval_loss = 1.3919843435287476
eval_mae = 0.6738
eval_runtime = 19.4014
eval_samples_per_second = 257.713
