eval_accuracy = 0.579800009727478
eval_loss = 1.0178170204162598
eval_mae = 0.4948
eval_runtime = 23.7363
eval_samples_per_second = 210.647
