eval_accuracy = 0.5911999940872192
eval_loss = 0.9479573965072632
eval_mae = 0.4626
eval_runtime = 16.2061
eval_samples_per_second = 308.527
