eval_accuracy = 0.5942000150680542
eval_loss = 1.0073299407958984
eval_mae = 0.467
eval_runtime = 17.3119
eval_samples_per_second = 288.819
