eval_accuracy = 0.5758000016212463
eval_loss = 1.0849252939224243
eval_mae = 0.51
eval_runtime = 16.2647
eval_samples_per_second = 307.414
