eval_accuracy = 0.5928000211715698
eval_loss = 0.9488713145256042
eval_mae = 0.461
eval_runtime = 17.1952
eval_samples_per_second = 290.779
