eval_accuracy = 0.5605999827384949
eval_loss = 1.045610785484314
eval_mae = 0.5088
eval_runtime = 18.3575
eval_samples_per_second = 272.368
