eval_accuracy = 0.47519999742507935
eval_loss = 1.3486762046813965
eval_mae = 0.6964
eval_runtime = 16.3212
eval_samples_per_second = 306.351
