eval_accuracy = 0.5550000071525574
eval_loss = 1.0251386165618896
eval_mae = 0.5364
eval_runtime = 17.2546
eval_samples_per_second = 289.777
