eval_accuracy = 0.5673999786376953
eval_loss = 1.015348196029663
eval_mae = 0.506
eval_runtime = 17.0181
eval_samples_per_second = 293.805
