eval_accuracy = 0.47679999470710754
eval_loss = 1.3441168069839478
eval_mae = 0.693
eval_runtime = 15.9756
eval_samples_per_second = 312.978
