eval_accuracy = 0.5591999888420105
eval_loss = 1.0801464319229126
eval_mae = 0.5614
eval_runtime = 18.5448
eval_samples_per_second = 269.618
