eval_accuracy = 0.5468000173568726
eval_loss = 1.1471070051193237
eval_mae = 0.5826
eval_runtime = 17.4464
eval_samples_per_second = 286.593
