eval_accuracy = 0.5651999711990356
eval_loss = 1.014370083808899
eval_mae = 0.5072
eval_runtime = 16.4364
eval_samples_per_second = 304.203
