eval_accuracy = 0.6055999994277954
eval_loss = 0.9463390707969666
eval_mae = 0.4564
eval_runtime = 17.2274
eval_samples_per_second = 290.235
