eval_accuracy = 0.5705999732017517
eval_loss = 0.9903910160064697
eval_mae = 0.5064
eval_runtime = 17.0144
eval_samples_per_second = 293.87
