eval_accuracy = 0.5565999746322632
eval_loss = 1.0627336502075195
eval_mae = 0.5216
eval_runtime = 18.3249
eval_samples_per_second = 272.853
