eval_accuracy = 0.503000020980835
eval_loss = 1.152822494506836
eval_mae = 0.5876
eval_runtime = 16.2438
eval_samples_per_second = 307.809
