eval_accuracy = 0.46959999203681946
eval_loss = 1.2957388162612915
eval_mae = 0.6818
eval_runtime = 26.5276
eval_samples_per_second = 188.483
