eval_accuracy = 0.5821999907493591
eval_loss = 1.0105648040771484
eval_mae = 0.48
eval_runtime = 17.5674
eval_samples_per_second = 284.617
