eval_accuracy = 0.5587999820709229
eval_loss = 1.0782861709594727
eval_mae = 0.5304
eval_runtime = 26.2044
eval_samples_per_second = 190.807
