eval_accuracy = 0.46779999136924744
eval_loss = 1.3382357358932495
eval_mae = 0.6892
eval_runtime = 24.6963
eval_samples_per_second = 202.459
