eval_accuracy = 0.5659999847412109
eval_loss = 1.0168646574020386
eval_mae = 0.5076
eval_runtime = 17.0023
eval_samples_per_second = 294.079
