eval_accuracy = 0.5934000015258789
eval_loss = 0.9482595920562744
eval_mae = 0.4612
eval_runtime = 16.6431
eval_samples_per_second = 300.424
