eval_accuracy = 0.5564000010490417
eval_loss = 1.0796064138412476
eval_mae = 0.5648
eval_runtime = 18.61
eval_samples_per_second = 268.673
