eval_accuracy = 0.5490000247955322
eval_loss = 1.1476372480392456
eval_mae = 0.5816
eval_runtime = 17.3802
eval_samples_per_second = 287.684
