eval_accuracy = 0.6068000197410583
eval_loss = 0.9496431350708008
eval_mae = 0.4492
eval_runtime = 19.9343
eval_samples_per_second = 250.824
