eval_accuracy = 0.4729999899864197
eval_loss = 1.3462014198303223
eval_mae = 0.6884
eval_runtime = 17.3043
eval_samples_per_second = 288.945
