eval_accuracy = 0.475600004196167
eval_loss = 1.3435049057006836
eval_mae = 0.6936
eval_runtime = 16.9968
eval_samples_per_second = 294.173
