eval_accuracy = 0.5812000036239624
eval_loss = 0.9791126847267151
eval_mae = 0.4892
eval_runtime = 17.3682
eval_samples_per_second = 287.882
