eval_accuracy = 0.4860000014305115
eval_loss = 1.3543154001235962
eval_mae = 0.6672
eval_runtime = 17.7944
eval_samples_per_second = 280.987
