eval_accuracy = 0.6000000238418579
eval_loss = 0.9556609392166138
eval_mae = 0.4638
eval_runtime = 16.1702
eval_samples_per_second = 309.21
