eval_accuracy = 0.5758000016212463
eval_loss = 1.0845377445220947
eval_mae = 0.5102
eval_runtime = 16.4391
eval_samples_per_second = 304.153
