eval_accuracy = 0.45820000767707825
eval_loss = 1.3674484491348267
eval_mae = 0.731
eval_runtime = 17.2452
eval_samples_per_second = 289.936
