eval_accuracy = 0.44040000438690186
eval_loss = 1.4451885223388672
eval_mae = 0.7284
eval_runtime = 19.4199
eval_samples_per_second = 257.467
