eval_accuracy = 0.593999981880188
eval_loss = 1.0083179473876953
eval_mae = 0.4676
eval_runtime = 17.3393
eval_samples_per_second = 288.363
