eval_accuracy = 0.593999981880188
eval_loss = 1.005555510520935
eval_mae = 0.4672
eval_runtime = 17.2091
eval_samples_per_second = 290.544
