eval_accuracy = 0.5558000206947327
eval_loss = 1.0802323818206787
eval_mae = 0.5658
eval_runtime = 20.934
eval_samples_per_second = 238.846
