eval_accuracy = 0.5609999895095825
eval_loss = 1.045839786529541
eval_mae = 0.508
eval_runtime = 20.1877
eval_samples_per_second = 247.676
