eval_accuracy = 0.545199990272522
eval_loss = 1.0296995639801025
eval_mae = 0.5398
eval_runtime = 16.4299
eval_samples_per_second = 304.323
