eval_accuracy = 0.5001999735832214
eval_loss = 1.241166591644287
eval_mae = 0.595
eval_runtime = 19.4951
eval_samples_per_second = 256.474
