eval_accuracy = 0.5270000100135803
eval_loss = 1.0533850193023682
eval_mae = 0.5704
eval_runtime = 16.6631
eval_samples_per_second = 300.064
