eval_accuracy = 0.4805999994277954
eval_loss = 1.393416404724121
eval_mae = 0.674
eval_runtime = 21.5216
eval_samples_per_second = 232.324
