eval_accuracy = 0.550000011920929
eval_loss = 1.1414670944213867
eval_mae = 0.579
eval_runtime = 16.8881
eval_samples_per_second = 296.067
