eval_accuracy = 0.4596000015735626
eval_loss = 1.364816665649414
eval_mae = 0.7284
eval_runtime = 17.3254
eval_samples_per_second = 288.594
