eval_accuracy = 0.5932000279426575
eval_loss = 1.0081076622009277
eval_mae = 0.4684
eval_runtime = 17.1778
eval_samples_per_second = 291.074
