eval_accuracy = 0.47279998660087585
eval_loss = 1.3277400732040405
eval_mae = 0.681
eval_runtime = 18.2993
eval_samples_per_second = 273.235
