eval_accuracy = 0.58160001039505
eval_loss = 0.9784399271011353
eval_mae = 0.4878
eval_runtime = 17.4132
eval_samples_per_second = 287.138
