eval_accuracy = 0.4392000138759613
eval_loss = 1.4426515102386475
eval_mae = 0.73
eval_runtime = 18.6098
eval_samples_per_second = 268.675
