eval_accuracy = 0.5694000124931335
eval_loss = 1.0218111276626587
eval_mae = 0.508
eval_runtime = 17.3564
eval_samples_per_second = 288.078
