eval_accuracy = 0.4803999960422516
eval_loss = 1.3919726610183716
eval_mae = 0.6742
eval_runtime = 29.5664
eval_samples_per_second = 169.111
