eval_accuracy = 0.5935999751091003
eval_loss = 1.0069153308868408
eval_mae = 0.4668
eval_runtime = 17.1648
eval_samples_per_second = 291.294
