eval_accuracy = 0.592199981212616
eval_loss = 0.9477633833885193
eval_mae = 0.4702
eval_runtime = 18.6415
eval_samples_per_second = 268.219
