eval_accuracy = 0.5824000239372253
eval_loss = 1.0199480056762695
eval_mae = 0.4938
eval_runtime = 18.472
eval_samples_per_second = 270.68
