eval_accuracy = 0.5943999886512756
eval_loss = 0.9605260491371155
eval_mae = 0.4814
eval_runtime = 17.3683
eval_samples_per_second = 287.88
