eval_accuracy = 0.47600001096725464
eval_loss = 1.3426449298858643
eval_mae = 0.693
eval_runtime = 16.3792
eval_samples_per_second = 305.265
