eval_accuracy = 0.5694000124931335
eval_loss = 0.9947400093078613
eval_mae = 0.5086
eval_runtime = 16.936
eval_samples_per_second = 295.228
