eval_accuracy = 0.5902000069618225
eval_loss = 0.9498973488807678
eval_mae = 0.4634
eval_runtime = 17.2064
eval_samples_per_second = 290.59
