eval_accuracy = 0.5649999976158142
eval_loss = 1.013023853302002
eval_mae = 0.506
eval_runtime = 17.1561
eval_samples_per_second = 291.441
