eval_accuracy = 0.5594000220298767
eval_loss = 1.0626444816589355
eval_mae = 0.519
eval_runtime = 18.1057
eval_samples_per_second = 276.155
