eval_accuracy = 0.5005999803543091
eval_loss = 1.2433178424835205
eval_mae = 0.5946
eval_runtime = 18.6612
eval_samples_per_second = 267.936
