eval_accuracy = 0.47999998927116394
eval_loss = 1.3902417421340942
eval_mae = 0.6748
eval_runtime = 19.8077
eval_samples_per_second = 252.427
