eval_accuracy = 0.5559999942779541
eval_loss = 1.0804716348648071
eval_mae = 0.5654
eval_runtime = 27.8791
eval_samples_per_second = 179.346
