eval_accuracy = 0.5001999735832214
eval_loss = 1.226806402206421
eval_mae = 0.6024
eval_runtime = 18.4715
eval_samples_per_second = 270.687
