eval_accuracy = 0.5641999840736389
eval_loss = 1.0149017572402954
eval_mae = 0.5086
eval_runtime = 16.3334
eval_samples_per_second = 306.121
