eval_accuracy = 0.5004000067710876
eval_loss = 1.2279132604599
eval_mae = 0.6026
eval_runtime = 18.4789
eval_samples_per_second = 270.579
