eval_accuracy = 0.46880000829696655
eval_loss = 1.2971421480178833
eval_mae = 0.6804
eval_runtime = 23.2889
eval_samples_per_second = 214.695
