eval_accuracy = 0.5906000137329102
eval_loss = 0.9489699006080627
eval_mae = 0.4632
eval_runtime = 16.5171
eval_samples_per_second = 302.717
