eval_accuracy = 0.6367999911308289
eval_loss = 0.8949775099754333
eval_mae = 0.4146
eval_runtime = 19.1284
eval_samples_per_second = 261.392
