eval_accuracy = 0.45879998803138733
eval_loss = 1.3672459125518799
eval_mae = 0.7306
eval_runtime = 17.2763
eval_samples_per_second = 289.415
