eval_accuracy = 0.4848000109195709
eval_loss = 1.3545293807983398
eval_mae = 0.6682
eval_runtime = 18.4018
eval_samples_per_second = 271.713
