eval_accuracy = 0.46779999136924744
eval_loss = 1.2964025735855103
eval_mae = 0.6816
eval_runtime = 25.1218
eval_samples_per_second = 199.03
