eval_accuracy = 0.46639999747276306
eval_loss = 1.2934746742248535
eval_mae = 0.6794
eval_runtime = 17.7707
eval_samples_per_second = 281.362
