eval_accuracy = 0.5591999888420105
eval_loss = 1.0787439346313477
eval_mae = 0.5302
eval_runtime = 31.4454
eval_samples_per_second = 159.006
