eval_accuracy = 0.5486000180244446
eval_loss = 1.1434684991836548
eval_mae = 0.581
eval_runtime = 17.492
eval_samples_per_second = 285.845
