eval_accuracy = 0.5813999772071838
eval_loss = 1.0186126232147217
eval_mae = 0.4934
eval_runtime = 36.3474
eval_samples_per_second = 137.561
