eval_accuracy = 0.4968000054359436
eval_loss = 1.239518404006958
eval_mae = 0.6488
eval_runtime = 23.1969
eval_samples_per_second = 215.546
