eval_accuracy = 0.6021999716758728
eval_loss = 0.9333652257919312
eval_mae = 0.453
eval_runtime = 17.0111
eval_samples_per_second = 293.927
