eval_accuracy = 0.5464000105857849
eval_loss = 1.0305824279785156
eval_mae = 0.5386
eval_runtime = 17.3195
eval_samples_per_second = 288.691
