eval_accuracy = 0.5072000026702881
eval_loss = 1.2315456867218018
eval_mae = 0.62
eval_runtime = 18.9842
eval_samples_per_second = 263.376
