eval_accuracy = 0.5681999921798706
eval_loss = 1.0235042572021484
eval_mae = 0.5116
eval_runtime = 16.2806
eval_samples_per_second = 307.114
