eval_accuracy = 0.5616000294685364
eval_loss = 1.045262098312378
eval_mae = 0.5072
eval_runtime = 18.4851
eval_samples_per_second = 270.488
