eval_accuracy = 0.5753999948501587
eval_loss = 1.0853668451309204
eval_mae = 0.5106
eval_runtime = 16.6656
eval_samples_per_second = 300.019
