eval_accuracy = 0.6363999843597412
eval_loss = 0.8894308805465698
eval_mae = 0.4148
eval_runtime = 20.4166
eval_samples_per_second = 244.899
