eval_accuracy = 0.5925999879837036
eval_loss = 0.9484580159187317
eval_mae = 0.4696
eval_runtime = 19.4287
eval_samples_per_second = 257.352
