eval_accuracy = 0.6037999987602234
eval_loss = 0.9620895385742188
eval_mae = 0.453
eval_runtime = 18.4528
eval_samples_per_second = 270.962
