eval_accuracy = 0.6011999845504761
eval_loss = 0.9557305574417114
eval_mae = 0.4622
eval_runtime = 17.5065
eval_samples_per_second = 285.608
