eval_accuracy = 0.6057999730110168
eval_loss = 0.9495832324028015
eval_mae = 0.451
eval_runtime = 19.5832
eval_samples_per_second = 255.321
