eval_accuracy = 0.548799991607666
eval_loss = 1.147367238998413
eval_mae = 0.5822
eval_runtime = 16.8498
eval_samples_per_second = 296.739
