eval_accuracy = 0.6362000107765198
eval_loss = 0.8894884586334229
eval_mae = 0.4148
eval_runtime = 18.928
eval_samples_per_second = 264.159
