eval_accuracy = 0.5992000102996826
eval_loss = 0.9554955363273621
eval_mae = 0.4638
eval_runtime = 17.3398
eval_samples_per_second = 288.355
