eval_accuracy = 0.5934000015258789
eval_loss = 1.0073693990707397
eval_mae = 0.4678
eval_runtime = 17.1987
eval_samples_per_second = 290.719
