eval_accuracy = 0.555400013923645
eval_loss = 1.0254817008972168
eval_mae = 0.536
eval_runtime = 17.2449
eval_samples_per_second = 289.941
