eval_accuracy = 0.47519999742507935
eval_loss = 1.3436976671218872
eval_mae = 0.694
eval_runtime = 17.2332
eval_samples_per_second = 290.138
