eval_accuracy = 0.5022000074386597
eval_loss = 1.1770601272583008
eval_mae = 0.5926
eval_runtime = 17.7722
eval_samples_per_second = 281.338
