eval_accuracy = 0.4724000096321106
eval_loss = 1.348653793334961
eval_mae = 0.6886
eval_runtime = 17.2064
eval_samples_per_second = 290.59
