eval_accuracy = 0.5569999814033508
eval_loss = 1.064478874206543
eval_mae = 0.5232
eval_runtime = 18.3196
eval_samples_per_second = 272.931
