eval_accuracy = 0.576200008392334
eval_loss = 1.0046929121017456
eval_mae = 0.4964
eval_runtime = 16.4505
eval_samples_per_second = 303.943
