eval_accuracy = 0.5493999719619751
eval_loss = 1.146785855293274
eval_mae = 0.5804
eval_runtime = 17.4688
eval_samples_per_second = 286.225
