eval_accuracy = 0.545199990272522
eval_loss = 1.0298490524291992
eval_mae = 0.5398
eval_runtime = 16.6659
eval_samples_per_second = 300.013
