eval_accuracy = 0.5281999707221985
eval_loss = 1.0541762113571167
eval_mae = 0.57
eval_runtime = 17.0166
eval_samples_per_second = 293.831
