eval_accuracy = 0.548799991607666
eval_loss = 1.1473273038864136
eval_mae = 0.5816
eval_runtime = 17.4968
eval_samples_per_second = 285.767
