eval_accuracy = 0.5482000112533569
eval_loss = 1.1478346586227417
eval_mae = 0.582
eval_runtime = 17.462
eval_samples_per_second = 286.335
