eval_accuracy = 0.5758000016212463
eval_loss = 1.0858670473098755
eval_mae = 0.5092
eval_runtime = 16.393
eval_samples_per_second = 305.008
