eval_accuracy = 0.6362000107765198
eval_loss = 0.8899946212768555
eval_mae = 0.4146
eval_runtime = 20.2519
eval_samples_per_second = 246.89
