eval_accuracy = 0.49720001220703125
eval_loss = 1.2387031316757202
eval_mae = 0.6476
eval_runtime = 19.9224
eval_samples_per_second = 250.974
