eval_accuracy = 0.47119998931884766
eval_loss = 1.348522663116455
eval_mae = 0.6904
eval_runtime = 17.3381
eval_samples_per_second = 288.382
