eval_accuracy = 0.6205999851226807
eval_loss = 0.950767993927002
eval_mae = 0.4288
eval_runtime = 17.4659
eval_samples_per_second = 286.272
