eval_accuracy = 0.49900001287460327
eval_loss = 1.156309723854065
eval_mae = 0.592
eval_runtime = 17.2672
eval_samples_per_second = 289.567
