eval_accuracy = 0.47519999742507935
eval_loss = 1.3423432111740112
eval_mae = 0.6932
eval_runtime = 16.7901
eval_samples_per_second = 297.795
