eval_accuracy = 0.4684000015258789
eval_loss = 1.3458470106124878
eval_mae = 0.6904
eval_runtime = 18.535
eval_samples_per_second = 269.76
