eval_accuracy = 0.5440000295639038
eval_loss = 1.0851757526397705
eval_mae = 0.545
eval_runtime = 28.135
eval_samples_per_second = 177.715
