eval_accuracy = 0.47119998931884766
eval_loss = 1.3466269969940186
eval_mae = 0.6894
eval_runtime = 17.2105
eval_samples_per_second = 290.521
