eval_accuracy = 0.4675999879837036
eval_loss = 1.2967936992645264
eval_mae = 0.682
eval_runtime = 19.7392
eval_samples_per_second = 253.303
