eval_accuracy = 0.5604000091552734
eval_loss = 1.0464503765106201
eval_mae = 0.509
eval_runtime = 21.3859
eval_samples_per_second = 233.799
