eval_accuracy = 0.5795999765396118
eval_loss = 1.0168646574020386
eval_mae = 0.4952
eval_runtime = 19.6587
eval_samples_per_second = 254.34
