eval_accuracy = 0.5758000016212463
eval_loss = 1.0052869319915771
eval_mae = 0.496
eval_runtime = 17.362
eval_samples_per_second = 287.985
