eval_accuracy = 0.503600001335144
eval_loss = 1.1754859685897827
eval_mae = 0.5898
eval_runtime = 17.3684
eval_samples_per_second = 287.88
