eval_accuracy = 0.5266000032424927
eval_loss = 1.0537744760513306
eval_mae = 0.5712
eval_runtime = 17.2105
eval_samples_per_second = 290.521
