eval_accuracy = 0.5019999742507935
eval_loss = 1.2273329496383667
eval_mae = 0.599
eval_runtime = 18.3927
eval_samples_per_second = 271.847
