eval_accuracy = 0.46799999475479126
eval_loss = 1.3392741680145264
eval_mae = 0.6886
eval_runtime = 31.4344
eval_samples_per_second = 159.062
