eval_accuracy = 0.6075999736785889
eval_loss = 0.9502564668655396
eval_mae = 0.4488
eval_runtime = 18.4525
eval_samples_per_second = 270.967
