eval_accuracy = 0.5738000273704529
eval_loss = 1.0812779664993286
eval_mae = 0.5096
eval_runtime = 16.0223
eval_samples_per_second = 312.066
