eval_accuracy = 0.546999990940094
eval_loss = 1.0870146751403809
eval_mae = 0.5422
eval_runtime = 23.422
eval_samples_per_second = 213.475
