eval_accuracy = 0.592199981212616
eval_loss = 0.9471722841262817
eval_mae = 0.4702
eval_runtime = 18.5312
eval_samples_per_second = 269.815
