eval_accuracy = 0.4984000027179718
eval_loss = 1.231005311012268
eval_mae = 0.6044
eval_runtime = 18.4857
eval_samples_per_second = 270.479
