eval_accuracy = 0.4745999872684479
eval_loss = 1.342322826385498
eval_mae = 0.6942
eval_runtime = 16.382
eval_samples_per_second = 305.213
