eval_accuracy = 0.5509999990463257
eval_loss = 1.1477482318878174
eval_mae = 0.5798
eval_runtime = 16.7835
eval_samples_per_second = 297.912
