eval_accuracy = 0.6050000190734863
eval_loss = 0.9489777088165283
eval_mae = 0.452
eval_runtime = 19.5482
eval_samples_per_second = 255.778
