eval_accuracy = 0.5490000247955322
eval_loss = 1.147188425064087
eval_mae = 0.5822
eval_runtime = 17.0171
eval_samples_per_second = 293.822
