eval_accuracy = 0.5008000135421753
eval_loss = 1.1766477823257446
eval_mae = 0.5952
eval_runtime = 17.2992
eval_samples_per_second = 289.031
