eval_accuracy = 0.5935999751091003
eval_loss = 1.0069010257720947
eval_mae = 0.4686
eval_runtime = 16.595
eval_samples_per_second = 301.296
