eval_accuracy = 0.574999988079071
eval_loss = 1.0846816301345825
eval_mae = 0.5112
eval_runtime = 17.1055
eval_samples_per_second = 292.303
