eval_accuracy = 0.5478000044822693
eval_loss = 1.0860549211502075
eval_mae = 0.5408
eval_runtime = 25.32
eval_samples_per_second = 197.473
