eval_accuracy = 0.5759999752044678
eval_loss = 1.006309986114502
eval_mae = 0.4952
eval_runtime = 17.1903
eval_samples_per_second = 290.862
