eval_accuracy = 0.592199981212616
eval_loss = 0.9616333842277527
eval_mae = 0.4844
eval_runtime = 17.3311
eval_samples_per_second = 288.499
