eval_accuracy = 0.5062000155448914
eval_loss = 1.2287789583206177
eval_mae = 0.6212
eval_runtime = 18.8923
eval_samples_per_second = 264.658
