eval_accuracy = 0.6082000136375427
eval_loss = 0.9498324990272522
eval_mae = 0.4472
eval_runtime = 18.4555
eval_samples_per_second = 270.922
