eval_accuracy = 0.4699999988079071
eval_loss = 1.293269395828247
eval_mae = 0.6778
eval_runtime = 33.642
eval_samples_per_second = 148.624
