eval_accuracy = 0.4562000036239624
eval_loss = 1.3629142045974731
eval_mae = 0.7316
eval_runtime = 16.7487
eval_samples_per_second = 298.531
