eval_accuracy = 0.5917999744415283
eval_loss = 0.9597064256668091
eval_mae = 0.4846
eval_runtime = 17.2242
eval_samples_per_second = 290.29
