eval_accuracy = 0.5396000146865845
eval_loss = 1.0312378406524658
eval_mae = 0.5432
eval_runtime = 16.6949
eval_samples_per_second = 299.493
