eval_accuracy = 0.6000000238418579
eval_loss = 0.9555604457855225
eval_mae = 0.4626
eval_runtime = 17.3337
eval_samples_per_second = 288.455
