eval_accuracy = 0.5928000211715698
eval_loss = 0.9605970978736877
eval_mae = 0.4832
eval_runtime = 17.2641
eval_samples_per_second = 289.618
