eval_accuracy = 0.5997999906539917
eval_loss = 0.9556019306182861
eval_mae = 0.4642
eval_runtime = 17.1998
eval_samples_per_second = 290.701
