eval_accuracy = 0.5812000036239624
eval_loss = 1.0124304294586182
eval_mae = 0.4798
eval_runtime = 17.5156
eval_samples_per_second = 285.461
