eval_accuracy = 0.5716000199317932
eval_loss = 0.9905152320861816
eval_mae = 0.5054
eval_runtime = 16.9213
eval_samples_per_second = 295.485
