eval_accuracy = 0.5795999765396118
eval_loss = 1.0118513107299805
eval_mae = 0.482
eval_runtime = 16.7984
eval_samples_per_second = 297.647
