eval_accuracy = 0.49959999322891235
eval_loss = 1.227737545967102
eval_mae = 0.604
eval_runtime = 18.354
eval_samples_per_second = 272.42
