eval_accuracy = 0.4779999852180481
eval_loss = 1.3367561101913452
eval_mae = 0.6916
eval_runtime = 16.2974
eval_samples_per_second = 306.797
