eval_accuracy = 0.46779999136924744
eval_loss = 1.3354958295822144
eval_mae = 0.6876
eval_runtime = 19.4672
eval_samples_per_second = 256.843
