eval_accuracy = 0.5591999888420105
eval_loss = 1.0459235906600952
eval_mae = 0.5108
eval_runtime = 18.1073
eval_samples_per_second = 276.131
