eval_accuracy = 0.553600013256073
eval_loss = 1.022334337234497
eval_mae = 0.537
eval_runtime = 17.2548
eval_samples_per_second = 289.775
