eval_accuracy = 0.46799999475479126
eval_loss = 1.3374351263046265
eval_mae = 0.6886
eval_runtime = 18.3875
eval_samples_per_second = 271.924
