eval_accuracy = 0.48339998722076416
eval_loss = 1.3517463207244873
eval_mae = 0.6712
eval_runtime = 17.8417
eval_samples_per_second = 280.242
