eval_accuracy = 0.5562000274658203
eval_loss = 1.0803062915802002
eval_mae = 0.5658
eval_runtime = 18.1466
eval_samples_per_second = 275.534
