eval_accuracy = 0.5559999942779541
eval_loss = 1.0801310539245605
eval_mae = 0.565
eval_runtime = 18.2489
eval_samples_per_second = 273.989
