eval_accuracy = 0.555400013923645
eval_loss = 1.0236537456512451
eval_mae = 0.5336
eval_runtime = 17.4515
eval_samples_per_second = 286.509
