eval_accuracy = 0.5479999780654907
eval_loss = 1.1475532054901123
eval_mae = 0.5812
eval_runtime = 16.9246
eval_samples_per_second = 295.428
