eval_accuracy = 0.5649999976158142
eval_loss = 1.013464093208313
eval_mae = 0.5074
eval_runtime = 17.0447
eval_samples_per_second = 293.346
