eval_accuracy = 0.6064000129699707
eval_loss = 0.9486039280891418
eval_mae = 0.4496
eval_runtime = 17.9305
eval_samples_per_second = 278.854
