eval_accuracy = 0.5608000159263611
eval_loss = 1.0766215324401855
eval_mae = 0.5286
eval_runtime = 33.3228
eval_samples_per_second = 150.047
