eval_accuracy = 0.4691999852657318
eval_loss = 1.2956985235214233
eval_mae = 0.6798
eval_runtime = 17.8069
eval_samples_per_second = 280.791
