eval_accuracy = 0.527999997138977
eval_loss = 1.0535591840744019
eval_mae = 0.5676
eval_runtime = 16.857
eval_samples_per_second = 296.613
