eval_accuracy = 0.5745999813079834
eval_loss = 1.0848610401153564
eval_mae = 0.512
eval_runtime = 16.4479
eval_samples_per_second = 303.991
