eval_accuracy = 0.5460000038146973
eval_loss = 1.0844998359680176
eval_mae = 0.542
eval_runtime = 18.5743
eval_samples_per_second = 269.189
