eval_accuracy = 0.5989999771118164
eval_loss = 0.9552777409553528
eval_mae = 0.4644
eval_runtime = 17.3226
eval_samples_per_second = 288.64
