eval_accuracy = 0.605400025844574
eval_loss = 0.9459981322288513
eval_mae = 0.456
eval_runtime = 17.4435
eval_samples_per_second = 286.64
