eval_accuracy = 0.5059999823570251
eval_loss = 1.22846257686615
eval_mae = 0.6218
eval_runtime = 19.0942
eval_samples_per_second = 261.859
