eval_accuracy = 0.5019999742507935
eval_loss = 1.244950532913208
eval_mae = 0.6308
eval_runtime = 18.7944
eval_samples_per_second = 266.037
