eval_accuracy = 0.6007999777793884
eval_loss = 0.934848427772522
eval_mae = 0.4542
eval_runtime = 16.1305
eval_samples_per_second = 309.972
