eval_accuracy = 0.4934000074863434
eval_loss = 1.2405962944030762
eval_mae = 0.6502
eval_runtime = 18.6854
eval_samples_per_second = 267.588
