eval_accuracy = 0.5784000158309937
eval_loss = 1.0174039602279663
eval_mae = 0.4842
eval_runtime = 17.5027
eval_samples_per_second = 285.67
