eval_accuracy = 0.5005999803543091
eval_loss = 1.1549309492111206
eval_mae = 0.5898
eval_runtime = 17.4996
eval_samples_per_second = 285.72
