eval_accuracy = 0.5564000010490417
eval_loss = 1.0616763830184937
eval_mae = 0.5218
eval_runtime = 18.3956
eval_samples_per_second = 271.804
