eval_accuracy = 0.5896000266075134
eval_loss = 0.9495036005973816
eval_mae = 0.465
eval_runtime = 16.5807
eval_samples_per_second = 301.555
