eval_accuracy = 0.5564000010490417
eval_loss = 1.023689866065979
eval_mae = 0.5328
eval_runtime = 17.319
eval_samples_per_second = 288.7
