eval_accuracy = 0.5496000051498413
eval_loss = 1.1476489305496216
eval_mae = 0.581
eval_runtime = 17.3864
eval_samples_per_second = 287.581
