eval_accuracy = 0.5562000274658203
eval_loss = 1.0802452564239502
eval_mae = 0.5652
eval_runtime = 26.7125
eval_samples_per_second = 187.178
