eval_accuracy = 0.5001999735832214
eval_loss = 1.2423207759857178
eval_mae = 0.595
eval_runtime = 18.5737
eval_samples_per_second = 269.198
