eval_accuracy = 0.5907999873161316
eval_loss = 0.9489843845367432
eval_mae = 0.4624
eval_runtime = 19.2869
eval_samples_per_second = 259.243
