eval_accuracy = 0.5932000279426575
eval_loss = 0.9606884717941284
eval_mae = 0.4818
eval_runtime = 17.5604
eval_samples_per_second = 284.732
