eval_accuracy = 0.5813999772071838
eval_loss = 0.9785251021385193
eval_mae = 0.4894
eval_runtime = 17.2821
eval_samples_per_second = 289.317
