eval_accuracy = 0.5576000213623047
eval_loss = 1.0632981061935425
eval_mae = 0.5216
eval_runtime = 18.2929
eval_samples_per_second = 273.329
