eval_accuracy = 0.635200023651123
eval_loss = 0.889335572719574
eval_mae = 0.4166
eval_runtime = 21.2016
eval_samples_per_second = 235.831
