eval_accuracy = 0.5807999968528748
eval_loss = 1.0116493701934814
eval_mae = 0.4812
eval_runtime = 17.4347
eval_samples_per_second = 286.785
