eval_accuracy = 0.5703999996185303
eval_loss = 0.9909669756889343
eval_mae = 0.5068
eval_runtime = 15.8729
eval_samples_per_second = 315.003
