eval_accuracy = 0.4812000095844269
eval_loss = 1.391727328300476
eval_mae = 0.6734
eval_runtime = 33.1045
eval_samples_per_second = 151.037
