eval_accuracy = 0.5008000135421753
eval_loss = 1.2295185327529907
eval_mae = 0.601
eval_runtime = 27.9841
eval_samples_per_second = 178.673
