eval_accuracy = 0.5842000246047974
eval_loss = 0.9764115214347839
eval_mae = 0.4836
eval_runtime = 17.3719
eval_samples_per_second = 287.821
