eval_accuracy = 0.569599986076355
eval_loss = 0.9910624027252197
eval_mae = 0.5098
eval_runtime = 16.9693
eval_samples_per_second = 294.649
