eval_accuracy = 0.5971999764442444
eval_loss = 0.9551247954368591
eval_mae = 0.4674
eval_runtime = 17.284
eval_samples_per_second = 289.285
