eval_accuracy = 0.6032000184059143
eval_loss = 0.936446487903595
eval_mae = 0.4526
eval_runtime = 17.076
eval_samples_per_second = 292.809
