eval_accuracy = 0.6015999913215637
eval_loss = 0.9349687695503235
eval_mae = 0.4536
eval_runtime = 17.0205
eval_samples_per_second = 293.764
