eval_accuracy = 0.5271999835968018
eval_loss = 1.0531291961669922
eval_mae = 0.57
eval_runtime = 16.2629
eval_samples_per_second = 307.448
