eval_accuracy = 0.5910000205039978
eval_loss = 0.9612457752227783
eval_mae = 0.4858
eval_runtime = 16.7105
eval_samples_per_second = 299.213
