eval_accuracy = 0.5465999841690063
eval_loss = 1.1505776643753052
eval_mae = 0.586
eval_runtime = 17.5588
eval_samples_per_second = 284.757
