eval_accuracy = 0.4397999942302704
eval_loss = 1.4427168369293213
eval_mae = 0.7292
eval_runtime = 23.5499
eval_samples_per_second = 212.315
