eval_accuracy = 0.49540001153945923
eval_loss = 1.2399060726165771
eval_mae = 0.649
eval_runtime = 18.8121
eval_samples_per_second = 265.787
