eval_accuracy = 0.527999997138977
eval_loss = 1.0547070503234863
eval_mae = 0.5688
eval_runtime = 16.3063
eval_samples_per_second = 306.63
