eval_accuracy = 0.5001999735832214
eval_loss = 1.2278707027435303
eval_mae = 0.6026
eval_runtime = 18.3557
eval_samples_per_second = 272.394
