eval_accuracy = 0.5609999895095825
eval_loss = 1.0455787181854248
eval_mae = 0.5082
eval_runtime = 22.4785
eval_samples_per_second = 222.435
