eval_accuracy = 0.6068000197410583
eval_loss = 0.9497156143188477
eval_mae = 0.4494
eval_runtime = 18.4034
eval_samples_per_second = 271.688
