eval_accuracy = 0.5794000029563904
eval_loss = 1.017820954322815
eval_mae = 0.4826
eval_runtime = 17.5139
eval_samples_per_second = 285.487
