eval_accuracy = 0.5009999871253967
eval_loss = 1.154579520225525
eval_mae = 0.5894
eval_runtime = 17.3334
eval_samples_per_second = 288.461
