eval_accuracy = 0.48420000076293945
eval_loss = 1.3516080379486084
eval_mae = 0.6702
eval_runtime = 19.6933
eval_samples_per_second = 253.894
