eval_accuracy = 0.5582000017166138
eval_loss = 1.0788650512695312
eval_mae = 0.531
eval_runtime = 27.5493
eval_samples_per_second = 181.493
