eval_accuracy = 0.5644000172615051
eval_loss = 1.014512300491333
eval_mae = 0.5086
eval_runtime = 17.0196
eval_samples_per_second = 293.778
