eval_accuracy = 0.5924000144004822
eval_loss = 0.9608481526374817
eval_mae = 0.4834
eval_runtime = 17.3347
eval_samples_per_second = 288.439
