eval_accuracy = 0.5022000074386597
eval_loss = 1.158294916152954
eval_mae = 0.587
eval_runtime = 17.2398
eval_samples_per_second = 290.027
