eval_accuracy = 0.5608000159263611
eval_loss = 1.0459932088851929
eval_mae = 0.5086
eval_runtime = 18.39
eval_samples_per_second = 271.887
