eval_accuracy = 0.5618000030517578
eval_loss = 1.045135736465454
eval_mae = 0.5078
eval_runtime = 18.3512
eval_samples_per_second = 272.461
