eval_accuracy = 0.6373999714851379
eval_loss = 0.8891850709915161
eval_mae = 0.413
eval_runtime = 19.1667
eval_samples_per_second = 260.869
