eval_accuracy = 0.4675999879837036
eval_loss = 1.2963663339614868
eval_mae = 0.682
eval_runtime = 18.3481
eval_samples_per_second = 272.507
