eval_accuracy = 0.5063999891281128
eval_loss = 1.2290388345718384
eval_mae = 0.6212
eval_runtime = 29.646
eval_samples_per_second = 168.657
