eval_accuracy = 0.5580000281333923
eval_loss = 1.0271613597869873
eval_mae = 0.5338
eval_runtime = 17.3519
eval_samples_per_second = 288.154
