eval_accuracy = 0.4765999913215637
eval_loss = 1.3496973514556885
eval_mae = 0.695
eval_runtime = 16.3649
eval_samples_per_second = 305.532
