eval_accuracy = 0.47519999742507935
eval_loss = 1.3427964448928833
eval_mae = 0.6942
eval_runtime = 16.9209
eval_samples_per_second = 295.493
