eval_accuracy = 0.5464000105857849
eval_loss = 1.0297980308532715
eval_mae = 0.5384
eval_runtime = 17.5878
eval_samples_per_second = 284.289
