eval_accuracy = 0.5809999704360962
eval_loss = 1.0187947750091553
eval_mae = 0.4938
eval_runtime = 24.4563
eval_samples_per_second = 204.446
