eval_accuracy = 0.4681999981403351
eval_loss = 1.339173674583435
eval_mae = 0.6884
eval_runtime = 24.4795
eval_samples_per_second = 204.253
