eval_accuracy = 0.438400000333786
eval_loss = 1.4452258348464966
eval_mae = 0.7328
eval_runtime = 18.9997
eval_samples_per_second = 263.162
