eval_accuracy = 0.4690000116825104
eval_loss = 1.3379260301589966
eval_mae = 0.6874
eval_runtime = 20.8113
eval_samples_per_second = 240.254
