eval_accuracy = 0.5752000212669373
eval_loss = 1.0055919885635376
eval_mae = 0.496
eval_runtime = 17.1253
eval_samples_per_second = 291.966
