eval_accuracy = 0.503600001335144
eval_loss = 1.1518677473068237
eval_mae = 0.59
eval_runtime = 17.6883
eval_samples_per_second = 282.673
