eval_accuracy = 0.5559999942779541
eval_loss = 1.080273985862732
eval_mae = 0.5654
eval_runtime = 30.9336
eval_samples_per_second = 161.637
