eval_accuracy = 0.4415999948978424
eval_loss = 1.4349627494812012
eval_mae = 0.7246
eval_runtime = 24.2796
eval_samples_per_second = 205.934
