eval_accuracy = 0.5264000296592712
eval_loss = 1.0528473854064941
eval_mae = 0.5708
eval_runtime = 16.2538
eval_samples_per_second = 307.62
