eval_accuracy = 0.5914000272750854
eval_loss = 0.9610304832458496
eval_mae = 0.4854
eval_runtime = 17.2276
eval_samples_per_second = 290.232
