eval_accuracy = 0.4722000062465668
eval_loss = 1.348512887954712
eval_mae = 0.6896
eval_runtime = 17.4189
eval_samples_per_second = 287.044
