eval_accuracy = 0.4706000089645386
eval_loss = 1.3459327220916748
eval_mae = 0.692
eval_runtime = 17.4054
eval_samples_per_second = 287.268
