eval_accuracy = 0.5284000039100647
eval_loss = 1.0525461435317993
eval_mae = 0.5666
eval_runtime = 16.969
eval_samples_per_second = 294.655
