eval_accuracy = 0.5809999704360962
eval_loss = 1.0187021493911743
eval_mae = 0.4938
eval_runtime = 21.3485
eval_samples_per_second = 234.208
