eval_accuracy = 0.5004000067710876
eval_loss = 1.2415210008621216
eval_mae = 0.5948
eval_runtime = 21.0142
eval_samples_per_second = 237.934
