eval_accuracy = 0.5924000144004822
eval_loss = 0.9609483480453491
eval_mae = 0.4844
eval_runtime = 17.3562
eval_samples_per_second = 288.082
