eval_accuracy = 0.5935999751091003
eval_loss = 1.0061861276626587
eval_mae = 0.4666
eval_runtime = 17.4234
eval_samples_per_second = 286.971
