eval_accuracy = 0.6194000244140625
eval_loss = 0.9504132866859436
eval_mae = 0.4298
eval_runtime = 17.3319
eval_samples_per_second = 288.485
