eval_accuracy = 0.5482000112533569
eval_loss = 1.147767186164856
eval_mae = 0.583
eval_runtime = 16.8499
eval_samples_per_second = 296.738
