eval_accuracy = 0.5756000280380249
eval_loss = 1.0847851037979126
eval_mae = 0.5108
eval_runtime = 16.4231
eval_samples_per_second = 304.449
