eval_accuracy = 0.5911999940872192
eval_loss = 0.9606627225875854
eval_mae = 0.4848
eval_runtime = 17.3004
eval_samples_per_second = 289.011
