eval_accuracy = 0.5817999839782715
eval_loss = 0.9788054823875427
eval_mae = 0.4886
eval_runtime = 17.3471
eval_samples_per_second = 288.233
