eval_accuracy = 0.6014000177383423
eval_loss = 0.9352606534957886
eval_mae = 0.4544
eval_runtime = 16.4222
eval_samples_per_second = 304.466
