eval_accuracy = 0.5932000279426575
eval_loss = 0.9606343507766724
eval_mae = 0.4828
eval_runtime = 17.3058
eval_samples_per_second = 288.92
