eval_accuracy = 0.49300000071525574
eval_loss = 1.2433286905288696
eval_mae = 0.6496
eval_runtime = 18.9357
eval_samples_per_second = 264.052
