eval_accuracy = 0.592199981212616
eval_loss = 0.9476865530014038
eval_mae = 0.471
eval_runtime = 20.9083
eval_samples_per_second = 239.14
