eval_accuracy = 0.49639999866485596
eval_loss = 1.2405709028244019
eval_mae = 0.649
eval_runtime = 23.4631
eval_samples_per_second = 213.1
