eval_accuracy = 0.5583999752998352
eval_loss = 1.0458552837371826
eval_mae = 0.511
eval_runtime = 18.1108
eval_samples_per_second = 276.078
