eval_accuracy = 0.6082000136375427
eval_loss = 0.9498381018638611
eval_mae = 0.448
eval_runtime = 21.0302
eval_samples_per_second = 237.753
