eval_accuracy = 0.6051999926567078
eval_loss = 0.9467598795890808
eval_mae = 0.4566
eval_runtime = 17.2171
eval_samples_per_second = 290.408
