eval_accuracy = 0.5788000226020813
eval_loss = 1.0123443603515625
eval_mae = 0.4832
eval_runtime = 17.4244
eval_samples_per_second = 286.953
