eval_accuracy = 0.5475999712944031
eval_loss = 1.0862035751342773
eval_mae = 0.5406
eval_runtime = 28.031
eval_samples_per_second = 178.374
