eval_accuracy = 0.5698000192642212
eval_loss = 1.0209673643112183
eval_mae = 0.509
eval_runtime = 17.272
eval_samples_per_second = 289.486
