eval_accuracy = 0.5917999744415283
eval_loss = 0.9612102508544922
eval_mae = 0.4844
eval_runtime = 17.3866
eval_samples_per_second = 287.578
