eval_accuracy = 0.4722000062465668
eval_loss = 1.347912073135376
eval_mae = 0.6894
eval_runtime = 17.3322
eval_samples_per_second = 288.481
