eval_accuracy = 0.6001999974250793
eval_loss = 0.9558337926864624
eval_mae = 0.4626
eval_runtime = 17.2755
eval_samples_per_second = 289.426
