eval_accuracy = 0.47440001368522644
eval_loss = 1.3428218364715576
eval_mae = 0.6952
eval_runtime = 16.9724
eval_samples_per_second = 294.596
