eval_accuracy = 0.5455999970436096
eval_loss = 1.0324444770812988
eval_mae = 0.5384
eval_runtime = 17.3623
eval_samples_per_second = 287.98
