eval_accuracy = 0.5726000070571899
eval_loss = 1.0823488235473633
eval_mae = 0.5122
eval_runtime = 16.4044
eval_samples_per_second = 304.797
