eval_accuracy = 0.5902000069618225
eval_loss = 0.9489818215370178
eval_mae = 0.464
eval_runtime = 17.191
eval_samples_per_second = 290.849
