eval_accuracy = 0.4805999994277954
eval_loss = 1.3921992778778076
eval_mae = 0.674
eval_runtime = 20.9233
eval_samples_per_second = 238.968
