eval_accuracy = 0.5920000076293945
eval_loss = 0.960756242275238
eval_mae = 0.4844
eval_runtime = 17.3799
eval_samples_per_second = 287.689
