eval_accuracy = 0.5830000042915344
eval_loss = 0.9794866442680359
eval_mae = 0.4846
eval_runtime = 16.6608
eval_samples_per_second = 300.106
