eval_accuracy = 0.5478000044822693
eval_loss = 1.0844334363937378
eval_mae = 0.5408
eval_runtime = 19.561
eval_samples_per_second = 255.611
