eval_accuracy = 0.4837999939918518
eval_loss = 1.3523187637329102
eval_mae = 0.6712
eval_runtime = 18.3747
eval_samples_per_second = 272.113
