eval_accuracy = 0.545199990272522
eval_loss = 1.0294889211654663
eval_mae = 0.54
eval_runtime = 17.2313
eval_samples_per_second = 290.169
