eval_accuracy = 0.483599990606308
eval_loss = 1.3525779247283936
eval_mae = 0.671
eval_runtime = 18.084
eval_samples_per_second = 276.487
