eval_accuracy = 0.4564000070095062
eval_loss = 1.3659772872924805
eval_mae = 0.7332
eval_runtime = 16.6236
eval_samples_per_second = 300.778
