eval_accuracy = 0.5802000164985657
eval_loss = 1.0114654302597046
eval_mae = 0.4816
eval_runtime = 17.5134
eval_samples_per_second = 285.496
