eval_accuracy = 0.531000018119812
eval_loss = 1.0483698844909668
eval_mae = 0.5622
eval_runtime = 16.8127
eval_samples_per_second = 297.394
