eval_accuracy = 0.5073999762535095
eval_loss = 1.2254273891448975
eval_mae = 0.6192
eval_runtime = 20.1043
eval_samples_per_second = 248.704
