eval_accuracy = 0.5929999947547913
eval_loss = 0.9613447189331055
eval_mae = 0.483
eval_runtime = 17.4423
eval_samples_per_second = 286.66
