eval_accuracy = 0.5824000239372253
eval_loss = 1.0125809907913208
eval_mae = 0.4814
eval_runtime = 17.5965
eval_samples_per_second = 284.147
