eval_accuracy = 0.5996000170707703
eval_loss = 0.9553032517433167
eval_mae = 0.4636
eval_runtime = 17.3253
eval_samples_per_second = 288.596
