eval_accuracy = 0.5825999975204468
eval_loss = 0.9790146350860596
eval_mae = 0.487
eval_runtime = 17.3632
eval_samples_per_second = 287.966
