eval_accuracy = 0.6074000000953674
eval_loss = 0.9495720863342285
eval_mae = 0.449
eval_runtime = 20.6929
eval_samples_per_second = 241.629
