eval_accuracy = 0.5997999906539917
eval_loss = 0.9562128782272339
eval_mae = 0.464
eval_runtime = 17.9868
eval_samples_per_second = 277.981
