eval_accuracy = 0.5712000131607056
eval_loss = 0.9908227324485779
eval_mae = 0.5064
eval_runtime = 16.9316
eval_samples_per_second = 295.306
