eval_accuracy = 0.5031999945640564
eval_loss = 1.2326595783233643
eval_mae = 0.6268
eval_runtime = 19.1331
eval_samples_per_second = 261.327
