eval_accuracy = 0.5899999737739563
eval_loss = 0.9505326151847839
eval_mae = 0.4632
eval_runtime = 17.2886
eval_samples_per_second = 289.208
