eval_accuracy = 0.46799999475479126
eval_loss = 1.301171064376831
eval_mae = 0.6812
eval_runtime = 25.367
eval_samples_per_second = 197.106
