eval_accuracy = 0.4724000096321106
eval_loss = 1.345036506652832
eval_mae = 0.6912
eval_runtime = 17.329
eval_samples_per_second = 288.533
