eval_accuracy = 0.48179998993873596
eval_loss = 1.3929765224456787
eval_mae = 0.6728
eval_runtime = 26.9334
eval_samples_per_second = 185.643
