eval_accuracy = 0.5590000152587891
eval_loss = 1.077991247177124
eval_mae = 0.5304
eval_runtime = 23.5737
eval_samples_per_second = 212.101
