eval_accuracy = 0.4986000061035156
eval_loss = 1.2294421195983887
eval_mae = 0.6036
eval_runtime = 18.3556
eval_samples_per_second = 272.397
