eval_accuracy = 0.4726000130176544
eval_loss = 1.3485544919967651
eval_mae = 0.6886
eval_runtime = 16.678
eval_samples_per_second = 299.796
