eval_accuracy = 0.5649999976158142
eval_loss = 1.0155925750732422
eval_mae = 0.5052
eval_runtime = 16.1026
eval_samples_per_second = 310.508
