eval_accuracy = 0.5888000130653381
eval_loss = 0.9485698938369751
eval_mae = 0.4642
eval_runtime = 16.2246
eval_samples_per_second = 308.173
