eval_accuracy = 0.5795999765396118
eval_loss = 1.0172138214111328
eval_mae = 0.483
eval_runtime = 17.6576
eval_samples_per_second = 283.165
