eval_accuracy = 0.48240000009536743
eval_loss = 1.3532209396362305
eval_mae = 0.673
eval_runtime = 21.8643
eval_samples_per_second = 228.683
