eval_accuracy = 0.5275999903678894
eval_loss = 1.0536140203475952
eval_mae = 0.5692
eval_runtime = 16.5662
eval_samples_per_second = 301.82
