eval_accuracy = 0.5023999810218811
eval_loss = 1.2285841703414917
eval_mae = 0.6008
eval_runtime = 17.7689
eval_samples_per_second = 281.39
