eval_accuracy = 0.5699999928474426
eval_loss = 1.021654486656189
eval_mae = 0.5078
eval_runtime = 16.7968
eval_samples_per_second = 297.676
