eval_accuracy = 0.5486000180244446
eval_loss = 1.0859167575836182
eval_mae = 0.5402
eval_runtime = 18.3321
eval_samples_per_second = 272.746
