eval_accuracy = 0.5992000102996826
eval_loss = 0.9558373093605042
eval_mae = 0.4636
eval_runtime = 17.2399
eval_samples_per_second = 290.025
