eval_accuracy = 0.5568000078201294
eval_loss = 1.062828540802002
eval_mae = 0.522
eval_runtime = 18.3957
eval_samples_per_second = 271.802
