eval_accuracy = 0.49939998984336853
eval_loss = 1.2297443151474
eval_mae = 0.6046
eval_runtime = 18.4657
eval_samples_per_second = 270.773
