eval_accuracy = 0.5558000206947327
eval_loss = 1.0249531269073486
eval_mae = 0.5358
eval_runtime = 17.2676
eval_samples_per_second = 289.56
