eval_accuracy = 0.6348000168800354
eval_loss = 0.8894252181053162
eval_mae = 0.4162
eval_runtime = 19.1732
eval_samples_per_second = 260.78
