eval_accuracy = 0.47200000286102295
eval_loss = 1.348076343536377
eval_mae = 0.6898
eval_runtime = 17.409
eval_samples_per_second = 287.207
