eval_accuracy = 0.43880000710487366
eval_loss = 1.4423706531524658
eval_mae = 0.731
eval_runtime = 18.3609
eval_samples_per_second = 272.318
