eval_accuracy = 0.5956000089645386
eval_loss = 1.0122315883636475
eval_mae = 0.4656
eval_runtime = 17.5247
eval_samples_per_second = 285.312
