eval_accuracy = 0.5009999871253967
eval_loss = 1.1536110639572144
eval_mae = 0.5902
eval_runtime = 16.5048
eval_samples_per_second = 302.942
