eval_accuracy = 0.5705999732017517
eval_loss = 1.0202780961990356
eval_mae = 0.5078
eval_runtime = 17.4052
eval_samples_per_second = 287.271
