eval_accuracy = 0.4832000136375427
eval_loss = 1.3522841930389404
eval_mae = 0.6726
eval_runtime = 18.6244
eval_samples_per_second = 268.465
