eval_accuracy = 0.5698000192642212
eval_loss = 1.0209171772003174
eval_mae = 0.5074
eval_runtime = 17.2352
eval_samples_per_second = 290.104
