eval_accuracy = 0.4790000021457672
eval_loss = 1.3909791707992554
eval_mae = 0.6754
eval_runtime = 26.7514
eval_samples_per_second = 186.906
