eval_accuracy = 0.557200014591217
eval_loss = 1.063786506652832
eval_mae = 0.5228
eval_runtime = 18.7029
eval_samples_per_second = 267.338
