eval_accuracy = 0.6068000197410583
eval_loss = 0.9496204257011414
eval_mae = 0.4494
eval_runtime = 21.283
eval_samples_per_second = 234.929
