eval_accuracy = 0.5809999704360962
eval_loss = 1.0181853771209717
eval_mae = 0.494
eval_runtime = 25.7451
eval_samples_per_second = 194.212
