eval_accuracy = 0.5001999735832214
eval_loss = 1.2421693801879883
eval_mae = 0.5954
eval_runtime = 18.758
eval_samples_per_second = 266.553
