eval_accuracy = 0.5559999942779541
eval_loss = 1.0246933698654175
eval_mae = 0.5346
eval_runtime = 17.2002
eval_samples_per_second = 290.694
