eval_accuracy = 0.6039999723434448
eval_loss = 0.9463574290275574
eval_mae = 0.4582
eval_runtime = 17.242
eval_samples_per_second = 289.989
