eval_accuracy = 0.5063999891281128
eval_loss = 1.2289243936538696
eval_mae = 0.621
eval_runtime = 25.5015
eval_samples_per_second = 196.067
