eval_accuracy = 0.5776000022888184
eval_loss = 1.0177775621414185
eval_mae = 0.485
eval_runtime = 17.4058
eval_samples_per_second = 287.26
