eval_accuracy = 0.5004000067710876
eval_loss = 1.243257761001587
eval_mae = 0.5954
eval_runtime = 18.636
eval_samples_per_second = 268.298
