eval_accuracy = 0.5824000239372253
eval_loss = 1.0194449424743652
eval_mae = 0.4934
eval_runtime = 21.6727
eval_samples_per_second = 230.705
