eval_accuracy = 0.5019999742507935
eval_loss = 1.2299726009368896
eval_mae = 0.5984
eval_runtime = 18.3989
eval_samples_per_second = 271.756
