eval_accuracy = 0.5555999875068665
eval_loss = 1.0802626609802246
eval_mae = 0.5658
eval_runtime = 21.9078
eval_samples_per_second = 228.229
