eval_accuracy = 0.6362000107765198
eval_loss = 0.8889337778091431
eval_mae = 0.4146
eval_runtime = 19.6036
eval_samples_per_second = 255.055
