eval_accuracy = 0.5952000021934509
eval_loss = 1.0068018436431885
eval_mae = 0.4662
eval_runtime = 17.4545
eval_samples_per_second = 286.459
