eval_accuracy = 0.548799991607666
eval_loss = 1.1475269794464111
eval_mae = 0.5818
eval_runtime = 17.4326
eval_samples_per_second = 286.818
