eval_accuracy = 0.46860000491142273
eval_loss = 1.339548110961914
eval_mae = 0.6882
eval_runtime = 26.5301
eval_samples_per_second = 188.465
