eval_accuracy = 0.49880000948905945
eval_loss = 1.2258862257003784
eval_mae = 0.604
eval_runtime = 18.3768
eval_samples_per_second = 272.082
