eval_accuracy = 0.5645999908447266
eval_loss = 1.0152250528335571
eval_mae = 0.5082
eval_runtime = 16.5407
eval_samples_per_second = 302.285
