eval_accuracy = 0.4399999976158142
eval_loss = 1.442973256111145
eval_mae = 0.729
eval_runtime = 18.9065
eval_samples_per_second = 264.459
