eval_accuracy = 0.49880000948905945
eval_loss = 1.2278850078582764
eval_mae = 0.6036
eval_runtime = 18.4528
eval_samples_per_second = 270.961
