eval_accuracy = 0.5527999997138977
eval_loss = 1.0257911682128906
eval_mae = 0.5382
eval_runtime = 17.3259
eval_samples_per_second = 288.585
