eval_accuracy = 0.5925999879837036
eval_loss = 0.9489129185676575
eval_mae = 0.4688
eval_runtime = 18.5737
eval_samples_per_second = 269.198
