eval_accuracy = 0.5619999766349792
eval_loss = 1.0457814931869507
eval_mae = 0.5072
eval_runtime = 20.1322
eval_samples_per_second = 248.358
