eval_accuracy = 0.5062000155448914
eval_loss = 1.2295739650726318
eval_mae = 0.6214
eval_runtime = 18.9214
eval_samples_per_second = 264.252
