eval_accuracy = 0.5432000160217285
eval_loss = 1.029625415802002
eval_mae = 0.5414
eval_runtime = 16.6885
eval_samples_per_second = 299.608
