eval_accuracy = 0.5943999886512756
eval_loss = 0.9471690654754639
eval_mae = 0.4684
eval_runtime = 18.9342
eval_samples_per_second = 264.072
