eval_accuracy = 0.5770000219345093
eval_loss = 1.0052906274795532
eval_mae = 0.4942
eval_runtime = 16.5251
eval_samples_per_second = 302.569
