eval_accuracy = 0.483599990606308
eval_loss = 1.350752592086792
eval_mae = 0.6708
eval_runtime = 18.3554
eval_samples_per_second = 272.4
