eval_accuracy = 0.5443999767303467
eval_loss = 1.0300843715667725
eval_mae = 0.5402
eval_runtime = 16.5273
eval_samples_per_second = 302.531
