eval_accuracy = 0.5558000206947327
eval_loss = 1.0803453922271729
eval_mae = 0.5658
eval_runtime = 18.6243
eval_samples_per_second = 268.466
