eval_accuracy = 0.4674000144004822
eval_loss = 1.296035885810852
eval_mae = 0.6822
eval_runtime = 24.4141
eval_samples_per_second = 204.8
