eval_accuracy = 0.5482000112533569
eval_loss = 1.1410205364227295
eval_mae = 0.5818
eval_runtime = 17.3971
eval_samples_per_second = 287.405
