eval_accuracy = 0.4997999966144562
eval_loss = 1.1555150747299194
eval_mae = 0.591
eval_runtime = 17.2888
eval_samples_per_second = 289.204
