eval_accuracy = 0.5928000211715698
eval_loss = 0.9478014707565308
eval_mae = 0.4696
eval_runtime = 18.6971
eval_samples_per_second = 267.421
