eval_accuracy = 0.5799999833106995
eval_loss = 1.017198085784912
eval_mae = 0.4826
eval_runtime = 17.5782
eval_samples_per_second = 284.443
