eval_accuracy = 0.5008000135421753
eval_loss = 1.241702675819397
eval_mae = 0.594
eval_runtime = 21.87
eval_samples_per_second = 228.624
