eval_accuracy = 0.5748000144958496
eval_loss = 1.004593014717102
eval_mae = 0.4966
eval_runtime = 16.5411
eval_samples_per_second = 302.277
