eval_accuracy = 0.5752000212669373
eval_loss = 1.0860326290130615
eval_mae = 0.5104
eval_runtime = 17.0176
eval_samples_per_second = 293.813
