eval_accuracy = 0.5546000003814697
eval_loss = 1.0255672931671143
eval_mae = 0.5362
eval_runtime = 17.2626
eval_samples_per_second = 289.643
