eval_accuracy = 0.5807999968528748
eval_loss = 0.9780941605567932
eval_mae = 0.4892
eval_runtime = 17.28
eval_samples_per_second = 289.351
