eval_accuracy = 0.48080000281333923
eval_loss = 1.3925347328186035
eval_mae = 0.6744
eval_runtime = 20.4037
eval_samples_per_second = 245.054
