eval_accuracy = 0.5925999879837036
eval_loss = 0.9475639462471008
eval_mae = 0.4698
eval_runtime = 18.7232
eval_samples_per_second = 267.049
