eval_accuracy = 0.4690000116825104
eval_loss = 1.2944689989089966
eval_mae = 0.6804
eval_runtime = 31.6323
eval_samples_per_second = 158.066
