eval_accuracy = 0.6215999722480774
eval_loss = 0.9508771300315857
eval_mae = 0.4288
eval_runtime = 16.8423
eval_samples_per_second = 296.872
