eval_accuracy = 0.6050000190734863
eval_loss = 0.9436361193656921
eval_mae = 0.455
eval_runtime = 17.2449
eval_samples_per_second = 289.941
