eval_accuracy = 0.6370000243186951
eval_loss = 0.8892869353294373
eval_mae = 0.4144
eval_runtime = 18.3107
eval_samples_per_second = 273.064
