eval_accuracy = 0.5712000131607056
eval_loss = 0.9895884990692139
eval_mae = 0.5092
eval_runtime = 16.99
eval_samples_per_second = 294.291
