eval_accuracy = 0.579200029373169
eval_loss = 1.0176836252212524
eval_mae = 0.4834
eval_runtime = 17.4406
eval_samples_per_second = 286.688
