eval_accuracy = 0.6205999851226807
eval_loss = 0.9513515830039978
eval_mae = 0.4286
eval_runtime = 17.3709
eval_samples_per_second = 287.837
