eval_accuracy = 0.5612000226974487
eval_loss = 1.0470730066299438
eval_mae = 0.5084
eval_runtime = 18.5044
eval_samples_per_second = 270.206
