eval_accuracy = 0.5569999814033508
eval_loss = 1.0246458053588867
eval_mae = 0.5342
eval_runtime = 17.2697
eval_samples_per_second = 289.525
