eval_accuracy = 0.5929999947547913
eval_loss = 0.9608373045921326
eval_mae = 0.4822
eval_runtime = 17.3517
eval_samples_per_second = 288.157
