eval_accuracy = 0.5564000010490417
eval_loss = 1.0800988674163818
eval_mae = 0.5634
eval_runtime = 18.2708
eval_samples_per_second = 273.66
