eval_accuracy = 0.5637999773025513
eval_loss = 1.0144736766815186
eval_mae = 0.5096
eval_runtime = 17.3975
eval_samples_per_second = 287.397
