eval_accuracy = 0.5802000164985657
eval_loss = 1.0187392234802246
eval_mae = 0.495
eval_runtime = 18.5792
eval_samples_per_second = 269.118
