eval_accuracy = 0.5698000192642212
eval_loss = 0.9905853271484375
eval_mae = 0.5086
eval_runtime = 17.0249
eval_samples_per_second = 293.688
