eval_accuracy = 0.5583999752998352
eval_loss = 1.0633013248443604
eval_mae = 0.5212
eval_runtime = 18.3213
eval_samples_per_second = 272.907
