eval_accuracy = 0.48240000009536743
eval_loss = 1.3529951572418213
eval_mae = 0.6726
eval_runtime = 19.6641
eval_samples_per_second = 254.271
