eval_accuracy = 0.5752000212669373
eval_loss = 1.0846182107925415
eval_mae = 0.511
eval_runtime = 17.2018
eval_samples_per_second = 290.667
