eval_accuracy = 0.593999981880188
eval_loss = 0.9610350728034973
eval_mae = 0.4824
eval_runtime = 17.3673
eval_samples_per_second = 287.897
