eval_accuracy = 0.46720001101493835
eval_loss = 1.340671420097351
eval_mae = 0.69
eval_runtime = 19.6384
eval_samples_per_second = 254.603
