eval_accuracy = 0.5924000144004822
eval_loss = 0.9613867402076721
eval_mae = 0.4836
eval_runtime = 17.3698
eval_samples_per_second = 287.856
