eval_accuracy = 0.5008000135421753
eval_loss = 1.2261192798614502
eval_mae = 0.601
eval_runtime = 29.8138
eval_samples_per_second = 167.708
