eval_accuracy = 0.5934000015258789
eval_loss = 0.9476168751716614
eval_mae = 0.4692
eval_runtime = 19.5222
eval_samples_per_second = 256.119
