eval_accuracy = 0.5555999875068665
eval_loss = 1.0850698947906494
eval_mae = 0.5352
eval_runtime = 28.5123
eval_samples_per_second = 175.363
