eval_accuracy = 0.4560000002384186
eval_loss = 1.3679072856903076
eval_mae = 0.7326
eval_runtime = 16.6678
eval_samples_per_second = 299.979
