eval_accuracy = 0.5013999938964844
eval_loss = 1.1552023887634277
eval_mae = 0.5886
eval_runtime = 17.3427
eval_samples_per_second = 288.306
