eval_accuracy = 0.6209999918937683
eval_loss = 0.9542468786239624
eval_mae = 0.429
eval_runtime = 16.9305
eval_samples_per_second = 295.326
