eval_accuracy = 0.621399998664856
eval_loss = 0.9536049962043762
eval_mae = 0.4276
eval_runtime = 17.4128
eval_samples_per_second = 287.146
