eval_accuracy = 0.5565999746322632
eval_loss = 1.0247162580490112
eval_mae = 0.5342
eval_runtime = 17.3184
eval_samples_per_second = 288.711
