eval_accuracy = 0.47200000286102295
eval_loss = 1.3468579053878784
eval_mae = 0.6924
eval_runtime = 16.3752
eval_samples_per_second = 305.339
