eval_accuracy = 0.4731999933719635
eval_loss = 1.3483984470367432
eval_mae = 0.6878
eval_runtime = 17.4764
eval_samples_per_second = 286.1
