eval_accuracy = 0.5911999940872192
eval_loss = 0.9443904161453247
eval_mae = 0.4706
eval_runtime = 19.2221
eval_samples_per_second = 260.117
