eval_accuracy = 0.45899999141693115
eval_loss = 1.3700703382492065
eval_mae = 0.7292
eval_runtime = 17.5773
eval_samples_per_second = 284.458
