eval_accuracy = 0.578000009059906
eval_loss = 1.0179933309555054
eval_mae = 0.4844
eval_runtime = 17.5732
eval_samples_per_second = 284.525
