eval_accuracy = 0.6367999911308289
eval_loss = 0.8896219730377197
eval_mae = 0.4142
eval_runtime = 28.3044
eval_samples_per_second = 176.651
