eval_accuracy = 0.4812000095844269
eval_loss = 1.3918534517288208
eval_mae = 0.6734
eval_runtime = 18.6801
eval_samples_per_second = 267.664
