eval_accuracy = 0.5920000076293945
eval_loss = 0.9614624977111816
eval_mae = 0.484
eval_runtime = 17.3754
eval_samples_per_second = 287.764
