eval_accuracy = 0.557200014591217
eval_loss = 1.0791398286819458
eval_mae = 0.5328
eval_runtime = 19.7357
eval_samples_per_second = 253.348
