eval_accuracy = 0.5753999948501587
eval_loss = 1.0853651762008667
eval_mae = 0.5102
eval_runtime = 16.4004
eval_samples_per_second = 304.87
