eval_accuracy = 0.5812000036239624
eval_loss = 0.9782755970954895
eval_mae = 0.4888
eval_runtime = 17.3547
eval_samples_per_second = 288.106
