eval_accuracy = 0.5812000036239624
eval_loss = 1.0186095237731934
eval_mae = 0.4936
eval_runtime = 22.1712
eval_samples_per_second = 225.518
