eval_accuracy = 0.5558000206947327
eval_loss = 1.0802706480026245
eval_mae = 0.5654
eval_runtime = 22.1284
eval_samples_per_second = 225.954
