eval_accuracy = 0.574400007724762
eval_loss = 1.0850673913955688
eval_mae = 0.5106
eval_runtime = 17.0088
eval_samples_per_second = 293.965
