eval_accuracy = 0.46799999475479126
eval_loss = 1.295009732246399
eval_mae = 0.6808
eval_runtime = 18.5504
eval_samples_per_second = 269.536
