eval_accuracy = 0.5716000199317932
eval_loss = 0.9849581122398376
eval_mae = 0.5046
eval_runtime = 17.3497
eval_samples_per_second = 288.189
