eval_accuracy = 0.5785999894142151
eval_loss = 1.0174164772033691
eval_mae = 0.4836
eval_runtime = 16.4883
eval_samples_per_second = 303.245
