eval_accuracy = 0.5009999871253967
eval_loss = 1.175995111465454
eval_mae = 0.5932
eval_runtime = 17.385
eval_samples_per_second = 287.604
