eval_accuracy = 0.4991999864578247
eval_loss = 1.2294567823410034
eval_mae = 0.603
eval_runtime = 18.3598
eval_samples_per_second = 272.334
