eval_accuracy = 0.5564000010490417
eval_loss = 1.080112338066101
eval_mae = 0.5652
eval_runtime = 32.5969
eval_samples_per_second = 153.389
