eval_accuracy = 0.5738000273704529
eval_loss = 1.0060665607452393
eval_mae = 0.498
eval_runtime = 17.509
eval_samples_per_second = 285.568
