eval_accuracy = 0.6358000040054321
eval_loss = 0.8892866373062134
eval_mae = 0.4144
eval_runtime = 23.8634
eval_samples_per_second = 209.526
