eval_accuracy = 0.5709999799728394
eval_loss = 0.9905710816383362
eval_mae = 0.5072
eval_runtime = 16.1255
eval_samples_per_second = 310.069
