eval_accuracy = 0.4970000088214874
eval_loss = 1.2391210794448853
eval_mae = 0.6476
eval_runtime = 18.1832
eval_samples_per_second = 274.98
