eval_accuracy = 0.6000000238418579
eval_loss = 0.9583853483200073
eval_mae = 0.462
eval_runtime = 16.7234
eval_samples_per_second = 298.981
