eval_accuracy = 0.5482000112533569
eval_loss = 1.0860155820846558
eval_mae = 0.5404
eval_runtime = 31.8482
eval_samples_per_second = 156.995
