eval_accuracy = 0.5613999962806702
eval_loss = 1.0449527502059937
eval_mae = 0.5078
eval_runtime = 19.1228
eval_samples_per_second = 261.468
