eval_accuracy = 0.592199981212616
eval_loss = 0.9475605487823486
eval_mae = 0.4706
eval_runtime = 20.5053
eval_samples_per_second = 243.84
