eval_accuracy = 0.4675999879837036
eval_loss = 1.338831901550293
eval_mae = 0.6888
eval_runtime = 32.5948
eval_samples_per_second = 153.399
