eval_accuracy = 0.5703999996185303
eval_loss = 1.0211986303329468
eval_mae = 0.5078
eval_runtime = 17.4333
eval_samples_per_second = 286.807
