eval_accuracy = 0.4675999879837036
eval_loss = 1.2969906330108643
eval_mae = 0.683
eval_runtime = 24.8624
eval_samples_per_second = 201.107
