eval_accuracy = 0.4675999879837036
eval_loss = 1.2969087362289429
eval_mae = 0.6818
eval_runtime = 26.779
eval_samples_per_second = 186.713
