eval_accuracy = 0.5759999752044678
eval_loss = 1.0056636333465576
eval_mae = 0.4956
eval_runtime = 16.3328
eval_samples_per_second = 306.133
