eval_accuracy = 0.5824000239372253
eval_loss = 0.978712797164917
eval_mae = 0.4874
eval_runtime = 17.272
eval_samples_per_second = 289.485
