eval_accuracy = 0.4828000068664551
eval_loss = 1.3524527549743652
eval_mae = 0.6718
eval_runtime = 19.2426
eval_samples_per_second = 259.841
