eval_accuracy = 0.4970000088214874
eval_loss = 1.160524845123291
eval_mae = 0.5924
eval_runtime = 17.2763
eval_samples_per_second = 289.414
