eval_accuracy = 0.569599986076355
eval_loss = 0.990138590335846
eval_mae = 0.5084
eval_runtime = 17.159
eval_samples_per_second = 291.393
