eval_accuracy = 0.48159998655319214
eval_loss = 1.3922548294067383
eval_mae = 0.673
eval_runtime = 26.7847
eval_samples_per_second = 186.674
