eval_accuracy = 0.5928000211715698
eval_loss = 0.9593151211738586
eval_mae = 0.4826
eval_runtime = 17.275
eval_samples_per_second = 289.436
