eval_accuracy = 0.506600022315979
eval_loss = 1.2290467023849487
eval_mae = 0.6212
eval_runtime = 19.6549
eval_samples_per_second = 254.389
