eval_accuracy = 0.6069999933242798
eval_loss = 0.9499539136886597
eval_mae = 0.4494
eval_runtime = 21.6633
eval_samples_per_second = 230.805
