eval_accuracy = 0.4722000062465668
eval_loss = 1.342586874961853
eval_mae = 0.6854
eval_runtime = 16.7417
eval_samples_per_second = 298.655
