eval_accuracy = 0.5270000100135803
eval_loss = 1.0534276962280273
eval_mae = 0.5698
eval_runtime = 15.9092
eval_samples_per_second = 314.284
