eval_accuracy = 0.5541999936103821
eval_loss = 1.0252331495285034
eval_mae = 0.5368
eval_runtime = 17.3048
eval_samples_per_second = 288.937
