eval_accuracy = 0.4684000015258789
eval_loss = 1.3007692098617554
eval_mae = 0.6822
eval_runtime = 18.4946
eval_samples_per_second = 270.349
