eval_accuracy = 0.5546000003814697
eval_loss = 1.0248316526412964
eval_mae = 0.5374
eval_runtime = 17.2083
eval_samples_per_second = 290.558
