eval_accuracy = 0.5559999942779541
eval_loss = 1.0246741771697998
eval_mae = 0.5352
eval_runtime = 17.4051
eval_samples_per_second = 287.272
