eval_accuracy = 0.6000000238418579
eval_loss = 0.9375206828117371
eval_mae = 0.4548
eval_runtime = 16.4191
eval_samples_per_second = 304.524
