eval_accuracy = 0.5562000274658203
eval_loss = 1.0229781866073608
eval_mae = 0.5336
eval_runtime = 17.21
eval_samples_per_second = 290.528
