eval_accuracy = 0.5992000102996826
eval_loss = 0.9567765593528748
eval_mae = 0.4632
eval_runtime = 17.2799
eval_samples_per_second = 289.354
