eval_accuracy = 0.5748000144958496
eval_loss = 1.0063726902008057
eval_mae = 0.4968
eval_runtime = 17.3629
eval_samples_per_second = 287.971
