eval_accuracy = 0.49779999256134033
eval_loss = 1.236914873123169
eval_mae = 0.646
eval_runtime = 30.2689
eval_samples_per_second = 165.186
