eval_accuracy = 0.6209999918937683
eval_loss = 0.950925886631012
eval_mae = 0.4286
eval_runtime = 17.5159
eval_samples_per_second = 285.455
