eval_accuracy = 0.576200008392334
eval_loss = 1.0057060718536377
eval_mae = 0.4958
eval_runtime = 16.3914
eval_samples_per_second = 305.038
