eval_accuracy = 0.48100000619888306
eval_loss = 1.3921642303466797
eval_mae = 0.6736
eval_runtime = 19.5239
eval_samples_per_second = 256.097
