eval_accuracy = 0.5577999949455261
eval_loss = 1.0629758834838867
eval_mae = 0.5214
eval_runtime = 18.2956
eval_samples_per_second = 273.29
