eval_accuracy = 0.5820000171661377
eval_loss = 0.9785910844802856
eval_mae = 0.4884
eval_runtime = 17.3175
eval_samples_per_second = 288.726
