eval_accuracy = 0.5016000270843506
eval_loss = 1.1771341562271118
eval_mae = 0.5932
eval_runtime = 17.4259
eval_samples_per_second = 286.929
