eval_accuracy = 0.5788000226020813
eval_loss = 1.0132368803024292
eval_mae = 0.483
eval_runtime = 17.3391
eval_samples_per_second = 288.365
