eval_accuracy = 0.49900001287460327
eval_loss = 1.1564552783966064
eval_mae = 0.5924
eval_runtime = 17.3644
eval_samples_per_second = 287.945
