eval_accuracy = 0.5598000288009644
eval_loss = 1.0417993068695068
eval_mae = 0.5092
eval_runtime = 18.5269
eval_samples_per_second = 269.878
