eval_accuracy = 0.5569999814033508
eval_loss = 1.0621529817581177
eval_mae = 0.5224
eval_runtime = 18.3514
eval_samples_per_second = 272.458
