eval_accuracy = 0.5001999735832214
eval_loss = 1.1558233499526978
eval_mae = 0.591
eval_runtime = 17.278
eval_samples_per_second = 289.386
