eval_accuracy = 0.5559999942779541
eval_loss = 1.024721622467041
eval_mae = 0.5354
eval_runtime = 17.1912
eval_samples_per_second = 290.846
