eval_accuracy = 0.6003999710083008
eval_loss = 0.955878734588623
eval_mae = 0.4622
eval_runtime = 16.6073
eval_samples_per_second = 301.072
