eval_accuracy = 0.5809999704360962
eval_loss = 1.0184714794158936
eval_mae = 0.4938
eval_runtime = 20.7279
eval_samples_per_second = 241.221
