eval_accuracy = 0.43939998745918274
eval_loss = 1.4463528394699097
eval_mae = 0.73
eval_runtime = 18.6019
eval_samples_per_second = 268.79
