eval_accuracy = 0.5482000112533569
eval_loss = 1.1468076705932617
eval_mae = 0.5822
eval_runtime = 17.3961
eval_samples_per_second = 287.42
