eval_accuracy = 0.47540000081062317
eval_loss = 1.3426592350006104
eval_mae = 0.6938
eval_runtime = 17.1322
eval_samples_per_second = 291.848
