eval_accuracy = 0.5938000082969666
eval_loss = 0.9621624946594238
eval_mae = 0.4828
eval_runtime = 17.3859
eval_samples_per_second = 287.589
