eval_accuracy = 0.5703999996185303
eval_loss = 0.9917470812797546
eval_mae = 0.5084
eval_runtime = 16.2563
eval_samples_per_second = 307.572
