eval_accuracy = 0.5016000270843506
eval_loss = 1.1769002676010132
eval_mae = 0.5926
eval_runtime = 17.4495
eval_samples_per_second = 286.54
