eval_accuracy = 0.5703999996185303
eval_loss = 1.0216212272644043
eval_mae = 0.5084
eval_runtime = 17.2501
eval_samples_per_second = 289.853
