eval_accuracy = 0.5799999833106995
eval_loss = 1.0113531351089478
eval_mae = 0.4822
eval_runtime = 17.4191
eval_samples_per_second = 287.042
