eval_accuracy = 0.557200014591217
eval_loss = 1.0637128353118896
eval_mae = 0.5222
eval_runtime = 18.3393
eval_samples_per_second = 272.639
