eval_accuracy = 0.6003999710083008
eval_loss = 0.9556587934494019
eval_mae = 0.463
eval_runtime = 17.2586
eval_samples_per_second = 289.71
