eval_accuracy = 0.6366000175476074
eval_loss = 0.8895679712295532
eval_mae = 0.4138
eval_runtime = 18.7782
eval_samples_per_second = 266.266
