eval_accuracy = 0.5978000164031982
eval_loss = 0.9583536982536316
eval_mae = 0.4646
eval_runtime = 17.2339
eval_samples_per_second = 290.126
