eval_accuracy = 0.5479999780654907
eval_loss = 1.0860048532485962
eval_mae = 0.5408
eval_runtime = 34.6694
eval_samples_per_second = 144.22
