eval_accuracy = 0.5546000003814697
eval_loss = 1.0250439643859863
eval_mae = 0.5378
eval_runtime = 17.5384
eval_samples_per_second = 285.089
