eval_accuracy = 0.6028000116348267
eval_loss = 0.9359554648399353
eval_mae = 0.4532
eval_runtime = 16.3661
eval_samples_per_second = 305.509
