eval_accuracy = 0.5813999772071838
eval_loss = 0.9808316230773926
eval_mae = 0.4866
eval_runtime = 16.4384
eval_samples_per_second = 304.166
