eval_accuracy = 0.5478000044822693
eval_loss = 1.0851644277572632
eval_mae = 0.5408
eval_runtime = 28.8438
eval_samples_per_second = 173.348
