eval_accuracy = 0.5784000158309937
eval_loss = 1.0170601606369019
eval_mae = 0.4824
eval_runtime = 17.4865
eval_samples_per_second = 285.934
