eval_accuracy = 0.4715999960899353
eval_loss = 1.3526647090911865
eval_mae = 0.6924
eval_runtime = 17.3651
eval_samples_per_second = 287.933
