eval_accuracy = 0.5582000017166138
eval_loss = 1.0786347389221191
eval_mae = 0.531
eval_runtime = 31.9409
eval_samples_per_second = 156.539
