eval_accuracy = 0.5992000102996826
eval_loss = 0.9560456871986389
eval_mae = 0.4626
eval_runtime = 17.3012
eval_samples_per_second = 288.997
