eval_accuracy = 0.6055999994277954
eval_loss = 0.9463199377059937
eval_mae = 0.456
eval_runtime = 17.2606
eval_samples_per_second = 289.678
