eval_accuracy = 0.5712000131607056
eval_loss = 0.9894298911094666
eval_mae = 0.5058
eval_runtime = 16.9807
eval_samples_per_second = 294.452
