eval_accuracy = 0.4399999976158142
eval_loss = 1.4431747198104858
eval_mae = 0.7292
eval_runtime = 18.6051
eval_samples_per_second = 268.744
