eval_accuracy = 0.5920000076293945
eval_loss = 1.0076888799667358
eval_mae = 0.4684
eval_runtime = 17.4736
eval_samples_per_second = 286.146
