eval_accuracy = 0.5929999947547913
eval_loss = 1.0065391063690186
eval_mae = 0.4686
eval_runtime = 17.3784
eval_samples_per_second = 287.714
