eval_accuracy = 0.5752000212669373
eval_loss = 1.0062288045883179
eval_mae = 0.4962
eval_runtime = 16.3787
eval_samples_per_second = 305.275
