eval_accuracy = 0.5564000010490417
eval_loss = 1.0621880292892456
eval_mae = 0.5218
eval_runtime = 18.3485
eval_samples_per_second = 272.502
