eval_accuracy = 0.4406000077724457
eval_loss = 1.4396744966506958
eval_mae = 0.727
eval_runtime = 20.008
eval_samples_per_second = 249.9
