eval_accuracy = 0.5508000254631042
eval_loss = 1.146393895149231
eval_mae = 0.5798
eval_runtime = 17.3977
eval_samples_per_second = 287.394
