eval_accuracy = 0.4973999857902527
eval_loss = 1.2394131422042847
eval_mae = 0.6476
eval_runtime = 18.4413
eval_samples_per_second = 271.131
