eval_accuracy = 0.5026000142097473
eval_loss = 1.176826000213623
eval_mae = 0.5918
eval_runtime = 17.4207
eval_samples_per_second = 287.016
