eval_accuracy = 0.45840001106262207
eval_loss = 1.3660050630569458
eval_mae = 0.7308
eval_runtime = 17.6094
eval_samples_per_second = 283.939
