eval_accuracy = 0.4586000144481659
eval_loss = 1.3628259897232056
eval_mae = 0.7316
eval_runtime = 17.4433
eval_samples_per_second = 286.643
