eval_accuracy = 0.6366000175476074
eval_loss = 0.8891173601150513
eval_mae = 0.4148
eval_runtime = 20.0126
eval_samples_per_second = 249.842
