eval_accuracy = 0.4740000069141388
eval_loss = 1.3444119691848755
eval_mae = 0.6964
eval_runtime = 16.264
eval_samples_per_second = 307.428
