eval_accuracy = 0.4765999913215637
eval_loss = 1.33927583694458
eval_mae = 0.6916
eval_runtime = 16.9797
eval_samples_per_second = 294.469
