eval_accuracy = 0.5817999839782715
eval_loss = 0.9788339734077454
eval_mae = 0.4878
eval_runtime = 17.3711
eval_samples_per_second = 287.835
