eval_accuracy = 0.6051999926567078
eval_loss = 0.9462419748306274
eval_mae = 0.4562
eval_runtime = 16.5245
eval_samples_per_second = 302.582
