eval_accuracy = 0.5716000199317932
eval_loss = 1.0834299325942993
eval_mae = 0.5126
eval_runtime = 16.4453
eval_samples_per_second = 304.039
