eval_accuracy = 0.5748000144958496
eval_loss = 1.0043314695358276
eval_mae = 0.4964
eval_runtime = 17.1963
eval_samples_per_second = 290.761
