eval_accuracy = 0.5591999888420105
eval_loss = 1.0785185098648071
eval_mae = 0.5316
eval_runtime = 22.6686
eval_samples_per_second = 220.57
