eval_accuracy = 0.6065999865531921
eval_loss = 0.9497624039649963
eval_mae = 0.4482
eval_runtime = 18.5387
eval_samples_per_second = 269.707
