eval_accuracy = 0.5781999826431274
eval_loss = 1.0177048444747925
eval_mae = 0.4836
eval_runtime = 17.7213
eval_samples_per_second = 282.146
