eval_accuracy = 0.555400013923645
eval_loss = 1.0252394676208496
eval_mae = 0.5372
eval_runtime = 17.281
eval_samples_per_second = 289.336
