eval_accuracy = 0.5799999833106995
eval_loss = 1.0117642879486084
eval_mae = 0.4822
eval_runtime = 17.3976
eval_samples_per_second = 287.395
