eval_accuracy = 0.4729999899864197
eval_loss = 1.346524953842163
eval_mae = 0.6898
eval_runtime = 17.2557
eval_samples_per_second = 289.759
