eval_accuracy = 0.545199990272522
eval_loss = 1.029572606086731
eval_mae = 0.5396
eval_runtime = 17.4137
eval_samples_per_second = 287.13
