eval_accuracy = 0.5716000199317932
eval_loss = 0.9906052947044373
eval_mae = 0.5068
eval_runtime = 17.1297
eval_samples_per_second = 291.891
