eval_accuracy = 0.6367999911308289
eval_loss = 0.8897911906242371
eval_mae = 0.4142
eval_runtime = 21.1233
eval_samples_per_second = 236.705
