eval_accuracy = 0.5889999866485596
eval_loss = 0.9461283087730408
eval_mae = 0.4656
eval_runtime = 16.2163
eval_samples_per_second = 308.332
