eval_accuracy = 0.46860000491142273
eval_loss = 1.3382889032363892
eval_mae = 0.6878
eval_runtime = 21.0286
eval_samples_per_second = 237.772
