eval_accuracy = 0.5559999942779541
eval_loss = 1.0802215337753296
eval_mae = 0.5654
eval_runtime = 18.9083
eval_samples_per_second = 264.434
