eval_accuracy = 0.46799999475479126
eval_loss = 1.340851902961731
eval_mae = 0.6886
eval_runtime = 23.7531
eval_samples_per_second = 210.499
