eval_accuracy = 0.5825999975204468
eval_loss = 1.0186376571655273
eval_mae = 0.4926
eval_runtime = 23.9295
eval_samples_per_second = 208.947
