eval_accuracy = 0.48159998655319214
eval_loss = 1.3922072649002075
eval_mae = 0.673
eval_runtime = 24.1926
eval_samples_per_second = 206.675
