eval_accuracy = 0.4968000054359436
eval_loss = 1.238641619682312
eval_mae = 0.6476
eval_runtime = 18.4881
eval_samples_per_second = 270.444
