eval_accuracy = 0.5753999948501587
eval_loss = 1.005091667175293
eval_mae = 0.4954
eval_runtime = 16.3992
eval_samples_per_second = 304.893
