eval_accuracy = 0.6358000040054321
eval_loss = 0.8902794718742371
eval_mae = 0.4158
eval_runtime = 18.6397
eval_samples_per_second = 268.245
