eval_accuracy = 0.5576000213623047
eval_loss = 1.0630847215652466
eval_mae = 0.5218
eval_runtime = 17.9761
eval_samples_per_second = 278.147
