eval_accuracy = 0.46779999136924744
eval_loss = 1.296949863433838
eval_mae = 0.682
eval_runtime = 28.3625
eval_samples_per_second = 176.289
