eval_accuracy = 0.5612000226974487
eval_loss = 1.0465694665908813
eval_mae = 0.5088
eval_runtime = 20.6916
eval_samples_per_second = 241.644
