eval_accuracy = 0.571399986743927
eval_loss = 0.9907965064048767
eval_mae = 0.5072
eval_runtime = 17.2104
eval_samples_per_second = 290.522
