eval_accuracy = 0.5479999780654907
eval_loss = 1.0860501527786255
eval_mae = 0.5408
eval_runtime = 27.0337
eval_samples_per_second = 184.954
