eval_accuracy = 0.5475999712944031
eval_loss = 1.0859344005584717
eval_mae = 0.5412
eval_runtime = 19.5833
eval_samples_per_second = 255.319
