eval_accuracy = 0.5619999766349792
eval_loss = 1.0523179769515991
eval_mae = 0.51
eval_runtime = 18.1829
eval_samples_per_second = 274.983
