eval_accuracy = 0.5059999823570251
eval_loss = 1.2322978973388672
eval_mae = 0.623
eval_runtime = 19.0908
eval_samples_per_second = 261.906
