eval_accuracy = 0.5748000144958496
eval_loss = 1.084755539894104
eval_mae = 0.5094
eval_runtime = 16.4643
eval_samples_per_second = 303.688
