eval_accuracy = 0.5898000001907349
eval_loss = 0.9490146636962891
eval_mae = 0.4642
eval_runtime = 16.7094
eval_samples_per_second = 299.233
