eval_accuracy = 0.5763999819755554
eval_loss = 1.005617618560791
eval_mae = 0.495
eval_runtime = 17.3898
eval_samples_per_second = 287.526
