eval_accuracy = 0.4666000008583069
eval_loss = 1.3095312118530273
eval_mae = 0.6884
eval_runtime = 18.0013
eval_samples_per_second = 277.758
