eval_accuracy = 0.5899999737739563
eval_loss = 0.9489396214485168
eval_mae = 0.4638
eval_runtime = 17.3072
eval_samples_per_second = 288.898
