eval_accuracy = 0.49720001220703125
eval_loss = 1.237849235534668
eval_mae = 0.6468
eval_runtime = 18.6674
eval_samples_per_second = 267.847
