eval_accuracy = 0.4758000075817108
eval_loss = 1.3431512117385864
eval_mae = 0.6926
eval_runtime = 16.9976
eval_samples_per_second = 294.16
