eval_accuracy = 0.43939998745918274
eval_loss = 1.4438117742538452
eval_mae = 0.7294
eval_runtime = 18.8641
eval_samples_per_second = 265.053
