eval_accuracy = 0.5770000219345093
eval_loss = 1.0063568353652954
eval_mae = 0.494
eval_runtime = 16.818
eval_samples_per_second = 297.301
