eval_accuracy = 0.5551999807357788
eval_loss = 1.0247070789337158
eval_mae = 0.536
eval_runtime = 17.3733
eval_samples_per_second = 287.798
