eval_accuracy = 0.557200014591217
eval_loss = 1.0770719051361084
eval_mae = 0.5318
eval_runtime = 30.5213
eval_samples_per_second = 163.82
