eval_accuracy = 0.5454000234603882
eval_loss = 1.0298869609832764
eval_mae = 0.5398
eval_runtime = 17.3907
eval_samples_per_second = 287.51
