eval_accuracy = 0.5807999968528748
eval_loss = 0.9786220788955688
eval_mae = 0.4892
eval_runtime = 17.4765
eval_samples_per_second = 286.099
