eval_accuracy = 0.5562000274658203
eval_loss = 1.0804409980773926
eval_mae = 0.565
eval_runtime = 18.1427
eval_samples_per_second = 275.593
