eval_accuracy = 0.5641999840736389
eval_loss = 1.045825719833374
eval_mae = 0.5044
eval_runtime = 18.2737
eval_samples_per_second = 273.617
