eval_accuracy = 0.5565999746322632
eval_loss = 1.0802268981933594
eval_mae = 0.5646
eval_runtime = 28.8497
eval_samples_per_second = 173.312
