eval_accuracy = 0.6065999865531921
eval_loss = 0.9494203329086304
eval_mae = 0.4504
eval_runtime = 20.7596
eval_samples_per_second = 240.853
