eval_accuracy = 0.5708000063896179
eval_loss = 1.0231140851974487
eval_mae = 0.507
eval_runtime = 17.4035
eval_samples_per_second = 287.298
