eval_accuracy = 0.6212000250816345
eval_loss = 0.9506415128707886
eval_mae = 0.4288
eval_runtime = 17.2883
eval_samples_per_second = 289.213
