eval_accuracy = 0.6014000177383423
eval_loss = 0.9358574151992798
eval_mae = 0.4542
eval_runtime = 17.0754
eval_samples_per_second = 292.819
