eval_accuracy = 0.6371999979019165
eval_loss = 0.8889613151550293
eval_mae = 0.4134
eval_runtime = 20.4692
eval_samples_per_second = 244.269
