eval_accuracy = 0.5559999942779541
eval_loss = 1.0803561210632324
eval_mae = 0.565
eval_runtime = 18.4067
eval_samples_per_second = 271.64
