eval_accuracy = 0.5012000203132629
eval_loss = 1.2435026168823242
eval_mae = 0.594
eval_runtime = 25.1859
eval_samples_per_second = 198.524
