eval_accuracy = 0.5059999823570251
eval_loss = 1.229858160018921
eval_mae = 0.6216
eval_runtime = 33.8092
eval_samples_per_second = 147.889
