eval_accuracy = 0.5703999996185303
eval_loss = 1.0200941562652588
eval_mae = 0.5066
eval_runtime = 17.2885
eval_samples_per_second = 289.21
