eval_accuracy = 0.5774000287055969
eval_loss = 1.0165923833847046
eval_mae = 0.4842
eval_runtime = 17.4998
eval_samples_per_second = 285.718
