eval_accuracy = 0.5450000166893005
eval_loss = 1.0288112163543701
eval_mae = 0.5398
eval_runtime = 17.5773
eval_samples_per_second = 284.458
