eval_accuracy = 0.45660001039505005
eval_loss = 1.367918610572815
eval_mae = 0.7336
eval_runtime = 17.3051
eval_samples_per_second = 288.932
