eval_accuracy = 0.46799999475479126
eval_loss = 1.339051365852356
eval_mae = 0.6886
eval_runtime = 23.3835
eval_samples_per_second = 213.826
