eval_accuracy = 0.5649999976158142
eval_loss = 1.0162787437438965
eval_mae = 0.5088
eval_runtime = 16.9008
eval_samples_per_second = 295.844
