eval_accuracy = 0.4731999933719635
eval_loss = 1.3491994142532349
eval_mae = 0.6882
eval_runtime = 17.7039
eval_samples_per_second = 282.424
