eval_accuracy = 0.607200026512146
eval_loss = 0.9493603706359863
eval_mae = 0.449
eval_runtime = 19.182
eval_samples_per_second = 260.662
