eval_accuracy = 0.5001999735832214
eval_loss = 1.2370349168777466
eval_mae = 0.6306
eval_runtime = 18.8282
eval_samples_per_second = 265.559
