eval_accuracy = 0.5582000017166138
eval_loss = 1.078628659248352
eval_mae = 0.531
eval_runtime = 31.1534
eval_samples_per_second = 160.496
