eval_accuracy = 0.5013999938964844
eval_loss = 1.2396785020828247
eval_mae = 0.6306
eval_runtime = 19.1261
eval_samples_per_second = 261.423
