eval_accuracy = 0.5479999780654907
eval_loss = 1.0859878063201904
eval_mae = 0.5408
eval_runtime = 20.2467
eval_samples_per_second = 246.953
