eval_accuracy = 0.5809999704360962
eval_loss = 1.0185601711273193
eval_mae = 0.494
eval_runtime = 24.897
eval_samples_per_second = 200.827
