eval_accuracy = 0.6223999857902527
eval_loss = 0.9521646499633789
eval_mae = 0.4268
eval_runtime = 17.4341
eval_samples_per_second = 286.794
