eval_accuracy = 0.5680000185966492
eval_loss = 0.9915645718574524
eval_mae = 0.51
eval_runtime = 16.1585
eval_samples_per_second = 309.435
