eval_accuracy = 0.5475999712944031
eval_loss = 1.0302459001541138
eval_mae = 0.5382
eval_runtime = 16.3718
eval_samples_per_second = 305.403
