eval_accuracy = 0.6366000175476074
eval_loss = 0.8895058631896973
eval_mae = 0.4144
eval_runtime = 18.7437
eval_samples_per_second = 266.756
