eval_accuracy = 0.47540000081062317
eval_loss = 1.3406572341918945
eval_mae = 0.6934
eval_runtime = 17.2727
eval_samples_per_second = 289.473
