eval_accuracy = 0.5781999826431274
eval_loss = 1.0134066343307495
eval_mae = 0.4846
eval_runtime = 16.7526
eval_samples_per_second = 298.462
