eval_accuracy = 0.4957999885082245
eval_loss = 1.239435076713562
eval_mae = 0.648
eval_runtime = 17.8632
eval_samples_per_second = 279.905
