eval_accuracy = 0.550000011920929
eval_loss = 1.1473486423492432
eval_mae = 0.5814
eval_runtime = 17.5203
eval_samples_per_second = 285.382
