eval_accuracy = 0.5979999899864197
eval_loss = 0.9562970995903015
eval_mae = 0.4654
eval_runtime = 16.7384
eval_samples_per_second = 298.714
