eval_accuracy = 0.49880000948905945
eval_loss = 1.2289060354232788
eval_mae = 0.6042
eval_runtime = 18.3785
eval_samples_per_second = 272.057
