eval_accuracy = 0.5898000001907349
eval_loss = 0.9486943483352661
eval_mae = 0.4638
eval_runtime = 17.3794
eval_samples_per_second = 287.697
