eval_accuracy = 0.4968000054359436
eval_loss = 1.2386144399642944
eval_mae = 0.648
eval_runtime = 28.1824
eval_samples_per_second = 177.416
