eval_accuracy = 0.569599986076355
eval_loss = 0.9901415109634399
eval_mae = 0.5084
eval_runtime = 16.1067
eval_samples_per_second = 310.429
