eval_accuracy = 0.5595999956130981
eval_loss = 1.081297516822815
eval_mae = 0.5314
eval_runtime = 31.6462
eval_samples_per_second = 157.997
