eval_accuracy = 0.5023999810218811
eval_loss = 1.1768783330917358
eval_mae = 0.594
eval_runtime = 17.4054
eval_samples_per_second = 287.267
