eval_accuracy = 0.5763999819755554
eval_loss = 1.0057629346847534
eval_mae = 0.4954
eval_runtime = 16.4186
eval_samples_per_second = 304.533
