eval_accuracy = 0.571399986743927
eval_loss = 0.9903199076652527
eval_mae = 0.5076
eval_runtime = 16.553
eval_samples_per_second = 302.06
