eval_accuracy = 0.6018000245094299
eval_loss = 0.9528852701187134
eval_mae = 0.4612
eval_runtime = 17.3621
eval_samples_per_second = 287.984
