eval_accuracy = 0.5680000185966492
eval_loss = 1.0193177461624146
eval_mae = 0.511
eval_runtime = 17.4497
eval_samples_per_second = 286.538
