eval_accuracy = 0.6018000245094299
eval_loss = 0.9359787106513977
eval_mae = 0.4538
eval_runtime = 16.3653
eval_samples_per_second = 305.525
