eval_accuracy = 0.620199978351593
eval_loss = 0.9506788849830627
eval_mae = 0.4296
eval_runtime = 17.3804
eval_samples_per_second = 287.68
