eval_accuracy = 0.4991999864578247
eval_loss = 1.2297395467758179
eval_mae = 0.6036
eval_runtime = 18.355
eval_samples_per_second = 272.405
