eval_accuracy = 0.5698000192642212
eval_loss = 0.9906519651412964
eval_mae = 0.5088
eval_runtime = 16.0957
eval_samples_per_second = 310.641
