eval_accuracy = 0.4675999879837036
eval_loss = 1.2977572679519653
eval_mae = 0.6832
eval_runtime = 18.5207
eval_samples_per_second = 269.968
