eval_accuracy = 0.5934000015258789
eval_loss = 0.9603745341300964
eval_mae = 0.4828
eval_runtime = 17.3609
eval_samples_per_second = 288.004
