eval_accuracy = 0.5824000239372253
eval_loss = 0.978324294090271
eval_mae = 0.4872
eval_runtime = 17.3087
eval_samples_per_second = 288.872
