eval_accuracy = 0.5072000026702881
eval_loss = 1.2254455089569092
eval_mae = 0.6216
eval_runtime = 19.1465
eval_samples_per_second = 261.145
