eval_accuracy = 0.5605999827384949
eval_loss = 1.0724568367004395
eval_mae = 0.5284
eval_runtime = 18.2485
eval_samples_per_second = 273.995
