eval_accuracy = 0.5935999751091003
eval_loss = 0.9607082009315491
eval_mae = 0.483
eval_runtime = 17.3277
eval_samples_per_second = 288.556
