eval_accuracy = 0.592199981212616
eval_loss = 0.9605681896209717
eval_mae = 0.484
eval_runtime = 17.3705
eval_samples_per_second = 287.844
