eval_accuracy = 0.5645999908447266
eval_loss = 1.0146185159683228
eval_mae = 0.5074
eval_runtime = 16.9513
eval_samples_per_second = 294.963
