eval_accuracy = 0.47360000014305115
eval_loss = 1.3447970151901245
eval_mae = 0.6958
eval_runtime = 16.9466
eval_samples_per_second = 295.045
