eval_accuracy = 0.5491999983787537
eval_loss = 1.1478170156478882
eval_mae = 0.581
eval_runtime = 16.8963
eval_samples_per_second = 295.923
