eval_accuracy = 0.5004000067710876
eval_loss = 1.156938910484314
eval_mae = 0.5908
eval_runtime = 17.3346
eval_samples_per_second = 288.441
