eval_accuracy = 0.6204000115394592
eval_loss = 0.9508558511734009
eval_mae = 0.4286
eval_runtime = 17.4067
eval_samples_per_second = 287.246
