eval_accuracy = 0.49880000948905945
eval_loss = 1.2298980951309204
eval_mae = 0.6022
eval_runtime = 18.3738
eval_samples_per_second = 272.127
