eval_accuracy = 0.6015999913215637
eval_loss = 0.9359017610549927
eval_mae = 0.4546
eval_runtime = 17.0523
eval_samples_per_second = 293.216
