eval_accuracy = 0.5756000280380249
eval_loss = 1.0061240196228027
eval_mae = 0.4956
eval_runtime = 17.3533
eval_samples_per_second = 288.13
