eval_accuracy = 0.5532000064849854
eval_loss = 1.0819960832595825
eval_mae = 0.5368
eval_runtime = 18.2686
eval_samples_per_second = 273.694
