eval_accuracy = 0.5812000036239624
eval_loss = 0.9771115183830261
eval_mae = 0.4888
eval_runtime = 16.7372
eval_samples_per_second = 298.736
