eval_accuracy = 0.454800009727478
eval_loss = 1.3695757389068604
eval_mae = 0.7364
eval_runtime = 17.2882
eval_samples_per_second = 289.214
