eval_accuracy = 0.5479999780654907
eval_loss = 1.1474149227142334
eval_mae = 0.5832
eval_runtime = 17.0702
eval_samples_per_second = 292.908
