eval_accuracy = 0.5785999894142151
eval_loss = 1.017737865447998
eval_mae = 0.4972
eval_runtime = 23.9728
eval_samples_per_second = 208.569
