eval_accuracy = 0.593999981880188
eval_loss = 0.9478646516799927
eval_mae = 0.4688
eval_runtime = 18.7226
eval_samples_per_second = 267.057
