eval_accuracy = 0.5580000281333923
eval_loss = 1.0639522075653076
eval_mae = 0.5208
eval_runtime = 18.3315
eval_samples_per_second = 272.755
