eval_accuracy = 0.5587999820709229
eval_loss = 1.0439772605895996
eval_mae = 0.512
eval_runtime = 18.2358
eval_samples_per_second = 274.185
