eval_accuracy = 0.5001999735832214
eval_loss = 1.2274216413497925
eval_mae = 0.6012
eval_runtime = 18.3604
eval_samples_per_second = 272.326
