eval_accuracy = 0.571399986743927
eval_loss = 1.0816762447357178
eval_mae = 0.5142
eval_runtime = 17.0078
eval_samples_per_second = 293.983
