eval_accuracy = 0.5813999772071838
eval_loss = 1.0091745853424072
eval_mae = 0.4806
eval_runtime = 17.4084
eval_samples_per_second = 287.217
