eval_accuracy = 0.5703999996185303
eval_loss = 1.0211925506591797
eval_mae = 0.508
eval_runtime = 17.2868
eval_samples_per_second = 289.238
