eval_accuracy = 0.5455999970436096
eval_loss = 1.0892765522003174
eval_mae = 0.5428
eval_runtime = 18.773
eval_samples_per_second = 266.34
