eval_accuracy = 0.5738000273704529
eval_loss = 1.0076464414596558
eval_mae = 0.497
eval_runtime = 16.2775
eval_samples_per_second = 307.173
