eval_accuracy = 0.6003999710083008
eval_loss = 0.9557923674583435
eval_mae = 0.4628
eval_runtime = 17.275
eval_samples_per_second = 289.435
