eval_accuracy = 0.6065999865531921
eval_loss = 0.950323224067688
eval_mae = 0.4498
eval_runtime = 18.6271
eval_samples_per_second = 268.426
