eval_accuracy = 0.5698000192642212
eval_loss = 1.021098017692566
eval_mae = 0.5082
eval_runtime = 17.3749
eval_samples_per_second = 287.772
