eval_accuracy = 0.45680001378059387
eval_loss = 1.3631621599197388
eval_mae = 0.73
eval_runtime = 17.2552
eval_samples_per_second = 289.768
