eval_accuracy = 0.5027999877929688
eval_loss = 1.1773080825805664
eval_mae = 0.5924
eval_runtime = 17.3238
eval_samples_per_second = 288.621
