eval_accuracy = 0.5813999772071838
eval_loss = 0.9787970781326294
eval_mae = 0.4882
eval_runtime = 16.3697
eval_samples_per_second = 305.443
