eval_accuracy = 0.6200000047683716
eval_loss = 0.9494068622589111
eval_mae = 0.43
eval_runtime = 17.4109
eval_samples_per_second = 287.177
