eval_accuracy = 0.5004000067710876
eval_loss = 1.2416739463806152
eval_mae = 0.5952
eval_runtime = 24.2372
eval_samples_per_second = 206.295
