eval_accuracy = 0.5807999968528748
eval_loss = 1.0115816593170166
eval_mae = 0.4812
eval_runtime = 17.3848
eval_samples_per_second = 287.608
