eval_accuracy = 0.6000000238418579
eval_loss = 0.9555016756057739
eval_mae = 0.4634
eval_runtime = 17.4309
eval_samples_per_second = 286.847
