eval_accuracy = 0.5709999799728394
eval_loss = 0.9909588098526001
eval_mae = 0.5062
eval_runtime = 16.1883
eval_samples_per_second = 308.866
