eval_accuracy = 0.525600016117096
eval_loss = 1.0587422847747803
eval_mae = 0.5752
eval_runtime = 15.9545
eval_samples_per_second = 313.392
