eval_accuracy = 0.6086000204086304
eval_loss = 0.9484810829162598
eval_mae = 0.4468
eval_runtime = 18.2714
eval_samples_per_second = 273.652
