eval_accuracy = 0.5952000021934509
eval_loss = 0.9612168073654175
eval_mae = 0.4816
eval_runtime = 17.363
eval_samples_per_second = 287.969
