eval_accuracy = 0.5569999814033508
eval_loss = 1.0796623229980469
eval_mae = 0.5638
eval_runtime = 21.4263
eval_samples_per_second = 233.359
