eval_accuracy = 0.5727999806404114
eval_loss = 1.0855180025100708
eval_mae = 0.5118
eval_runtime = 17.0207
eval_samples_per_second = 293.759
