eval_accuracy = 0.557200014591217
eval_loss = 1.0631563663482666
eval_mae = 0.522
eval_runtime = 18.4209
eval_samples_per_second = 271.431
