eval_accuracy = 0.5019999742507935
eval_loss = 1.177127718925476
eval_mae = 0.5922
eval_runtime = 16.5281
eval_samples_per_second = 302.515
