eval_accuracy = 0.5586000084877014
eval_loss = 1.0786421298980713
eval_mae = 0.5306
eval_runtime = 34.2082
eval_samples_per_second = 146.164
