eval_accuracy = 0.5788000226020813
eval_loss = 1.0194131135940552
eval_mae = 0.4834
eval_runtime = 17.4916
eval_samples_per_second = 285.852
