eval_accuracy = 0.5636000037193298
eval_loss = 1.0145704746246338
eval_mae = 0.5082
eval_runtime = 17.3375
eval_samples_per_second = 288.392
