eval_accuracy = 0.4681999981403351
eval_loss = 1.3391770124435425
eval_mae = 0.6884
eval_runtime = 24.7458
eval_samples_per_second = 202.054
