eval_accuracy = 0.5604000091552734
eval_loss = 1.041985273361206
eval_mae = 0.5108
eval_runtime = 18.1865
eval_samples_per_second = 274.929
