eval_accuracy = 0.5587999820709229
eval_loss = 1.0569865703582764
eval_mae = 0.5204
eval_runtime = 18.3366
eval_samples_per_second = 272.678
