eval_accuracy = 0.4950000047683716
eval_loss = 1.2411566972732544
eval_mae = 0.6482
eval_runtime = 17.695
eval_samples_per_second = 282.566
