eval_accuracy = 0.4970000088214874
eval_loss = 1.2385939359664917
eval_mae = 0.6476
eval_runtime = 22.0518
eval_samples_per_second = 226.739
