eval_accuracy = 0.5795999765396118
eval_loss = 1.0118986368179321
eval_mae = 0.4822
eval_runtime = 16.461
eval_samples_per_second = 303.748
