eval_accuracy = 0.6039999723434448
eval_loss = 0.9458589553833008
eval_mae = 0.4578
eval_runtime = 16.4368
eval_samples_per_second = 304.196
