eval_accuracy = 0.5925999879837036
eval_loss = 0.9483785033226013
eval_mae = 0.4702
eval_runtime = 18.7551
eval_samples_per_second = 266.595
