eval_accuracy = 0.4975999891757965
eval_loss = 1.2384278774261475
eval_mae = 0.6472
eval_runtime = 25.5916
eval_samples_per_second = 195.376
