eval_accuracy = 0.4674000144004822
eval_loss = 1.294498085975647
eval_mae = 0.6798
eval_runtime = 36.5113
eval_samples_per_second = 136.944
