eval_accuracy = 0.43959999084472656
eval_loss = 1.4429336786270142
eval_mae = 0.7294
eval_runtime = 18.8498
eval_samples_per_second = 265.254
