eval_accuracy = 0.6057999730110168
eval_loss = 0.9458827972412109
eval_mae = 0.4562
eval_runtime = 16.3491
eval_samples_per_second = 305.828
