eval_accuracy = 0.503000020980835
eval_loss = 1.1753461360931396
eval_mae = 0.5912
eval_runtime = 17.7284
eval_samples_per_second = 282.034
