eval_accuracy = 0.5716000199317932
eval_loss = 1.021094560623169
eval_mae = 0.5076
eval_runtime = 17.2723
eval_samples_per_second = 289.482
