eval_accuracy = 0.5982000231742859
eval_loss = 0.95548415184021
eval_mae = 0.4652
eval_runtime = 17.2457
eval_samples_per_second = 289.927
