eval_accuracy = 0.4397999942302704
eval_loss = 1.4433103799819946
eval_mae = 0.7292
eval_runtime = 29.5961
eval_samples_per_second = 168.941
