eval_accuracy = 0.5694000124931335
eval_loss = 0.9913034439086914
eval_mae = 0.5082
eval_runtime = 16.2198
eval_samples_per_second = 308.266
