eval_accuracy = 0.5727999806404114
eval_loss = 1.0074974298477173
eval_mae = 0.4994
eval_runtime = 16.3717
eval_samples_per_second = 305.406
