eval_accuracy = 0.5562000274658203
eval_loss = 1.0802981853485107
eval_mae = 0.565
eval_runtime = 32.1243
eval_samples_per_second = 155.645
