eval_accuracy = 0.5496000051498413
eval_loss = 1.0815000534057617
eval_mae = 0.5382
eval_runtime = 18.4044
eval_samples_per_second = 271.675
