eval_accuracy = 0.6011999845504761
eval_loss = 0.9354526400566101
eval_mae = 0.4546
eval_runtime = 17.227
eval_samples_per_second = 290.243
