eval_accuracy = 0.592199981212616
eval_loss = 0.9477233290672302
eval_mae = 0.4708
eval_runtime = 22.404
eval_samples_per_second = 223.174
