eval_accuracy = 0.5703999996185303
eval_loss = 1.0212072134017944
eval_mae = 0.5074
eval_runtime = 16.4844
eval_samples_per_second = 303.317
