eval_accuracy = 0.4580000042915344
eval_loss = 1.3675713539123535
eval_mae = 0.7316
eval_runtime = 17.2929
eval_samples_per_second = 289.136
