eval_accuracy = 0.5569999814033508
eval_loss = 1.0802708864212036
eval_mae = 0.5648
eval_runtime = 18.162
eval_samples_per_second = 275.3
