eval_accuracy = 0.6064000129699707
eval_loss = 0.9500064253807068
eval_mae = 0.4496
eval_runtime = 20.62
eval_samples_per_second = 242.483
