eval_accuracy = 0.5666000247001648
eval_loss = 1.0142905712127686
eval_mae = 0.5038
eval_runtime = 17.1735
eval_samples_per_second = 291.147
