eval_accuracy = 0.5004000067710876
eval_loss = 1.2282190322875977
eval_mae = 0.602
eval_runtime = 18.4627
eval_samples_per_second = 270.816
