eval_accuracy = 0.5497999787330627
eval_loss = 1.1477478742599487
eval_mae = 0.58
eval_runtime = 17.43
eval_samples_per_second = 286.862
