eval_accuracy = 0.5648000240325928
eval_loss = 1.0159443616867065
eval_mae = 0.5098
eval_runtime = 17.1399
eval_samples_per_second = 291.716
