eval_accuracy = 0.5916000008583069
eval_loss = 0.9603556394577026
eval_mae = 0.4838
eval_runtime = 17.3471
eval_samples_per_second = 288.232
