eval_accuracy = 0.501800000667572
eval_loss = 1.1770009994506836
eval_mae = 0.5926
eval_runtime = 17.399
eval_samples_per_second = 287.372
