eval_accuracy = 0.58160001039505
eval_loss = 1.0185185670852661
eval_mae = 0.4932
eval_runtime = 23.0075
eval_samples_per_second = 217.32
