eval_accuracy = 0.5924000144004822
eval_loss = 0.9475891590118408
eval_mae = 0.4702
eval_runtime = 18.7913
eval_samples_per_second = 266.081
