eval_accuracy = 0.5649999976158142
eval_loss = 1.0143208503723145
eval_mae = 0.5064
eval_runtime = 16.9796
eval_samples_per_second = 294.47
