eval_accuracy = 0.49939998984336853
eval_loss = 1.1775381565093994
eval_mae = 0.5952
eval_runtime = 16.3166
eval_samples_per_second = 306.436
