eval_accuracy = 0.4970000088214874
eval_loss = 1.238671898841858
eval_mae = 0.6476
eval_runtime = 33.7713
eval_samples_per_second = 148.055
