eval_accuracy = 0.5807999968528748
eval_loss = 1.0182254314422607
eval_mae = 0.494
eval_runtime = 20.737
eval_samples_per_second = 241.115
