eval_accuracy = 0.5019999742507935
eval_loss = 1.1701397895812988
eval_mae = 0.5924
eval_runtime = 17.3015
eval_samples_per_second = 288.992
