eval_accuracy = 0.5938000082969666
eval_loss = 0.9598733186721802
eval_mae = 0.4818
eval_runtime = 17.6076
eval_samples_per_second = 283.968
