eval_accuracy = 0.5027999877929688
eval_loss = 1.1763337850570679
eval_mae = 0.5906
eval_runtime = 16.7738
eval_samples_per_second = 298.083
