eval_accuracy = 0.599399983882904
eval_loss = 0.9571377635002136
eval_mae = 0.4646
eval_runtime = 17.2826
eval_samples_per_second = 289.308
