eval_accuracy = 0.578000009059906
eval_loss = 1.0176323652267456
eval_mae = 0.4844
eval_runtime = 17.4366
eval_samples_per_second = 286.754
