eval_accuracy = 0.6050000190734863
eval_loss = 0.9456164240837097
eval_mae = 0.4562
eval_runtime = 16.3562
eval_samples_per_second = 305.695
