eval_accuracy = 0.592199981212616
eval_loss = 0.9478669762611389
eval_mae = 0.4702
eval_runtime = 21.2903
eval_samples_per_second = 234.849
