eval_accuracy = 0.5979999899864197
eval_loss = 0.9570979475975037
eval_mae = 0.4658
eval_runtime = 17.4506
eval_samples_per_second = 286.523
