eval_accuracy = 0.5712000131607056
eval_loss = 1.0210117101669312
eval_mae = 0.5068
eval_runtime = 18.5901
eval_samples_per_second = 268.96
