eval_accuracy = 0.5902000069618225
eval_loss = 1.0041862726211548
eval_mae = 0.4704
eval_runtime = 17.5964
eval_samples_per_second = 284.15
