eval_accuracy = 0.5564000010490417
eval_loss = 1.0799837112426758
eval_mae = 0.565
eval_runtime = 31.8555
eval_samples_per_second = 156.959
