eval_accuracy = 0.5961999893188477
eval_loss = 0.9434370398521423
eval_mae = 0.462
eval_runtime = 17.1353
eval_samples_per_second = 291.795
