eval_accuracy = 0.5501999855041504
eval_loss = 1.1467530727386475
eval_mae = 0.577
eval_runtime = 17.4417
eval_samples_per_second = 286.67
