eval_accuracy = 0.4970000088214874
eval_loss = 1.2385531663894653
eval_mae = 0.6474
eval_runtime = 35.3465
eval_samples_per_second = 141.457
