eval_accuracy = 0.5911999940872192
eval_loss = 1.0072872638702393
eval_mae = 0.4704
eval_runtime = 17.1971
eval_samples_per_second = 290.746
