eval_accuracy = 0.5712000131607056
eval_loss = 0.9907435774803162
eval_mae = 0.5076
eval_runtime = 16.9428
eval_samples_per_second = 295.111
