eval_accuracy = 0.45879998803138733
eval_loss = 1.3690109252929688
eval_mae = 0.7306
eval_runtime = 16.4414
eval_samples_per_second = 304.111
