eval_accuracy = 0.5063999891281128
eval_loss = 1.2291829586029053
eval_mae = 0.6214
eval_runtime = 21.923
eval_samples_per_second = 228.071
