eval_accuracy = 0.5586000084877014
eval_loss = 1.0786306858062744
eval_mae = 0.5306
eval_runtime = 32.0722
eval_samples_per_second = 155.898
