eval_accuracy = 0.5649999976158142
eval_loss = 1.0162723064422607
eval_mae = 0.5082
eval_runtime = 16.367
eval_samples_per_second = 305.493
