eval_accuracy = 0.5461999773979187
eval_loss = 1.0297898054122925
eval_mae = 0.5396
eval_runtime = 16.6877
eval_samples_per_second = 299.622
