eval_accuracy = 0.5807999968528748
eval_loss = 1.0119274854660034
eval_mae = 0.481
eval_runtime = 17.7034
eval_samples_per_second = 282.432
