eval_accuracy = 0.592199981212616
eval_loss = 0.9478195309638977
eval_mae = 0.4702
eval_runtime = 20.0116
eval_samples_per_second = 249.855
