eval_accuracy = 0.4968000054359436
eval_loss = 1.2394578456878662
eval_mae = 0.6484
eval_runtime = 20.6702
eval_samples_per_second = 241.894
