eval_accuracy = 0.4828000068664551
eval_loss = 1.3542397022247314
eval_mae = 0.6716
eval_runtime = 19.4711
eval_samples_per_second = 256.791
