eval_accuracy = 0.5031999945640564
eval_loss = 1.177342414855957
eval_mae = 0.5914
eval_runtime = 16.6955
eval_samples_per_second = 299.481
