eval_accuracy = 0.5938000082969666
eval_loss = 0.9614289999008179
eval_mae = 0.4826
eval_runtime = 17.5283
eval_samples_per_second = 285.253
