eval_accuracy = 0.5753999948501587
eval_loss = 1.0845677852630615
eval_mae = 0.5106
eval_runtime = 17.1697
eval_samples_per_second = 291.211
