eval_accuracy = 0.49720001220703125
eval_loss = 1.2388765811920166
eval_mae = 0.6474
eval_runtime = 22.0086
eval_samples_per_second = 227.183
