eval_accuracy = 0.6078000068664551
eval_loss = 0.9490527510643005
eval_mae = 0.4486
eval_runtime = 20.8229
eval_samples_per_second = 240.121
