eval_accuracy = 0.49959999322891235
eval_loss = 1.1551727056503296
eval_mae = 0.5912
eval_runtime = 17.2749
eval_samples_per_second = 289.437
