eval_accuracy = 0.5555999875068665
eval_loss = 1.024489402770996
eval_mae = 0.5342
eval_runtime = 17.2935
eval_samples_per_second = 289.125
