eval_accuracy = 0.4832000136375427
eval_loss = 1.3522239923477173
eval_mae = 0.6712
eval_runtime = 18.079
eval_samples_per_second = 276.563
