eval_accuracy = 0.5788000226020813
eval_loss = 1.01771879196167
eval_mae = 0.4832
eval_runtime = 17.4504
eval_samples_per_second = 286.527
