eval_accuracy = 0.506600022315979
eval_loss = 1.2289774417877197
eval_mae = 0.6208
eval_runtime = 19.6923
eval_samples_per_second = 253.907
