eval_accuracy = 0.49939998984336853
eval_loss = 1.2276222705841064
eval_mae = 0.6022
eval_runtime = 18.4708
eval_samples_per_second = 270.698
