eval_accuracy = 0.5681999921798706
eval_loss = 1.0225757360458374
eval_mae = 0.5106
eval_runtime = 16.3432
eval_samples_per_second = 305.937
