eval_accuracy = 0.6200000047683716
eval_loss = 0.9543738961219788
eval_mae = 0.4302
eval_runtime = 17.3588
eval_samples_per_second = 288.038
