eval_accuracy = 0.5609999895095825
eval_loss = 1.0443646907806396
eval_mae = 0.5092
eval_runtime = 22.4625
eval_samples_per_second = 222.593
