eval_accuracy = 0.5777999758720398
eval_loss = 1.017621636390686
eval_mae = 0.4844
eval_runtime = 17.4269
eval_samples_per_second = 286.912
