eval_accuracy = 0.506600022315979
eval_loss = 1.2292242050170898
eval_mae = 0.6208
eval_runtime = 18.8851
eval_samples_per_second = 264.76
