eval_accuracy = 0.4668000042438507
eval_loss = 1.3384177684783936
eval_mae = 0.6924
eval_runtime = 18.9799
eval_samples_per_second = 263.437
