eval_accuracy = 0.5608000159263611
eval_loss = 1.0460015535354614
eval_mae = 0.5086
eval_runtime = 19.5145
eval_samples_per_second = 256.219
