eval_accuracy = 0.5914000272750854
eval_loss = 1.005632758140564
eval_mae = 0.47
eval_runtime = 17.2019
eval_samples_per_second = 290.666
