eval_accuracy = 0.5759999752044678
eval_loss = 1.0064431428909302
eval_mae = 0.4956
eval_runtime = 17.1441
eval_samples_per_second = 291.645
