eval_accuracy = 0.4991999864578247
eval_loss = 1.155212640762329
eval_mae = 0.5916
eval_runtime = 17.5421
eval_samples_per_second = 285.028
