eval_accuracy = 0.5979999899864197
eval_loss = 0.9566293954849243
eval_mae = 0.4652
eval_runtime = 17.1647
eval_samples_per_second = 291.295
