eval_accuracy = 0.5081999897956848
eval_loss = 1.2301573753356934
eval_mae = 0.6198
eval_runtime = 19.0913
eval_samples_per_second = 261.899
