eval_accuracy = 0.5964000225067139
eval_loss = 0.9591687321662903
eval_mae = 0.4678
eval_runtime = 16.7478
eval_samples_per_second = 298.548
