eval_accuracy = 0.49779999256134033
eval_loss = 1.2383419275283813
eval_mae = 0.6468
eval_runtime = 19.5344
eval_samples_per_second = 255.958
