eval_accuracy = 0.5730000138282776
eval_loss = 1.0852206945419312
eval_mae = 0.512
eval_runtime = 16.3281
eval_samples_per_second = 306.221
