eval_accuracy = 0.574999988079071
eval_loss = 1.0843652486801147
eval_mae = 0.511
eval_runtime = 16.2745
eval_samples_per_second = 307.229
