eval_accuracy = 0.592199981212616
eval_loss = 0.9465450048446655
eval_mae = 0.4698
eval_runtime = 18.91
eval_samples_per_second = 264.41
