eval_accuracy = 0.5745999813079834
eval_loss = 1.0056889057159424
eval_mae = 0.4958
eval_runtime = 17.1672
eval_samples_per_second = 291.254
