eval_accuracy = 0.5759999752044678
eval_loss = 1.084547519683838
eval_mae = 0.5094
eval_runtime = 16.1389
eval_samples_per_second = 309.81
