eval_accuracy = 0.5644000172615051
eval_loss = 1.014652967453003
eval_mae = 0.5076
eval_runtime = 17.0235
eval_samples_per_second = 293.712
