eval_accuracy = 0.6218000054359436
eval_loss = 0.9500565528869629
eval_mae = 0.4274
eval_runtime = 17.4761
eval_samples_per_second = 286.105
