eval_accuracy = 0.5644000172615051
eval_loss = 1.0138952732086182
eval_mae = 0.5082
eval_runtime = 17.2941
eval_samples_per_second = 289.116
