eval_accuracy = 0.5583999752998352
eval_loss = 1.0785319805145264
eval_mae = 0.531
eval_runtime = 18.6187
eval_samples_per_second = 268.547
