eval_accuracy = 0.498199999332428
eval_loss = 1.1558159589767456
eval_mae = 0.5918
eval_runtime = 17.2803
eval_samples_per_second = 289.346
