eval_accuracy = 0.6363999843597412
eval_loss = 0.8913569450378418
eval_mae = 0.415
eval_runtime = 22.3641
eval_samples_per_second = 223.572
