eval_accuracy = 0.5425999760627747
eval_loss = 1.0298340320587158
eval_mae = 0.5432
eval_runtime = 17.4103
eval_samples_per_second = 287.186
