eval_accuracy = 0.5550000071525574
eval_loss = 1.0242877006530762
eval_mae = 0.5366
eval_runtime = 17.2782
eval_samples_per_second = 289.382
