eval_accuracy = 0.5914000272750854
eval_loss = 0.9490392804145813
eval_mae = 0.4622
eval_runtime = 16.4807
eval_samples_per_second = 303.384
