eval_accuracy = 0.5716000199317932
eval_loss = 1.0214279890060425
eval_mae = 0.5076
eval_runtime = 17.2755
eval_samples_per_second = 289.427
