eval_accuracy = 0.5555999875068665
eval_loss = 1.0265804529190063
eval_mae = 0.536
eval_runtime = 17.3797
eval_samples_per_second = 287.692
