eval_accuracy = 0.4997999966144562
eval_loss = 1.2453044652938843
eval_mae = 0.5964
eval_runtime = 18.891
eval_samples_per_second = 264.676
