eval_accuracy = 0.5813999772071838
eval_loss = 0.9788163304328918
eval_mae = 0.4892
eval_runtime = 16.7235
eval_samples_per_second = 298.981
