eval_accuracy = 0.5929999947547913
eval_loss = 0.9482929706573486
eval_mae = 0.4706
eval_runtime = 20.2962
eval_samples_per_second = 246.352
