eval_accuracy = 0.5623999834060669
eval_loss = 1.0450199842453003
eval_mae = 0.5068
eval_runtime = 23.3057
eval_samples_per_second = 214.54
