eval_accuracy = 0.5759999752044678
eval_loss = 1.0057342052459717
eval_mae = 0.496
eval_runtime = 17.1471
eval_samples_per_second = 291.595
