eval_accuracy = 0.4819999933242798
eval_loss = 1.394999623298645
eval_mae = 0.6726
eval_runtime = 30.9223
eval_samples_per_second = 161.695
