eval_accuracy = 0.573199987411499
eval_loss = 1.0070639848709106
eval_mae = 0.4992
eval_runtime = 16.5608
eval_samples_per_second = 301.917
