eval_accuracy = 0.5789999961853027
eval_loss = 1.017485499382019
eval_mae = 0.4834
eval_runtime = 17.519
eval_samples_per_second = 285.404
