eval_accuracy = 0.6064000129699707
eval_loss = 0.9493367075920105
eval_mae = 0.4494
eval_runtime = 19.1929
eval_samples_per_second = 260.513
