eval_accuracy = 0.578000009059906
eval_loss = 1.0158748626708984
eval_mae = 0.4842
eval_runtime = 17.4088
eval_samples_per_second = 287.211
