eval_accuracy = 0.5473999977111816
eval_loss = 1.085981011390686
eval_mae = 0.5416
eval_runtime = 29.3312
eval_samples_per_second = 170.467
