eval_accuracy = 0.4745999872684479
eval_loss = 1.3405649662017822
eval_mae = 0.6942
eval_runtime = 17.1464
eval_samples_per_second = 291.607
