eval_accuracy = 0.5794000029563904
eval_loss = 1.0174435377120972
eval_mae = 0.4828
eval_runtime = 17.5008
eval_samples_per_second = 285.702
