eval_accuracy = 0.5902000069618225
eval_loss = 0.9488832950592041
eval_mae = 0.4636
eval_runtime = 17.194
eval_samples_per_second = 290.799
