eval_accuracy = 0.5604000091552734
eval_loss = 1.045632243156433
eval_mae = 0.509
eval_runtime = 18.4944
eval_samples_per_second = 270.352
