eval_accuracy = 0.506600022315979
eval_loss = 1.2289434671401978
eval_mae = 0.6208
eval_runtime = 31.5948
eval_samples_per_second = 158.254
