eval_accuracy = 0.5776000022888184
eval_loss = 1.0054041147232056
eval_mae = 0.494
eval_runtime = 16.4824
eval_samples_per_second = 303.353
