eval_accuracy = 0.5799999833106995
eval_loss = 0.9802790880203247
eval_mae = 0.4896
eval_runtime = 17.3683
eval_samples_per_second = 287.881
