eval_accuracy = 0.4675999879837036
eval_loss = 1.3418890237808228
eval_mae = 0.69
eval_runtime = 27.0792
eval_samples_per_second = 184.644
