eval_accuracy = 0.5708000063896179
eval_loss = 0.9909720420837402
eval_mae = 0.5074
eval_runtime = 17.1469
eval_samples_per_second = 291.597
