eval_accuracy = 0.45739999413490295
eval_loss = 1.3657348155975342
eval_mae = 0.7324
eval_runtime = 17.6795
eval_samples_per_second = 282.814
