eval_accuracy = 0.5928000211715698
eval_loss = 0.9477609395980835
eval_mae = 0.4698
eval_runtime = 18.7227
eval_samples_per_second = 267.056
