eval_accuracy = 0.5789999961853027
eval_loss = 1.0175673961639404
eval_mae = 0.4836
eval_runtime = 17.4976
eval_samples_per_second = 285.754
