eval_accuracy = 0.5059999823570251
eval_loss = 1.2293263673782349
eval_mae = 0.619
eval_runtime = 18.75
eval_samples_per_second = 266.667
