eval_accuracy = 0.4740000069141388
eval_loss = 1.3422764539718628
eval_mae = 0.6944
eval_runtime = 17.0156
eval_samples_per_second = 293.848
