eval_accuracy = 0.5920000076293945
eval_loss = 0.9470189213752747
eval_mae = 0.4704
eval_runtime = 19.4581
eval_samples_per_second = 256.962
