eval_accuracy = 0.4724000096321106
eval_loss = 1.350986361503601
eval_mae = 0.692
eval_runtime = 17.409
eval_samples_per_second = 287.208
