eval_accuracy = 0.5813999772071838
eval_loss = 1.0176438093185425
eval_mae = 0.4806
eval_runtime = 16.4947
eval_samples_per_second = 303.127
