eval_accuracy = 0.45899999141693115
eval_loss = 1.3671064376831055
eval_mae = 0.7306
eval_runtime = 17.6526
eval_samples_per_second = 283.244
