eval_accuracy = 0.5983999967575073
eval_loss = 0.9549734592437744
eval_mae = 0.4648
eval_runtime = 17.306
eval_samples_per_second = 288.918
