eval_accuracy = 0.600600004196167
eval_loss = 0.9358734488487244
eval_mae = 0.4556
eval_runtime = 17.0185
eval_samples_per_second = 293.798
