eval_accuracy = 0.5558000206947327
eval_loss = 1.0249189138412476
eval_mae = 0.532
eval_runtime = 17.3582
eval_samples_per_second = 288.048
