eval_accuracy = 0.5608000159263611
eval_loss = 1.0406230688095093
eval_mae = 0.5094
eval_runtime = 18.1359
eval_samples_per_second = 275.696
