eval_accuracy = 0.5748000144958496
eval_loss = 1.0836584568023682
eval_mae = 0.5104
eval_runtime = 16.1703
eval_samples_per_second = 309.208
