eval_accuracy = 0.47279998660087585
eval_loss = 1.3482794761657715
eval_mae = 0.6888
eval_runtime = 17.3368
eval_samples_per_second = 288.404
