eval_accuracy = 0.6363999843597412
eval_loss = 0.889488697052002
eval_mae = 0.4146
eval_runtime = 18.7642
eval_samples_per_second = 266.464
