eval_accuracy = 0.5942000150680542
eval_loss = 0.9608209133148193
eval_mae = 0.4826
eval_runtime = 17.4802
eval_samples_per_second = 286.037
