eval_accuracy = 0.5267999768257141
eval_loss = 1.054512858390808
eval_mae = 0.5704
eval_runtime = 16.3213
eval_samples_per_second = 306.347
