eval_accuracy = 0.49720001220703125
eval_loss = 1.2390031814575195
eval_mae = 0.6474
eval_runtime = 17.7676
eval_samples_per_second = 281.412
