eval_accuracy = 0.4821999967098236
eval_loss = 1.3993172645568848
eval_mae = 0.6736
eval_runtime = 38.4204
eval_samples_per_second = 130.139
