eval_accuracy = 0.5595999956130981
eval_loss = 1.0478821992874146
eval_mae = 0.512
eval_runtime = 20.0463
eval_samples_per_second = 249.422
