eval_accuracy = 0.4742000102996826
eval_loss = 1.3894931077957153
eval_mae = 0.6826
eval_runtime = 18.6713
eval_samples_per_second = 267.791
