eval_accuracy = 0.5756000280380249
eval_loss = 1.0866345167160034
eval_mae = 0.5088
eval_runtime = 16.9871
eval_samples_per_second = 294.341
