eval_accuracy = 0.5026000142097473
eval_loss = 1.1797802448272705
eval_mae = 0.5948
eval_runtime = 16.6937
eval_samples_per_second = 299.515
