eval_accuracy = 0.5059999823570251
eval_loss = 1.2292693853378296
eval_mae = 0.6214
eval_runtime = 33.1214
eval_samples_per_second = 150.96
