eval_accuracy = 0.5809999704360962
eval_loss = 1.0185993909835815
eval_mae = 0.494
eval_runtime = 32.7826
eval_samples_per_second = 152.52
