eval_accuracy = 0.5023999810218811
eval_loss = 1.1775286197662354
eval_mae = 0.5922
eval_runtime = 17.3894
eval_samples_per_second = 287.532
