eval_accuracy = 0.49900001287460327
eval_loss = 1.228134036064148
eval_mae = 0.6026
eval_runtime = 18.3669
eval_samples_per_second = 272.228
