eval_accuracy = 0.4828000068664551
eval_loss = 1.3514412641525269
eval_mae = 0.6716
eval_runtime = 19.9798
eval_samples_per_second = 250.252
