eval_accuracy = 0.5807999968528748
eval_loss = 0.9786224365234375
eval_mae = 0.4898
eval_runtime = 17.3339
eval_samples_per_second = 288.452
