eval_accuracy = 0.5651999711990356
eval_loss = 1.0015747547149658
eval_mae = 0.5032
eval_runtime = 16.6774
eval_samples_per_second = 299.807
