eval_accuracy = 0.4580000042915344
eval_loss = 1.364082932472229
eval_mae = 0.7298
eval_runtime = 17.3936
eval_samples_per_second = 287.462
