eval_accuracy = 0.4814000129699707
eval_loss = 1.392114281654358
eval_mae = 0.6734
eval_runtime = 33.4487
eval_samples_per_second = 149.483
