eval_accuracy = 0.5275999903678894
eval_loss = 1.0563101768493652
eval_mae = 0.5714
eval_runtime = 15.8634
eval_samples_per_second = 315.191
