eval_accuracy = 0.4970000088214874
eval_loss = 1.2390285730361938
eval_mae = 0.6484
eval_runtime = 18.1271
eval_samples_per_second = 275.83
