eval_accuracy = 0.5802000164985657
eval_loss = 1.011994481086731
eval_mae = 0.4818
eval_runtime = 17.4536
eval_samples_per_second = 286.474
