eval_accuracy = 0.5613999962806702
eval_loss = 1.0932191610336304
eval_mae = 0.5318
eval_runtime = 19.9005
eval_samples_per_second = 251.249
