eval_accuracy = 0.5745999813079834
eval_loss = 1.0065866708755493
eval_mae = 0.4968
eval_runtime = 17.1958
eval_samples_per_second = 290.769
