eval_accuracy = 0.5475999712944031
eval_loss = 1.0861396789550781
eval_mae = 0.5416
eval_runtime = 26.44
eval_samples_per_second = 189.108
