eval_accuracy = 0.49959999322891235
eval_loss = 1.2275943756103516
eval_mae = 0.6026
eval_runtime = 18.4011
eval_samples_per_second = 271.723
