eval_accuracy = 0.4675999879837036
eval_loss = 1.2964107990264893
eval_mae = 0.6818
eval_runtime = 20.172
eval_samples_per_second = 247.869
