eval_accuracy = 0.4941999912261963
eval_loss = 1.2419209480285645
eval_mae = 0.651
eval_runtime = 18.3403
eval_samples_per_second = 272.623
