eval_accuracy = 0.4749999940395355
eval_loss = 1.3437676429748535
eval_mae = 0.6946
eval_runtime = 16.4578
eval_samples_per_second = 303.808
