eval_accuracy = 0.5648000240325928
eval_loss = 1.0140984058380127
eval_mae = 0.5098
eval_runtime = 17.3872
eval_samples_per_second = 287.568
