eval_accuracy = 0.5785999894142151
eval_loss = 1.0176163911819458
eval_mae = 0.4846
eval_runtime = 16.8327
eval_samples_per_second = 297.04
