eval_accuracy = 0.5788000226020813
eval_loss = 1.017694115638733
eval_mae = 0.4836
eval_runtime = 16.5052
eval_samples_per_second = 302.935
