eval_accuracy = 0.5983999967575073
eval_loss = 0.9555108547210693
eval_mae = 0.4666
eval_runtime = 17.3693
eval_samples_per_second = 287.864
