eval_accuracy = 0.599399983882904
eval_loss = 0.9554466605186462
eval_mae = 0.464
eval_runtime = 16.617
eval_samples_per_second = 300.896
