eval_accuracy = 0.5820000171661377
eval_loss = 1.015476942062378
eval_mae = 0.4958
eval_runtime = 29.8403
eval_samples_per_second = 167.558
