eval_accuracy = 0.43959999084472656
eval_loss = 1.443183183670044
eval_mae = 0.7292
eval_runtime = 18.8591
eval_samples_per_second = 265.124
