eval_accuracy = 0.5450000166893005
eval_loss = 1.0286673307418823
eval_mae = 0.539
eval_runtime = 16.7448
eval_samples_per_second = 298.601
