eval_accuracy = 0.5997999906539917
eval_loss = 0.955486536026001
eval_mae = 0.4638
eval_runtime = 17.435
eval_samples_per_second = 286.779
