eval_accuracy = 0.592199981212616
eval_loss = 0.9477056860923767
eval_mae = 0.4698
eval_runtime = 18.6166
eval_samples_per_second = 268.577
