eval_accuracy = 0.592199981212616
eval_loss = 0.9610927700996399
eval_mae = 0.4846
eval_runtime = 17.3169
eval_samples_per_second = 288.735
