eval_accuracy = 0.5526000261306763
eval_loss = 1.0213626623153687
eval_mae = 0.537
eval_runtime = 17.283
eval_samples_per_second = 289.302
