eval_accuracy = 0.5699999928474426
eval_loss = 0.9902201294898987
eval_mae = 0.5078
eval_runtime = 17.0006
eval_samples_per_second = 294.107
