eval_accuracy = 0.5802000164985657
eval_loss = 1.0115549564361572
eval_mae = 0.4818
eval_runtime = 17.448
eval_samples_per_second = 286.566
