eval_accuracy = 0.5812000036239624
eval_loss = 1.0180946588516235
eval_mae = 0.4806
eval_runtime = 16.8673
eval_samples_per_second = 296.431
