eval_accuracy = 0.5486000180244446
eval_loss = 1.1477274894714355
eval_mae = 0.5824
eval_runtime = 16.4263
eval_samples_per_second = 304.39
