eval_accuracy = 0.4726000130176544
eval_loss = 1.3477153778076172
eval_mae = 0.6894
eval_runtime = 17.3644
eval_samples_per_second = 287.946
