eval_accuracy = 0.6068000197410583
eval_loss = 0.949407696723938
eval_mae = 0.4494
eval_runtime = 38.9883
eval_samples_per_second = 128.244
