eval_accuracy = 0.47699999809265137
eval_loss = 1.3419592380523682
eval_mae = 0.6936
eval_runtime = 16.3444
eval_samples_per_second = 305.916
