eval_accuracy = 0.5992000102996826
eval_loss = 0.9558849334716797
eval_mae = 0.4644
eval_runtime = 17.4441
eval_samples_per_second = 286.63
