eval_accuracy = 0.5587999820709229
eval_loss = 1.0787124633789062
eval_mae = 0.5304
eval_runtime = 22.668
eval_samples_per_second = 220.575
