eval_accuracy = 0.5709999799728394
eval_loss = 1.022114634513855
eval_mae = 0.5076
eval_runtime = 17.3725
eval_samples_per_second = 287.811
