eval_accuracy = 0.5461999773979187
eval_loss = 1.029754400253296
eval_mae = 0.539
eval_runtime = 16.7536
eval_samples_per_second = 298.443
