eval_accuracy = 0.546999990940094
eval_loss = 1.1491447687149048
eval_mae = 0.5852
eval_runtime = 16.46
eval_samples_per_second = 303.766
