eval_accuracy = 0.5001999735832214
eval_loss = 1.1558737754821777
eval_mae = 0.5906
eval_runtime = 17.3051
eval_samples_per_second = 288.931
