eval_accuracy = 0.5497999787330627
eval_loss = 1.1472820043563843
eval_mae = 0.5806
eval_runtime = 17.5088
eval_samples_per_second = 285.571
