eval_accuracy = 0.5537999868392944
eval_loss = 1.0251003503799438
eval_mae = 0.5364
eval_runtime = 17.2802
eval_samples_per_second = 289.348
