eval_accuracy = 0.5547999739646912
eval_loss = 1.0654783248901367
eval_mae = 0.5272
eval_runtime = 18.2879
eval_samples_per_second = 273.405
