eval_accuracy = 0.4681999981403351
eval_loss = 1.3390651941299438
eval_mae = 0.6886
eval_runtime = 27.5605
eval_samples_per_second = 181.419
