eval_accuracy = 0.6050000190734863
eval_loss = 0.9462941288948059
eval_mae = 0.4568
eval_runtime = 17.3282
eval_samples_per_second = 288.547
