eval_accuracy = 0.599399983882904
eval_loss = 0.9552791714668274
eval_mae = 0.4642
eval_runtime = 17.2594
eval_samples_per_second = 289.697
