eval_accuracy = 0.5644000172615051
eval_loss = 1.0147631168365479
eval_mae = 0.5076
eval_runtime = 18.1965
eval_samples_per_second = 274.778
