eval_accuracy = 0.43880000710487366
eval_loss = 1.442997694015503
eval_mae = 0.7304
eval_runtime = 24.5263
eval_samples_per_second = 203.863
