eval_accuracy = 0.5285999774932861
eval_loss = 1.0529571771621704
eval_mae = 0.568
eval_runtime = 15.9629
eval_samples_per_second = 313.225
