eval_accuracy = 0.5928000211715698
eval_loss = 0.9473814368247986
eval_mae = 0.4696
eval_runtime = 18.9462
eval_samples_per_second = 263.905
