eval_accuracy = 0.5583999752998352
eval_loss = 1.0785877704620361
eval_mae = 0.531
eval_runtime = 26.8841
eval_samples_per_second = 185.984
