eval_accuracy = 0.5698000192642212
eval_loss = 1.0226783752441406
eval_mae = 0.5096
eval_runtime = 17.3966
eval_samples_per_second = 287.413
