eval_accuracy = 0.4986000061035156
eval_loss = 1.227017879486084
eval_mae = 0.6044
eval_runtime = 18.3814
eval_samples_per_second = 272.014
