eval_accuracy = 0.5496000051498413
eval_loss = 1.1485613584518433
eval_mae = 0.5826
eval_runtime = 17.4373
eval_samples_per_second = 286.741
