eval_accuracy = 0.5929999947547913
eval_loss = 0.9623021483421326
eval_mae = 0.4828
eval_runtime = 17.5837
eval_samples_per_second = 284.354
