eval_accuracy = 0.4878000020980835
eval_loss = 1.3383722305297852
eval_mae = 0.6652
eval_runtime = 18.4088
eval_samples_per_second = 271.61
