eval_accuracy = 0.5568000078201294
eval_loss = 1.080240249633789
eval_mae = 0.5646
eval_runtime = 32.383
eval_samples_per_second = 154.402
