eval_accuracy = 0.5562000274658203
eval_loss = 1.0800248384475708
eval_mae = 0.5648
eval_runtime = 18.6938
eval_samples_per_second = 267.468
