eval_accuracy = 0.4715999960899353
eval_loss = 1.3502497673034668
eval_mae = 0.6902
eval_runtime = 17.2835
eval_samples_per_second = 289.293
