eval_accuracy = 0.6208000183105469
eval_loss = 0.9507180452346802
eval_mae = 0.429
eval_runtime = 17.6315
eval_samples_per_second = 283.583
