eval_accuracy = 0.5076000094413757
eval_loss = 1.2298451662063599
eval_mae = 0.6206
eval_runtime = 18.9247
eval_samples_per_second = 264.206
