eval_accuracy = 0.5745999813079834
eval_loss = 1.084549069404602
eval_mae = 0.5118
eval_runtime = 16.5077
eval_samples_per_second = 302.889
