eval_accuracy = 0.5916000008583069
eval_loss = 0.9489107131958008
eval_mae = 0.462
eval_runtime = 17.1571
eval_samples_per_second = 291.424
