eval_accuracy = 0.5582000017166138
eval_loss = 1.0786898136138916
eval_mae = 0.5306
eval_runtime = 20.6859
eval_samples_per_second = 241.71
