eval_accuracy = 0.48080000281333923
eval_loss = 1.3921107053756714
eval_mae = 0.6738
eval_runtime = 20.459
eval_samples_per_second = 244.391
