eval_accuracy = 0.5788000226020813
eval_loss = 1.0175988674163818
eval_mae = 0.4838
eval_runtime = 17.0106
eval_samples_per_second = 293.935
