eval_accuracy = 0.5996000170707703
eval_loss = 0.9549165964126587
eval_mae = 0.463
eval_runtime = 17.2908
eval_samples_per_second = 289.17
