eval_accuracy = 0.5490000247955322
eval_loss = 1.1476625204086304
eval_mae = 0.5818
eval_runtime = 16.8077
eval_samples_per_second = 297.482
