eval_accuracy = 0.5989999771118164
eval_loss = 0.955726146697998
eval_mae = 0.4646
eval_runtime = 17.2841
eval_samples_per_second = 289.283
