eval_accuracy = 0.6065999865531921
eval_loss = 0.9494417905807495
eval_mae = 0.4502
eval_runtime = 18.6733
eval_samples_per_second = 267.762
