eval_accuracy = 0.5019999742507935
eval_loss = 1.1769297122955322
eval_mae = 0.593
eval_runtime = 17.3644
eval_samples_per_second = 287.946
