eval_accuracy = 0.5455999970436096
eval_loss = 1.0292396545410156
eval_mae = 0.5386
eval_runtime = 16.4069
eval_samples_per_second = 304.749
