eval_accuracy = 0.5983999967575073
eval_loss = 0.9562091827392578
eval_mae = 0.4648
eval_runtime = 17.4221
eval_samples_per_second = 286.992
