eval_accuracy = 0.5777999758720398
eval_loss = 1.0151379108428955
eval_mae = 0.4828
eval_runtime = 16.844
eval_samples_per_second = 296.841
