eval_accuracy = 0.5067999958992004
eval_loss = 1.2288494110107422
eval_mae = 0.6206
eval_runtime = 18.9601
eval_samples_per_second = 263.712
