eval_accuracy = 0.600600004196167
eval_loss = 0.9358317255973816
eval_mae = 0.4562
eval_runtime = 17.0451
eval_samples_per_second = 293.34
