eval_accuracy = 0.5717999935150146
eval_loss = 0.9898383617401123
eval_mae = 0.5054
eval_runtime = 17.0637
eval_samples_per_second = 293.02
