eval_accuracy = 0.4970000088214874
eval_loss = 1.2387347221374512
eval_mae = 0.6476
eval_runtime = 23.2753
eval_samples_per_second = 214.82
