eval_accuracy = 0.6000000238418579
eval_loss = 0.9553586840629578
eval_mae = 0.4634
eval_runtime = 17.3129
eval_samples_per_second = 288.802
