eval_accuracy = 0.6011999845504761
eval_loss = 0.9358898401260376
eval_mae = 0.4544
eval_runtime = 17.0896
eval_samples_per_second = 292.576
