eval_accuracy = 0.48080000281333923
eval_loss = 1.3925728797912598
eval_mae = 0.674
eval_runtime = 19.747
eval_samples_per_second = 253.203
