eval_accuracy = 0.6021999716758728
eval_loss = 0.936105489730835
eval_mae = 0.4534
eval_runtime = 16.3839
eval_samples_per_second = 305.177
