eval_accuracy = 0.6204000115394592
eval_loss = 0.9507885575294495
eval_mae = 0.4296
eval_runtime = 17.6385
eval_samples_per_second = 283.471
