eval_accuracy = 0.545199990272522
eval_loss = 1.03010892868042
eval_mae = 0.54
eval_runtime = 16.4627
eval_samples_per_second = 303.718
