eval_accuracy = 0.43939998745918274
eval_loss = 1.4429532289505005
eval_mae = 0.7294
eval_runtime = 19.1754
eval_samples_per_second = 260.751
