eval_accuracy = 0.4560000002384186
eval_loss = 1.3684180974960327
eval_mae = 0.7344
eval_runtime = 19.3685
eval_samples_per_second = 258.151
