eval_accuracy = 0.5708000063896179
eval_loss = 1.0209931135177612
eval_mae = 0.5072
eval_runtime = 16.6238
eval_samples_per_second = 300.773
