eval_accuracy = 0.5472000241279602
eval_loss = 1.0830589532852173
eval_mae = 0.541
eval_runtime = 18.6564
eval_samples_per_second = 268.005
