eval_accuracy = 0.5703999996185303
eval_loss = 1.0194603204727173
eval_mae = 0.507
eval_runtime = 17.4746
eval_samples_per_second = 286.13
