eval_accuracy = 0.4991999864578247
eval_loss = 1.2409945726394653
eval_mae = 0.5968
eval_runtime = 18.5319
eval_samples_per_second = 269.805
