eval_accuracy = 0.46779999136924744
eval_loss = 1.29586660861969
eval_mae = 0.6808
eval_runtime = 29.6538
eval_samples_per_second = 168.613
