eval_accuracy = 0.5565999746322632
eval_loss = 1.024864673614502
eval_mae = 0.5346
eval_runtime = 17.4385
eval_samples_per_second = 286.722
