eval_accuracy = 0.6068000197410583
eval_loss = 0.948935329914093
eval_mae = 0.4496
eval_runtime = 18.6451
eval_samples_per_second = 268.167
