eval_accuracy = 0.5928000211715698
eval_loss = 0.9477152228355408
eval_mae = 0.47
eval_runtime = 18.7664
eval_samples_per_second = 266.433
