eval_accuracy = 0.5027999877929688
eval_loss = 1.1739157438278198
eval_mae = 0.5918
eval_runtime = 17.2292
eval_samples_per_second = 290.205
