eval_accuracy = 0.6001999974250793
eval_loss = 0.9359576106071472
eval_mae = 0.4558
eval_runtime = 17.0481
eval_samples_per_second = 293.288
