eval_accuracy = 0.43939998745918274
eval_loss = 1.4426779747009277
eval_mae = 0.727
eval_runtime = 35.4113
eval_samples_per_second = 141.198
