eval_accuracy = 0.5559999942779541
eval_loss = 1.0800243616104126
eval_mae = 0.566
eval_runtime = 18.2288
eval_samples_per_second = 274.291
