eval_accuracy = 0.574400007724762
eval_loss = 1.0841970443725586
eval_mae = 0.5126
eval_runtime = 16.2161
eval_samples_per_second = 308.336
