eval_accuracy = 0.5699999928474426
eval_loss = 1.0210493803024292
eval_mae = 0.508
eval_runtime = 16.5211
eval_samples_per_second = 302.642
