eval_accuracy = 0.5565999746322632
eval_loss = 1.0629631280899048
eval_mae = 0.5216
eval_runtime = 18.3488
eval_samples_per_second = 272.497
