eval_accuracy = 0.5799999833106995
eval_loss = 1.0120686292648315
eval_mae = 0.482
eval_runtime = 17.415
eval_samples_per_second = 287.108
