eval_accuracy = 0.5703999996185303
eval_loss = 1.020898461341858
eval_mae = 0.5076
eval_runtime = 17.4764
eval_samples_per_second = 286.101
