eval_accuracy = 0.46799999475479126
eval_loss = 1.3391385078430176
eval_mae = 0.6888
eval_runtime = 25.0789
eval_samples_per_second = 199.371
