eval_accuracy = 0.5813999772071838
eval_loss = 1.018738865852356
eval_mae = 0.4936
eval_runtime = 18.8583
eval_samples_per_second = 265.135
