eval_accuracy = 0.47380000352859497
eval_loss = 1.3448526859283447
eval_mae = 0.6968
eval_runtime = 16.9455
eval_samples_per_second = 295.063
