eval_accuracy = 0.6082000136375427
eval_loss = 0.947578489780426
eval_mae = 0.4486
eval_runtime = 18.8456
eval_samples_per_second = 265.314
