eval_accuracy = 0.5465999841690063
eval_loss = 1.0860333442687988
eval_mae = 0.5426
eval_runtime = 21.2892
eval_samples_per_second = 234.861
