eval_accuracy = 0.5482000112533569
eval_loss = 1.086005687713623
eval_mae = 0.5404
eval_runtime = 18.2446
eval_samples_per_second = 274.053
