eval_accuracy = 0.48179998993873596
eval_loss = 1.3922817707061768
eval_mae = 0.673
eval_runtime = 19.8737
eval_samples_per_second = 251.589
