eval_accuracy = 0.6366000175476074
eval_loss = 0.8895545601844788
eval_mae = 0.4144
eval_runtime = 21.8548
eval_samples_per_second = 228.783
