eval_accuracy = 0.5932000279426575
eval_loss = 0.9607517719268799
eval_mae = 0.4832
eval_runtime = 17.3613
eval_samples_per_second = 287.997
