eval_accuracy = 0.4765999913215637
eval_loss = 1.342182993888855
eval_mae = 0.6932
eval_runtime = 16.1488
eval_samples_per_second = 309.621
