eval_accuracy = 0.548799991607666
eval_loss = 1.1475393772125244
eval_mae = 0.583
eval_runtime = 16.8289
eval_samples_per_second = 297.108
