eval_accuracy = 0.5562000274658203
eval_loss = 1.080166220664978
eval_mae = 0.5652
eval_runtime = 29.4118
eval_samples_per_second = 170.0
