eval_accuracy = 0.4749999940395355
eval_loss = 1.3431776762008667
eval_mae = 0.6934
eval_runtime = 17.064
eval_samples_per_second = 293.015
