eval_accuracy = 0.5812000036239624
eval_loss = 0.9786121249198914
eval_mae = 0.4882
eval_runtime = 17.3047
eval_samples_per_second = 288.939
