eval_accuracy = 0.5916000008583069
eval_loss = 0.9601947069168091
eval_mae = 0.485
eval_runtime = 17.3618
eval_samples_per_second = 287.989
