eval_accuracy = 0.4814000129699707
eval_loss = 1.3925400972366333
eval_mae = 0.6738
eval_runtime = 35.6664
eval_samples_per_second = 140.188
