eval_accuracy = 0.5609999895095825
eval_loss = 1.0455242395401
eval_mae = 0.5086
eval_runtime = 19.6414
eval_samples_per_second = 254.564
