eval_accuracy = 0.5565999746322632
eval_loss = 1.0802167654037476
eval_mae = 0.5646
eval_runtime = 30.8999
eval_samples_per_second = 161.813
