eval_accuracy = 0.5817999839782715
eval_loss = 1.0083603858947754
eval_mae = 0.4796
eval_runtime = 17.6257
eval_samples_per_second = 283.677
