eval_accuracy = 0.5946000218391418
eval_loss = 0.9604868292808533
eval_mae = 0.483
eval_runtime = 16.7222
eval_samples_per_second = 299.004
