eval_accuracy = 0.5478000044822693
eval_loss = 1.147831678390503
eval_mae = 0.584
eval_runtime = 17.4829
eval_samples_per_second = 285.994
