eval_accuracy = 0.6014000177383423
eval_loss = 0.9356247186660767
eval_mae = 0.4548
eval_runtime = 15.9891
eval_samples_per_second = 312.713
