eval_accuracy = 0.5307999849319458
eval_loss = 1.0538662672042847
eval_mae = 0.5674
eval_runtime = 16.0752
eval_samples_per_second = 311.038
