eval_accuracy = 0.5266000032424927
eval_loss = 1.0532612800598145
eval_mae = 0.571
eval_runtime = 16.2672
eval_samples_per_second = 307.368
