eval_accuracy = 0.5016000270843506
eval_loss = 1.2293437719345093
eval_mae = 0.6012
eval_runtime = 18.4163
eval_samples_per_second = 271.499
