eval_accuracy = 0.4674000144004822
eval_loss = 1.296388864517212
eval_mae = 0.6822
eval_runtime = 34.4655
eval_samples_per_second = 145.073
