eval_accuracy = 0.4830000102519989
eval_loss = 1.3515863418579102
eval_mae = 0.6722
eval_runtime = 18.6495
eval_samples_per_second = 268.104
