eval_accuracy = 0.45840001106262207
eval_loss = 1.3654747009277344
eval_mae = 0.7288
eval_runtime = 17.1599
eval_samples_per_second = 291.376
