eval_accuracy = 0.5685999989509583
eval_loss = 0.9936507940292358
eval_mae = 0.5102
eval_runtime = 16.2001
eval_samples_per_second = 308.641
