eval_accuracy = 0.5703999996185303
eval_loss = 1.0221997499465942
eval_mae = 0.5086
eval_runtime = 17.4652
eval_samples_per_second = 286.284
