eval_accuracy = 0.5590000152587891
eval_loss = 1.0461088418960571
eval_mae = 0.5108
eval_runtime = 18.5155
eval_samples_per_second = 270.045
