eval_accuracy = 0.6061999797821045
eval_loss = 0.9482224583625793
eval_mae = 0.451
eval_runtime = 18.7187
eval_samples_per_second = 267.113
