eval_accuracy = 0.4747999906539917
eval_loss = 1.3421103954315186
eval_mae = 0.6946
eval_runtime = 16.896
eval_samples_per_second = 295.928
