eval_accuracy = 0.5034000277519226
eval_loss = 1.1532869338989258
eval_mae = 0.5876
eval_runtime = 17.2533
eval_samples_per_second = 289.8
