eval_accuracy = 0.4399999976158142
eval_loss = 1.4373433589935303
eval_mae = 0.7274
eval_runtime = 18.5274
eval_samples_per_second = 269.87
