eval_accuracy = 0.548799991607666
eval_loss = 1.1476356983184814
eval_mae = 0.5826
eval_runtime = 16.7838
eval_samples_per_second = 297.907
