eval_accuracy = 0.4991999864578247
eval_loss = 1.1557767391204834
eval_mae = 0.592
eval_runtime = 17.3753
eval_samples_per_second = 287.765
