eval_accuracy = 0.46700000762939453
eval_loss = 1.3539717197418213
eval_mae = 0.6954
eval_runtime = 17.2666
eval_samples_per_second = 289.576
