eval_accuracy = 0.6011999845504761
eval_loss = 0.9355693459510803
eval_mae = 0.4548
eval_runtime = 16.334
eval_samples_per_second = 306.11
