eval_accuracy = 0.5576000213623047
eval_loss = 1.079329013824463
eval_mae = 0.5632
eval_runtime = 20.8871
eval_samples_per_second = 239.383
