eval_accuracy = 0.5271999835968018
eval_loss = 1.0540951490402222
eval_mae = 0.5704
eval_runtime = 15.9158
eval_samples_per_second = 314.153
