eval_accuracy = 0.5902000069618225
eval_loss = 0.949167788028717
eval_mae = 0.4626
eval_runtime = 17.3867
eval_samples_per_second = 287.576
