eval_accuracy = 0.4578000009059906
eval_loss = 1.3655519485473633
eval_mae = 0.7312
eval_runtime = 17.7118
eval_samples_per_second = 282.297
