eval_accuracy = 0.593999981880188
eval_loss = 0.946945309638977
eval_mae = 0.4604
eval_runtime = 16.5469
eval_samples_per_second = 302.172
