eval_accuracy = 0.5924000144004822
eval_loss = 0.9602945446968079
eval_mae = 0.4836
eval_runtime = 17.3161
eval_samples_per_second = 288.748
