eval_accuracy = 0.548799991607666
eval_loss = 1.0863184928894043
eval_mae = 0.5394
eval_runtime = 20.7521
eval_samples_per_second = 240.939
