eval_accuracy = 0.4984000027179718
eval_loss = 1.2280217409133911
eval_mae = 0.605
eval_runtime = 18.3914
eval_samples_per_second = 271.867
