eval_accuracy = 0.5414000153541565
eval_loss = 1.030949592590332
eval_mae = 0.5458
eval_runtime = 17.1092
eval_samples_per_second = 292.24
