eval_accuracy = 0.5928000211715698
eval_loss = 0.9474823474884033
eval_mae = 0.4692
eval_runtime = 18.5425
eval_samples_per_second = 269.651
