eval_accuracy = 0.5450000166893005
eval_loss = 1.0294119119644165
eval_mae = 0.54
eval_runtime = 16.393
eval_samples_per_second = 305.009
