eval_accuracy = 0.5774000287055969
eval_loss = 1.0845965147018433
eval_mae = 0.5064
eval_runtime = 16.4537
eval_samples_per_second = 303.883
