eval_accuracy = 0.5884000062942505
eval_loss = 0.9499003887176514
eval_mae = 0.4652
eval_runtime = 16.5828
eval_samples_per_second = 301.518
