eval_accuracy = 0.5938000082969666
eval_loss = 0.9614512920379639
eval_mae = 0.4816
eval_runtime = 17.2897
eval_samples_per_second = 289.19
