eval_accuracy = 0.4952000081539154
eval_loss = 1.244869589805603
eval_mae = 0.6504
eval_runtime = 23.1272
eval_samples_per_second = 216.196
