eval_accuracy = 0.5266000032424927
eval_loss = 1.0543322563171387
eval_mae = 0.572
eval_runtime = 15.9909
eval_samples_per_second = 312.677
