eval_accuracy = 0.5648000240325928
eval_loss = 1.013707160949707
eval_mae = 0.5062
eval_runtime = 16.9797
eval_samples_per_second = 294.469
