eval_accuracy = 0.5712000131607056
eval_loss = 1.0227320194244385
eval_mae = 0.5066
eval_runtime = 16.4699
eval_samples_per_second = 303.583
