eval_accuracy = 0.5465999841690063
eval_loss = 1.0298746824264526
eval_mae = 0.5374
eval_runtime = 16.4085
eval_samples_per_second = 304.721
