eval_accuracy = 0.5812000036239624
eval_loss = 1.017825722694397
eval_mae = 0.4814
eval_runtime = 16.791
eval_samples_per_second = 297.779
