eval_accuracy = 0.578000009059906
eval_loss = 1.0132790803909302
eval_mae = 0.4976
eval_runtime = 24.739
eval_samples_per_second = 202.11
