eval_accuracy = 0.5583999752998352
eval_loss = 1.0784990787506104
eval_mae = 0.5312
eval_runtime = 19.4926
eval_samples_per_second = 256.508
