eval_accuracy = 0.5935999751091003
eval_loss = 1.006896734237671
eval_mae = 0.4676
eval_runtime = 17.2289
eval_samples_per_second = 290.21
