eval_accuracy = 0.503000020980835
eval_loss = 1.1577388048171997
eval_mae = 0.5874
eval_runtime = 16.6343
eval_samples_per_second = 300.584
