eval_accuracy = 0.5925999879837036
eval_loss = 0.9608756899833679
eval_mae = 0.484
eval_runtime = 17.6359
eval_samples_per_second = 283.512
