eval_accuracy = 0.46540001034736633
eval_loss = 1.3558380603790283
eval_mae = 0.6946
eval_runtime = 19.6996
eval_samples_per_second = 253.813
