eval_accuracy = 0.5920000076293945
eval_loss = 1.0068265199661255
eval_mae = 0.4694
eval_runtime = 17.1873
eval_samples_per_second = 290.913
