eval_accuracy = 0.6363999843597412
eval_loss = 0.8901568651199341
eval_mae = 0.4152
eval_runtime = 18.6742
eval_samples_per_second = 267.749
