eval_accuracy = 0.4814000129699707
eval_loss = 1.39212167263031
eval_mae = 0.6732
eval_runtime = 22.5491
eval_samples_per_second = 221.739
