eval_accuracy = 0.5925999879837036
eval_loss = 0.9609023332595825
eval_mae = 0.4834
eval_runtime = 17.33
eval_samples_per_second = 288.517
