eval_accuracy = 0.6363999843597412
eval_loss = 0.8895005583763123
eval_mae = 0.4146
eval_runtime = 19.1357
eval_samples_per_second = 261.292
