eval_accuracy = 0.5752000212669373
eval_loss = 1.0051984786987305
eval_mae = 0.4962
eval_runtime = 17.3905
eval_samples_per_second = 287.513
