eval_accuracy = 0.46799999475479126
eval_loss = 1.2967954874038696
eval_mae = 0.6814
eval_runtime = 19.655
eval_samples_per_second = 254.388
