eval_accuracy = 0.5806000232696533
eval_loss = 0.9782043099403381
eval_mae = 0.4892
eval_runtime = 17.374
eval_samples_per_second = 287.786
