eval_accuracy = 0.47519999742507935
eval_loss = 1.3421730995178223
eval_mae = 0.6942
eval_runtime = 16.4689
eval_samples_per_second = 303.602
