eval_accuracy = 0.47600001096725464
eval_loss = 1.343578815460205
eval_mae = 0.6944
eval_runtime = 16.8737
eval_samples_per_second = 296.32
