eval_accuracy = 0.5934000015258789
eval_loss = 1.0064822435379028
eval_mae = 0.468
eval_runtime = 17.4762
eval_samples_per_second = 286.104
