eval_accuracy = 0.5580000281333923
eval_loss = 1.0785199403762817
eval_mae = 0.5314
eval_runtime = 30.2027
eval_samples_per_second = 165.548
