eval_accuracy = 0.5649999976158142
eval_loss = 1.014930248260498
eval_mae = 0.5062
eval_runtime = 16.3292
eval_samples_per_second = 306.2
