eval_accuracy = 0.48339998722076416
eval_loss = 1.3536080121994019
eval_mae = 0.6732
eval_runtime = 18.1109
eval_samples_per_second = 276.077
