eval_accuracy = 0.5540000200271606
eval_loss = 1.0249024629592896
eval_mae = 0.5374
eval_runtime = 16.8957
eval_samples_per_second = 295.933
