eval_accuracy = 0.5997999906539917
eval_loss = 0.955424427986145
eval_mae = 0.464
eval_runtime = 16.6283
eval_samples_per_second = 300.693
