eval_accuracy = 0.498199999332428
eval_loss = 1.2486655712127686
eval_mae = 0.5992
eval_runtime = 25.4887
eval_samples_per_second = 196.165
