eval_accuracy = 0.5587999820709229
eval_loss = 1.0775632858276367
eval_mae = 0.5306
eval_runtime = 27.7255
eval_samples_per_second = 180.339
