eval_accuracy = 0.47839999198913574
eval_loss = 1.394415259361267
eval_mae = 0.6782
eval_runtime = 24.9292
eval_samples_per_second = 200.568
