eval_accuracy = 0.5586000084877014
eval_loss = 1.078696370124817
eval_mae = 0.5308
eval_runtime = 20.2059
eval_samples_per_second = 247.453
