eval_accuracy = 0.49900001287460327
eval_loss = 1.156873106956482
eval_mae = 0.5924
eval_runtime = 17.332
eval_samples_per_second = 288.484
