eval_accuracy = 0.6186000108718872
eval_loss = 0.9505590796470642
eval_mae = 0.431
eval_runtime = 17.4198
eval_samples_per_second = 287.03
