eval_accuracy = 0.5558000206947327
eval_loss = 1.0802936553955078
eval_mae = 0.5656
eval_runtime = 33.5881
eval_samples_per_second = 148.862
