eval_accuracy = 0.5565999746322632
eval_loss = 1.024908423423767
eval_mae = 0.5352
eval_runtime = 17.2404
eval_samples_per_second = 290.016
