eval_accuracy = 0.5813999772071838
eval_loss = 0.978603720664978
eval_mae = 0.4878
eval_runtime = 16.7212
eval_samples_per_second = 299.022
