eval_accuracy = 0.5997999906539917
eval_loss = 0.9553383588790894
eval_mae = 0.4638
eval_runtime = 17.3853
eval_samples_per_second = 287.599
