eval_accuracy = 0.5278000235557556
eval_loss = 1.0516947507858276
eval_mae = 0.5686
eval_runtime = 16.3074
eval_samples_per_second = 306.609
