eval_accuracy = 0.5586000084877014
eval_loss = 1.0463142395019531
eval_mae = 0.512
eval_runtime = 18.4972
eval_samples_per_second = 270.312
