eval_accuracy = 0.6190000176429749
eval_loss = 0.9519079923629761
eval_mae = 0.4312
eval_runtime = 17.3697
eval_samples_per_second = 287.858
