eval_accuracy = 0.5004000067710876
eval_loss = 1.1543173789978027
eval_mae = 0.5902
eval_runtime = 17.4996
eval_samples_per_second = 285.72
