eval_accuracy = 0.545199990272522
eval_loss = 1.0305509567260742
eval_mae = 0.54
eval_runtime = 17.4909
eval_samples_per_second = 285.863
