eval_accuracy = 0.4814000129699707
eval_loss = 1.3925232887268066
eval_mae = 0.6732
eval_runtime = 35.673
eval_samples_per_second = 140.162
