eval_accuracy = 0.4797999858856201
eval_loss = 1.3393627405166626
eval_mae = 0.6912
eval_runtime = 16.9499
eval_samples_per_second = 294.987
