eval_accuracy = 0.5726000070571899
eval_loss = 1.08452570438385
eval_mae = 0.5104
eval_runtime = 16.5203
eval_samples_per_second = 302.658
