eval_accuracy = 0.4691999852657318
eval_loss = 1.3320481777191162
eval_mae = 0.686
eval_runtime = 19.584
eval_samples_per_second = 255.31
