eval_accuracy = 0.6060000061988831
eval_loss = 0.946474015712738
eval_mae = 0.4556
eval_runtime = 17.2539
eval_samples_per_second = 289.789
