eval_accuracy = 0.5759999752044678
eval_loss = 1.0062304735183716
eval_mae = 0.4966
eval_runtime = 17.4249
eval_samples_per_second = 286.946
