eval_accuracy = 0.5001999735832214
eval_loss = 1.241995096206665
eval_mae = 0.5954
eval_runtime = 33.856
eval_samples_per_second = 147.684
