eval_accuracy = 0.5591999888420105
eval_loss = 1.0644075870513916
eval_mae = 0.5186
eval_runtime = 17.9736
eval_samples_per_second = 278.186
