eval_accuracy = 0.5478000044822693
eval_loss = 1.0858244895935059
eval_mae = 0.541
eval_runtime = 18.6674
eval_samples_per_second = 267.847
