eval_accuracy = 0.5735999941825867
eval_loss = 0.9906853437423706
eval_mae = 0.5052
eval_runtime = 16.2417
eval_samples_per_second = 307.849
