eval_accuracy = 0.5938000082969666
eval_loss = 0.9463767409324646
eval_mae = 0.4694
eval_runtime = 19.2753
eval_samples_per_second = 259.399
