eval_accuracy = 0.4426000118255615
eval_loss = 1.4118119478225708
eval_mae = 0.719
eval_runtime = 21.6987
eval_samples_per_second = 230.428
