eval_accuracy = 0.5447999835014343
eval_loss = 1.0298922061920166
eval_mae = 0.54
eval_runtime = 16.6585
eval_samples_per_second = 300.147
