eval_accuracy = 0.4722000062465668
eval_loss = 1.3490700721740723
eval_mae = 0.6906
eval_runtime = 17.7118
eval_samples_per_second = 282.298
