eval_accuracy = 0.5454000234603882
eval_loss = 1.0292705297470093
eval_mae = 0.5394
eval_runtime = 17.3256
eval_samples_per_second = 288.59
