eval_accuracy = 0.5582000017166138
eval_loss = 1.078275442123413
eval_mae = 0.531
eval_runtime = 33.5995
eval_samples_per_second = 148.812
