eval_accuracy = 0.5271999835968018
eval_loss = 1.0539110898971558
eval_mae = 0.5698
eval_runtime = 16.9862
eval_samples_per_second = 294.356
