eval_accuracy = 0.579800009727478
eval_loss = 1.011580467224121
eval_mae = 0.4818
eval_runtime = 17.4712
eval_samples_per_second = 286.184
