eval_accuracy = 0.48159998655319214
eval_loss = 1.392268180847168
eval_mae = 0.6728
eval_runtime = 28.8572
eval_samples_per_second = 173.267
