eval_accuracy = 0.5559999942779541
eval_loss = 1.0249102115631104
eval_mae = 0.5354
eval_runtime = 17.2718
eval_samples_per_second = 289.489
