eval_accuracy = 0.5911999940872192
eval_loss = 0.9482795000076294
eval_mae = 0.4624
eval_runtime = 17.234
eval_samples_per_second = 290.124
