eval_accuracy = 0.45739999413490295
eval_loss = 1.3606278896331787
eval_mae = 0.7284
eval_runtime = 16.7109
eval_samples_per_second = 299.207
