eval_accuracy = 0.4580000042915344
eval_loss = 1.3672024011611938
eval_mae = 0.7312
eval_runtime = 17.3527
eval_samples_per_second = 288.14
