eval_accuracy = 0.5914000272750854
eval_loss = 0.948807418346405
eval_mae = 0.4628
eval_runtime = 17.1631
eval_samples_per_second = 291.322
