eval_accuracy = 0.576200008392334
eval_loss = 1.0047029256820679
eval_mae = 0.495
eval_runtime = 17.1763
eval_samples_per_second = 291.098
