eval_accuracy = 0.527999997138977
eval_loss = 1.0531954765319824
eval_mae = 0.5696
eval_runtime = 16.3253
eval_samples_per_second = 306.273
