eval_accuracy = 0.4997999966144562
eval_loss = 1.242150068283081
eval_mae = 0.594
eval_runtime = 18.6338
eval_samples_per_second = 268.33
