eval_accuracy = 0.5806000232696533
eval_loss = 1.0116909742355347
eval_mae = 0.4816
eval_runtime = 17.4807
eval_samples_per_second = 286.029
