eval_accuracy = 0.4399999976158142
eval_loss = 1.4427852630615234
eval_mae = 0.729
eval_runtime = 18.86
eval_samples_per_second = 265.111
