eval_accuracy = 0.5483999848365784
eval_loss = 1.0850789546966553
eval_mae = 0.5402
eval_runtime = 23.8495
eval_samples_per_second = 209.648
