eval_accuracy = 0.4997999966144562
eval_loss = 1.228835105895996
eval_mae = 0.603
eval_runtime = 18.3752
eval_samples_per_second = 272.106
