eval_accuracy = 0.5612000226974487
eval_loss = 1.0458647012710571
eval_mae = 0.5084
eval_runtime = 18.3632
eval_samples_per_second = 272.283
