eval_accuracy = 0.5893999934196472
eval_loss = 0.9479773640632629
eval_mae = 0.465
eval_runtime = 17.3721
eval_samples_per_second = 287.817
