eval_accuracy = 0.5753999948501587
eval_loss = 1.0059635639190674
eval_mae = 0.4964
eval_runtime = 16.543
eval_samples_per_second = 302.243
