eval_accuracy = 0.5562000274658203
eval_loss = 1.0804238319396973
eval_mae = 0.5652
eval_runtime = 19.1877
eval_samples_per_second = 260.584
