eval_accuracy = 0.5699999928474426
eval_loss = 0.9931166768074036
eval_mae = 0.5094
eval_runtime = 16.9875
eval_samples_per_second = 294.334
