eval_accuracy = 0.43779999017715454
eval_loss = 1.4458998441696167
eval_mae = 0.7336
eval_runtime = 23.8592
eval_samples_per_second = 209.563
