eval_accuracy = 0.4957999885082245
eval_loss = 1.2405105829238892
eval_mae = 0.6488
eval_runtime = 18.0827
eval_samples_per_second = 276.508
