eval_accuracy = 0.5608000159263611
eval_loss = 1.0492286682128906
eval_mae = 0.5088
eval_runtime = 18.3782
eval_samples_per_second = 272.062
