eval_accuracy = 0.5651999711990356
eval_loss = 1.011191964149475
eval_mae = 0.5076
eval_runtime = 17.0425
eval_samples_per_second = 293.384
