eval_accuracy = 0.5482000112533569
eval_loss = 1.1479474306106567
eval_mae = 0.5832
eval_runtime = 17.4531
eval_samples_per_second = 286.482
