eval_accuracy = 0.5884000062942505
eval_loss = 0.9488474726676941
eval_mae = 0.4652
eval_runtime = 17.3504
eval_samples_per_second = 288.178
