eval_accuracy = 0.5906000137329102
eval_loss = 0.9487962126731873
eval_mae = 0.4632
eval_runtime = 16.6733
eval_samples_per_second = 299.881
