eval_accuracy = 0.5756000280380249
eval_loss = 1.084796667098999
eval_mae = 0.5106
eval_runtime = 17.1993
eval_samples_per_second = 290.709
