eval_accuracy = 0.5741999745368958
eval_loss = 1.0819628238677979
eval_mae = 0.5104
eval_runtime = 16.3427
eval_samples_per_second = 305.947
