eval_accuracy = 0.5758000016212463
eval_loss = 1.005664348602295
eval_mae = 0.4954
eval_runtime = 16.6489
eval_samples_per_second = 300.32
