eval_accuracy = 0.5072000026702881
eval_loss = 1.213748574256897
eval_mae = 0.6176
eval_runtime = 19.1212
eval_samples_per_second = 261.489
