eval_accuracy = 0.5925999879837036
eval_loss = 0.9586383104324341
eval_mae = 0.4836
eval_runtime = 17.4004
eval_samples_per_second = 287.35
