eval_accuracy = 0.5992000102996826
eval_loss = 0.9564790725708008
eval_mae = 0.4638
eval_runtime = 16.361
eval_samples_per_second = 305.605
