eval_accuracy = 0.5275999903678894
eval_loss = 1.0543879270553589
eval_mae = 0.5698
eval_runtime = 16.2118
eval_samples_per_second = 308.418
