eval_accuracy = 0.6209999918937683
eval_loss = 0.9505195021629333
eval_mae = 0.4284
eval_runtime = 16.7437
eval_samples_per_second = 298.619
