eval_accuracy = 0.5708000063896179
eval_loss = 1.022065281867981
eval_mae = 0.5078
eval_runtime = 17.3176
eval_samples_per_second = 288.724
