eval_accuracy = 0.46720001101493835
eval_loss = 1.2984271049499512
eval_mae = 0.6824
eval_runtime = 18.7618
eval_samples_per_second = 266.499
