eval_accuracy = 0.5910000205039978
eval_loss = 0.9479492902755737
eval_mae = 0.4618
eval_runtime = 16.5357
eval_samples_per_second = 302.377
