eval_accuracy = 0.605400025844574
eval_loss = 0.9457927942276001
eval_mae = 0.4564
eval_runtime = 16.3854
eval_samples_per_second = 305.15
