eval_accuracy = 0.6068000197410583
eval_loss = 0.949582040309906
eval_mae = 0.4494
eval_runtime = 22.2253
eval_samples_per_second = 224.969
