eval_accuracy = 0.592199981212616
eval_loss = 0.9475451111793518
eval_mae = 0.4702
eval_runtime = 18.9712
eval_samples_per_second = 263.558
