eval_accuracy = 0.49939998984336853
eval_loss = 1.2418783903121948
eval_mae = 0.596
eval_runtime = 22.499
eval_samples_per_second = 222.232
