eval_accuracy = 0.5062000155448914
eval_loss = 1.2292611598968506
eval_mae = 0.6218
eval_runtime = 18.928
eval_samples_per_second = 264.159
