eval_accuracy = 0.5712000131607056
eval_loss = 0.9907399415969849
eval_mae = 0.5082
eval_runtime = 16.963
eval_samples_per_second = 294.759
