eval_accuracy = 0.546999990940094
eval_loss = 1.0864269733428955
eval_mae = 0.5418
eval_runtime = 18.2337
eval_samples_per_second = 274.217
