eval_accuracy = 0.46799999475479126
eval_loss = 1.3391672372817993
eval_mae = 0.6886
eval_runtime = 26.6442
eval_samples_per_second = 187.658
