eval_accuracy = 0.579800009727478
eval_loss = 1.0206013917922974
eval_mae = 0.4968
eval_runtime = 19.2619
eval_samples_per_second = 259.58
