eval_accuracy = 0.4675999879837036
eval_loss = 1.3394883871078491
eval_mae = 0.6888
eval_runtime = 29.663
eval_samples_per_second = 168.56
