eval_accuracy = 0.5928000211715698
eval_loss = 0.9598400592803955
eval_mae = 0.4832
eval_runtime = 17.5332
eval_samples_per_second = 285.173
