eval_accuracy = 0.4397999942302704
eval_loss = 1.4421708583831787
eval_mae = 0.7288
eval_runtime = 29.8092
eval_samples_per_second = 167.733
