eval_accuracy = 0.5605999827384949
eval_loss = 1.0454742908477783
eval_mae = 0.509
eval_runtime = 18.9846
eval_samples_per_second = 263.371
