eval_accuracy = 0.579200029373169
eval_loss = 1.0167099237442017
eval_mae = 0.4832
eval_runtime = 16.4486
eval_samples_per_second = 303.978
