eval_accuracy = 0.46779999136924744
eval_loss = 1.2967326641082764
eval_mae = 0.6818
eval_runtime = 25.2117
eval_samples_per_second = 198.321
