eval_accuracy = 0.5722000002861023
eval_loss = 0.9913363456726074
eval_mae = 0.5074
eval_runtime = 16.9734
eval_samples_per_second = 294.579
