eval_accuracy = 0.5475999712944031
eval_loss = 1.0862376689910889
eval_mae = 0.5416
eval_runtime = 31.9236
eval_samples_per_second = 156.624
