eval_accuracy = 0.5803999900817871
eval_loss = 1.0134506225585938
eval_mae = 0.4824
eval_runtime = 16.3131
eval_samples_per_second = 306.502
