eval_accuracy = 0.605400025844574
eval_loss = 0.947195291519165
eval_mae = 0.4558
eval_runtime = 17.5925
eval_samples_per_second = 284.212
