eval_accuracy = 0.4837999939918518
eval_loss = 1.3544213771820068
eval_mae = 0.6706
eval_runtime = 17.7065
eval_samples_per_second = 282.382
