eval_accuracy = 0.506600022315979
eval_loss = 1.2288572788238525
eval_mae = 0.6208
eval_runtime = 30.4563
eval_samples_per_second = 164.17
