eval_accuracy = 0.6209999918937683
eval_loss = 0.9499791264533997
eval_mae = 0.4284
eval_runtime = 17.4309
eval_samples_per_second = 286.847
