eval_accuracy = 0.6212000250816345
eval_loss = 0.95046067237854
eval_mae = 0.4274
eval_runtime = 17.5189
eval_samples_per_second = 285.407
