eval_accuracy = 0.5437999963760376
eval_loss = 1.0293384790420532
eval_mae = 0.5414
eval_runtime = 16.0952
eval_samples_per_second = 310.652
