eval_accuracy = 0.5568000078201294
eval_loss = 1.0626648664474487
eval_mae = 0.5216
eval_runtime = 18.3186
eval_samples_per_second = 272.946
