eval_accuracy = 0.5709999799728394
eval_loss = 1.019333839416504
eval_mae = 0.5068
eval_runtime = 16.6818
eval_samples_per_second = 299.728
