eval_accuracy = 0.5465999841690063
eval_loss = 1.029731273651123
eval_mae = 0.5384
eval_runtime = 17.3367
eval_samples_per_second = 288.405
