eval_accuracy = 0.47519999742507935
eval_loss = 1.3439226150512695
eval_mae = 0.6952
eval_runtime = 16.2749
eval_samples_per_second = 307.221
