eval_accuracy = 0.6007999777793884
eval_loss = 0.9552396535873413
eval_mae = 0.4622
eval_runtime = 16.5946
eval_samples_per_second = 301.302
