eval_accuracy = 0.4580000042915344
eval_loss = 1.3669201135635376
eval_mae = 0.731
eval_runtime = 17.3051
eval_samples_per_second = 288.932
