eval_accuracy = 0.6366000175476074
eval_loss = 0.8895794749259949
eval_mae = 0.4144
eval_runtime = 19.8522
eval_samples_per_second = 251.861
