eval_accuracy = 0.5910000205039978
eval_loss = 0.9489261507987976
eval_mae = 0.4628
eval_runtime = 16.5131
eval_samples_per_second = 302.79
