eval_accuracy = 0.5753999948501587
eval_loss = 1.084980845451355
eval_mae = 0.5104
eval_runtime = 16.0837
eval_samples_per_second = 310.873
