eval_accuracy = 0.46779999136924744
eval_loss = 1.339084267616272
eval_mae = 0.6886
eval_runtime = 19.9559
eval_samples_per_second = 250.552
