eval_accuracy = 0.4844000041484833
eval_loss = 1.3509650230407715
eval_mae = 0.6714
eval_runtime = 18.3463
eval_samples_per_second = 272.535
