eval_accuracy = 0.49320000410079956
eval_loss = 1.256177544593811
eval_mae = 0.6574
eval_runtime = 18.1701
eval_samples_per_second = 275.177
