eval_accuracy = 0.5803999900817871
eval_loss = 1.0139411687850952
eval_mae = 0.4822
eval_runtime = 16.7132
eval_samples_per_second = 299.164
