eval_accuracy = 0.6205999851226807
eval_loss = 0.9465896487236023
eval_mae = 0.4288
eval_runtime = 17.5733
eval_samples_per_second = 284.522
