eval_accuracy = 0.5482000112533569
eval_loss = 1.0860183238983154
eval_mae = 0.5406
eval_runtime = 31.3732
eval_samples_per_second = 159.372
