eval_accuracy = 0.5914000272750854
eval_loss = 0.949229896068573
eval_mae = 0.4628
eval_runtime = 17.2325
eval_samples_per_second = 290.15
