eval_accuracy = 0.47440001368522644
eval_loss = 1.3431763648986816
eval_mae = 0.6958
eval_runtime = 17.0908
eval_samples_per_second = 292.555
