eval_accuracy = 0.5649999976158142
eval_loss = 1.015080213546753
eval_mae = 0.5082
eval_runtime = 16.9397
eval_samples_per_second = 295.164
