eval_accuracy = 0.5655999779701233
eval_loss = 1.0142425298690796
eval_mae = 0.5074
eval_runtime = 17.1488
eval_samples_per_second = 291.566
