eval_accuracy = 0.4787999987602234
eval_loss = 1.3872398138046265
eval_mae = 0.678
eval_runtime = 20.737
eval_samples_per_second = 241.115
