eval_accuracy = 0.5442000031471252
eval_loss = 1.0298144817352295
eval_mae = 0.5404
eval_runtime = 17.357
eval_samples_per_second = 288.069
