eval_accuracy = 0.5601999759674072
eval_loss = 1.0457175970077515
eval_mae = 0.5094
eval_runtime = 18.0789
eval_samples_per_second = 276.566
