eval_accuracy = 0.5558000206947327
eval_loss = 1.0809099674224854
eval_mae = 0.5658
eval_runtime = 18.4884
eval_samples_per_second = 270.44
