eval_accuracy = 0.5767999887466431
eval_loss = 1.0850940942764282
eval_mae = 0.5084
eval_runtime = 16.1299
eval_samples_per_second = 309.983
