eval_accuracy = 0.5827999711036682
eval_loss = 0.9788843989372253
eval_mae = 0.487
eval_runtime = 16.7909
eval_samples_per_second = 297.78
