eval_accuracy = 0.5565999746322632
eval_loss = 1.0647131204605103
eval_mae = 0.5214
eval_runtime = 18.2834
eval_samples_per_second = 273.473
