eval_accuracy = 0.545799970626831
eval_loss = 1.0295110940933228
eval_mae = 0.539
eval_runtime = 17.3503
eval_samples_per_second = 288.18
