eval_accuracy = 0.5063999891281128
eval_loss = 1.2293908596038818
eval_mae = 0.6212
eval_runtime = 19.2946
eval_samples_per_second = 259.139
