eval_accuracy = 0.4812000095844269
eval_loss = 1.389739990234375
eval_mae = 0.6736
eval_runtime = 19.7627
eval_samples_per_second = 253.002
