eval_accuracy = 0.6011999845504761
eval_loss = 0.935369610786438
eval_mae = 0.4546
eval_runtime = 17.0947
eval_samples_per_second = 292.488
