eval_accuracy = 0.4575999975204468
eval_loss = 1.366510033607483
eval_mae = 0.7282
eval_runtime = 16.732
eval_samples_per_second = 298.829
