eval_accuracy = 0.4397999942302704
eval_loss = 1.4426941871643066
eval_mae = 0.7292
eval_runtime = 25.0967
eval_samples_per_second = 199.229
