eval_accuracy = 0.5788000226020813
eval_loss = 1.0171846151351929
eval_mae = 0.4838
eval_runtime = 17.3458
eval_samples_per_second = 288.254
