eval_accuracy = 0.45820000767707825
eval_loss = 1.3727152347564697
eval_mae = 0.7322
eval_runtime = 16.6922
eval_samples_per_second = 299.542
