eval_accuracy = 0.5604000091552734
eval_loss = 1.0459424257278442
eval_mae = 0.5092
eval_runtime = 17.9055
eval_samples_per_second = 279.244
