eval_accuracy = 0.49219998717308044
eval_loss = 1.2599616050720215
eval_mae = 0.6064
eval_runtime = 25.2084
eval_samples_per_second = 198.346
