eval_accuracy = 0.4828000068664551
eval_loss = 1.352049469947815
eval_mae = 0.6714
eval_runtime = 17.6849
eval_samples_per_second = 282.727
