eval_accuracy = 0.5806000232696533
eval_loss = 1.0070326328277588
eval_mae = 0.4812
eval_runtime = 16.4179
eval_samples_per_second = 304.545
