eval_accuracy = 0.5063999891281128
eval_loss = 1.2273913621902466
eval_mae = 0.621
eval_runtime = 19.0135
eval_samples_per_second = 262.971
