eval_accuracy = 0.5802000164985657
eval_loss = 1.011514663696289
eval_mae = 0.4818
eval_runtime = 17.5528
eval_samples_per_second = 284.854
