eval_accuracy = 0.49559998512268066
eval_loss = 1.2408297061920166
eval_mae = 0.6482
eval_runtime = 19.5323
eval_samples_per_second = 255.986
