eval_accuracy = 0.5799999833106995
eval_loss = 1.018377661705017
eval_mae = 0.4832
eval_runtime = 17.389
eval_samples_per_second = 287.539
