eval_accuracy = 0.5997999906539917
eval_loss = 0.9555373191833496
eval_mae = 0.4624
eval_runtime = 17.3472
eval_samples_per_second = 288.231
