eval_accuracy = 0.6015999913215637
eval_loss = 0.9358078241348267
eval_mae = 0.4546
eval_runtime = 17.1134
eval_samples_per_second = 292.168
