eval_accuracy = 0.4575999975204468
eval_loss = 1.3673330545425415
eval_mae = 0.7318
eval_runtime = 17.3288
eval_samples_per_second = 288.537
