eval_accuracy = 0.6019999980926514
eval_loss = 0.9356481432914734
eval_mae = 0.4544
eval_runtime = 17.1204
eval_samples_per_second = 292.05
