eval_accuracy = 0.58160001039505
eval_loss = 0.9786436557769775
eval_mae = 0.4884
eval_runtime = 17.5239
eval_samples_per_second = 285.325
