eval_accuracy = 0.569599986076355
eval_loss = 0.9961948394775391
eval_mae = 0.511
eval_runtime = 17.1133
eval_samples_per_second = 292.17
