eval_accuracy = 0.45579999685287476
eval_loss = 1.365098476409912
eval_mae = 0.7328
eval_runtime = 17.3723
eval_samples_per_second = 287.815
