eval_accuracy = 0.5478000044822693
eval_loss = 1.085937261581421
eval_mae = 0.5408
eval_runtime = 23.6398
eval_samples_per_second = 211.507
