eval_accuracy = 0.5590000152587891
eval_loss = 1.0786643028259277
eval_mae = 0.5306
eval_runtime = 27.3631
eval_samples_per_second = 182.728
