eval_accuracy = 0.5659999847412109
eval_loss = 1.0139402151107788
eval_mae = 0.5052
eval_runtime = 17.0496
eval_samples_per_second = 293.261
