eval_accuracy = 0.4724000096321106
eval_loss = 1.3472282886505127
eval_mae = 0.6894
eval_runtime = 17.3248
eval_samples_per_second = 288.604
