eval_accuracy = 0.5708000063896179
eval_loss = 0.990275502204895
eval_mae = 0.5084
eval_runtime = 16.8795
eval_samples_per_second = 296.217
