eval_accuracy = 0.5486000180244446
eval_loss = 1.1478519439697266
eval_mae = 0.5816
eval_runtime = 17.5656
eval_samples_per_second = 284.647
