eval_accuracy = 0.5383999943733215
eval_loss = 1.0359517335891724
eval_mae = 0.5506
eval_runtime = 16.6156
eval_samples_per_second = 300.922
