eval_accuracy = 0.5565999746322632
eval_loss = 1.0801955461502075
eval_mae = 0.5646
eval_runtime = 22.2083
eval_samples_per_second = 225.141
