eval_accuracy = 0.5641999840736389
eval_loss = 1.0150562524795532
eval_mae = 0.509
eval_runtime = 16.4844
eval_samples_per_second = 303.317
