eval_accuracy = 0.5717999935150146
eval_loss = 0.9917521476745605
eval_mae = 0.5076
eval_runtime = 16.3216
eval_samples_per_second = 306.343
