eval_accuracy = 0.46720001101493835
eval_loss = 1.3011152744293213
eval_mae = 0.6834
eval_runtime = 26.2878
eval_samples_per_second = 190.202
