eval_accuracy = 0.5478000044822693
eval_loss = 1.0859111547470093
eval_mae = 0.541
eval_runtime = 25.8687
eval_samples_per_second = 193.284
