eval_accuracy = 0.5928000211715698
eval_loss = 1.006373643875122
eval_mae = 0.4686
eval_runtime = 17.1697
eval_samples_per_second = 291.21
