eval_accuracy = 0.5813999772071838
eval_loss = 1.011772871017456
eval_mae = 0.481
eval_runtime = 17.5949
eval_samples_per_second = 284.174
