eval_accuracy = 0.5582000017166138
eval_loss = 1.0784817934036255
eval_mae = 0.531
eval_runtime = 33.5045
eval_samples_per_second = 149.234
