eval_accuracy = 0.592199981212616
eval_loss = 0.9478011727333069
eval_mae = 0.4702
eval_runtime = 20.1511
eval_samples_per_second = 248.125
