eval_accuracy = 0.4968000054359436
eval_loss = 1.2559188604354858
eval_mae = 0.6002
eval_runtime = 23.5922
eval_samples_per_second = 211.934
