eval_accuracy = 0.46779999136924744
eval_loss = 1.339561939239502
eval_mae = 0.6888
eval_runtime = 18.1804
eval_samples_per_second = 275.021
