eval_accuracy = 0.49559998512268066
eval_loss = 1.2389675378799438
eval_mae = 0.6472
eval_runtime = 31.0179
eval_samples_per_second = 161.197
