eval_accuracy = 0.4805999994277954
eval_loss = 1.3920955657958984
eval_mae = 0.674
eval_runtime = 22.5373
eval_samples_per_second = 221.854
