eval_accuracy = 0.5586000084877014
eval_loss = 1.0791912078857422
eval_mae = 0.5318
eval_runtime = 31.6795
eval_samples_per_second = 157.831
