eval_accuracy = 0.5934000015258789
eval_loss = 0.9611698389053345
eval_mae = 0.4824
eval_runtime = 17.3871
eval_samples_per_second = 287.57
