eval_accuracy = 0.5766000151634216
eval_loss = 1.0850275754928589
eval_mae = 0.509
eval_runtime = 16.3722
eval_samples_per_second = 305.395
