eval_accuracy = 0.4828000068664551
eval_loss = 1.3553155660629272
eval_mae = 0.671
eval_runtime = 17.7466
eval_samples_per_second = 281.744
