eval_accuracy = 0.5013999938964844
eval_loss = 1.1547660827636719
eval_mae = 0.5902
eval_runtime = 17.4058
eval_samples_per_second = 287.26
