eval_accuracy = 0.5519999861717224
eval_loss = 1.0273396968841553
eval_mae = 0.538
eval_runtime = 17.4712
eval_samples_per_second = 286.185
