eval_accuracy = 0.47040000557899475
eval_loss = 1.3416410684585571
eval_mae = 0.6852
eval_runtime = 17.3794
eval_samples_per_second = 287.697
