eval_accuracy = 0.5604000091552734
eval_loss = 1.045622706413269
eval_mae = 0.5084
eval_runtime = 22.5953
eval_samples_per_second = 221.285
