eval_accuracy = 0.5752000212669373
eval_loss = 1.086592435836792
eval_mae = 0.5108
eval_runtime = 16.0954
eval_samples_per_second = 310.647
