eval_accuracy = 0.6075999736785889
eval_loss = 0.9487273693084717
eval_mae = 0.4478
eval_runtime = 20.9486
eval_samples_per_second = 238.679
