eval_accuracy = 0.5547999739646912
eval_loss = 1.0626895427703857
eval_mae = 0.5246
eval_runtime = 18.0201
eval_samples_per_second = 277.469
