eval_accuracy = 0.5753999948501587
eval_loss = 1.0062918663024902
eval_mae = 0.4966
eval_runtime = 17.4018
eval_samples_per_second = 287.327
