eval_accuracy = 0.4397999942302704
eval_loss = 1.443070650100708
eval_mae = 0.729
eval_runtime = 28.2803
eval_samples_per_second = 176.802
