eval_accuracy = 0.5996000170707703
eval_loss = 0.9553750157356262
eval_mae = 0.4626
eval_runtime = 17.3511
eval_samples_per_second = 288.166
