eval_accuracy = 0.5667999982833862
eval_loss = 1.0873252153396606
eval_mae = 0.5176
eval_runtime = 16.4186
eval_samples_per_second = 304.533
