eval_accuracy = 0.5925999879837036
eval_loss = 0.9612359404563904
eval_mae = 0.4836
eval_runtime = 17.3462
eval_samples_per_second = 288.248
