eval_accuracy = 0.5748000144958496
eval_loss = 1.0854023694992065
eval_mae = 0.511
eval_runtime = 16.4624
eval_samples_per_second = 303.722
