eval_accuracy = 0.6370000243186951
eval_loss = 0.8896715641021729
eval_mae = 0.414
eval_runtime = 21.3107
eval_samples_per_second = 234.624
