eval_accuracy = 0.4832000136375427
eval_loss = 1.3518933057785034
eval_mae = 0.6706
eval_runtime = 17.7412
eval_samples_per_second = 281.829
