eval_accuracy = 0.46779999136924744
eval_loss = 1.296212077140808
eval_mae = 0.6814
eval_runtime = 22.435
eval_samples_per_second = 222.866
