eval_accuracy = 0.5752000212669373
eval_loss = 1.0871591567993164
eval_mae = 0.5106
eval_runtime = 16.4186
eval_samples_per_second = 304.533
