eval_accuracy = 0.5472000241279602
eval_loss = 1.083982229232788
eval_mae = 0.5406
eval_runtime = 23.3193
eval_samples_per_second = 214.414
