eval_accuracy = 0.5694000124931335
eval_loss = 1.0214078426361084
eval_mae = 0.5086
eval_runtime = 17.5076
eval_samples_per_second = 285.59
