eval_accuracy = 0.548799991607666
eval_loss = 1.0269815921783447
eval_mae = 0.5342
eval_runtime = 16.3562
eval_samples_per_second = 305.694
