eval_accuracy = 0.46720001101493835
eval_loss = 1.3389695882797241
eval_mae = 0.6892
eval_runtime = 28.9805
eval_samples_per_second = 172.53
