eval_accuracy = 0.576200008392334
eval_loss = 1.0056830644607544
eval_mae = 0.4952
eval_runtime = 16.8818
eval_samples_per_second = 296.177
