eval_accuracy = 0.6074000000953674
eval_loss = 0.9495556354522705
eval_mae = 0.449
eval_runtime = 18.7725
eval_samples_per_second = 266.346
