eval_accuracy = 0.4399999976158142
eval_loss = 1.4427518844604492
eval_mae = 0.729
eval_runtime = 18.5428
eval_samples_per_second = 269.647
