eval_accuracy = 0.5562000274658203
eval_loss = 1.0804287195205688
eval_mae = 0.5652
eval_runtime = 23.3462
eval_samples_per_second = 214.168
