eval_accuracy = 0.592199981212616
eval_loss = 0.9610680937767029
eval_mae = 0.4836
eval_runtime = 17.513
eval_samples_per_second = 285.502
