eval_accuracy = 0.43959999084472656
eval_loss = 1.4429415464401245
eval_mae = 0.7294
eval_runtime = 19.4899
eval_samples_per_second = 256.544
