eval_accuracy = 0.48019999265670776
eval_loss = 1.3922001123428345
eval_mae = 0.6742
eval_runtime = 20.0499
eval_samples_per_second = 249.378
