eval_accuracy = 0.5928000211715698
eval_loss = 0.9602839946746826
eval_mae = 0.4832
eval_runtime = 17.4719
eval_samples_per_second = 286.173
