eval_accuracy = 0.5478000044822693
eval_loss = 1.1475605964660645
eval_mae = 0.582
eval_runtime = 17.3319
eval_samples_per_second = 288.486
