eval_accuracy = 0.5885999798774719
eval_loss = 0.9493204355239868
eval_mae = 0.4656
eval_runtime = 16.2098
eval_samples_per_second = 308.455
