eval_accuracy = 0.43939998745918274
eval_loss = 1.4427857398986816
eval_mae = 0.728
eval_runtime = 21.623
eval_samples_per_second = 231.236
