eval_accuracy = 0.5925999879837036
eval_loss = 0.9477254152297974
eval_mae = 0.4696
eval_runtime = 20.5323
eval_samples_per_second = 243.519
