eval_accuracy = 0.5595999956130981
eval_loss = 1.0781975984573364
eval_mae = 0.5282
eval_runtime = 20.3318
eval_samples_per_second = 245.92
