eval_accuracy = 0.4681999981403351
eval_loss = 1.339131474494934
eval_mae = 0.6886
eval_runtime = 21.5919
eval_samples_per_second = 231.568
