eval_accuracy = 0.597599983215332
eval_loss = 0.9578113555908203
eval_mae = 0.4662
eval_runtime = 17.3606
eval_samples_per_second = 288.009
