eval_accuracy = 0.4586000144481659
eval_loss = 1.3664507865905762
eval_mae = 0.7302
eval_runtime = 17.4558
eval_samples_per_second = 286.437
