eval_accuracy = 0.5896000266075134
eval_loss = 0.9492306709289551
eval_mae = 0.4642
eval_runtime = 16.5896
eval_samples_per_second = 301.394
