eval_accuracy = 0.6055999994277954
eval_loss = 0.9502416253089905
eval_mae = 0.4502
eval_runtime = 19.4095
eval_samples_per_second = 257.606
