eval_accuracy = 0.5712000131607056
eval_loss = 0.9901666045188904
eval_mae = 0.5072
eval_runtime = 17.0047
eval_samples_per_second = 294.037
