eval_accuracy = 0.5821999907493591
eval_loss = 0.9788890480995178
eval_mae = 0.4878
eval_runtime = 17.3421
eval_samples_per_second = 288.316
