eval_accuracy = 0.6363999843597412
eval_loss = 0.8894847631454468
eval_mae = 0.4146
eval_runtime = 34.5702
eval_samples_per_second = 144.633
