eval_accuracy = 0.5595999956130981
eval_loss = 1.0773184299468994
eval_mae = 0.5294
eval_runtime = 18.5047
eval_samples_per_second = 270.202
