eval_accuracy = 0.5475999712944031
eval_loss = 1.0859557390213013
eval_mae = 0.5412
eval_runtime = 34.9626
eval_samples_per_second = 143.01
