eval_accuracy = 0.6367999911308289
eval_loss = 0.8892745971679688
eval_mae = 0.4142
eval_runtime = 24.6365
eval_samples_per_second = 202.951
