eval_accuracy = 0.5698000192642212
eval_loss = 0.9931392669677734
eval_mae = 0.5062
eval_runtime = 16.1324
eval_samples_per_second = 309.935
