eval_accuracy = 0.5699999928474426
eval_loss = 1.0208382606506348
eval_mae = 0.5084
eval_runtime = 17.5298
eval_samples_per_second = 285.228
