eval_accuracy = 0.5465999841690063
eval_loss = 1.0286849737167358
eval_mae = 0.5376
eval_runtime = 16.7708
eval_samples_per_second = 298.137
