eval_accuracy = 0.5799999833106995
eval_loss = 1.0172494649887085
eval_mae = 0.4822
eval_runtime = 17.6103
eval_samples_per_second = 283.925
