eval_accuracy = 0.46720001101493835
eval_loss = 1.343843698501587
eval_mae = 0.6892
eval_runtime = 18.6836
eval_samples_per_second = 267.615
