eval_accuracy = 0.5059999823570251
eval_loss = 1.2292510271072388
eval_mae = 0.6214
eval_runtime = 20.3525
eval_samples_per_second = 245.67
