eval_accuracy = 0.5655999779701233
eval_loss = 1.014234185218811
eval_mae = 0.5064
eval_runtime = 16.3081
eval_samples_per_second = 306.596
