eval_accuracy = 0.5763999819755554
eval_loss = 1.0061147212982178
eval_mae = 0.4952
eval_runtime = 16.3782
eval_samples_per_second = 305.283
