eval_accuracy = 0.4691999852657318
eval_loss = 1.2942923307418823
eval_mae = 0.681
eval_runtime = 20.1811
eval_samples_per_second = 247.756
