eval_accuracy = 0.5004000067710876
eval_loss = 1.2413944005966187
eval_mae = 0.596
eval_runtime = 19.6977
eval_samples_per_second = 253.837
