eval_accuracy = 0.48080000281333923
eval_loss = 1.392225980758667
eval_mae = 0.6738
eval_runtime = 29.9077
eval_samples_per_second = 167.181
