eval_accuracy = 0.5763999819755554
eval_loss = 1.006129503250122
eval_mae = 0.4954
eval_runtime = 17.2301
eval_samples_per_second = 290.189
