eval_accuracy = 0.5802000164985657
eval_loss = 1.0116578340530396
eval_mae = 0.4818
eval_runtime = 17.4005
eval_samples_per_second = 287.349
