eval_accuracy = 0.592199981212616
eval_loss = 0.9609411358833313
eval_mae = 0.4838
eval_runtime = 16.6688
eval_samples_per_second = 299.962
