eval_accuracy = 0.6212000250816345
eval_loss = 0.9511706233024597
eval_mae = 0.4284
eval_runtime = 17.5023
eval_samples_per_second = 285.677
