eval_accuracy = 0.6010000109672546
eval_loss = 0.9357283115386963
eval_mae = 0.4556
eval_runtime = 17.0771
eval_samples_per_second = 292.79
