eval_accuracy = 0.5812000036239624
eval_loss = 1.0186278820037842
eval_mae = 0.4936
eval_runtime = 31.0104
eval_samples_per_second = 161.236
