eval_accuracy = 0.5437999963760376
eval_loss = 1.028369426727295
eval_mae = 0.5394
eval_runtime = 16.7507
eval_samples_per_second = 298.494
