eval_accuracy = 0.5709999799728394
eval_loss = 0.9949816465377808
eval_mae = 0.5072
eval_runtime = 16.8757
eval_samples_per_second = 296.283
