eval_accuracy = 0.47940000891685486
eval_loss = 1.391313910484314
eval_mae = 0.6746
eval_runtime = 32.9039
eval_samples_per_second = 151.958
