eval_accuracy = 0.4966000020503998
eval_loss = 1.2382560968399048
eval_mae = 0.6478
eval_runtime = 28.6883
eval_samples_per_second = 174.287
