eval_accuracy = 0.5699999928474426
eval_loss = 1.022640347480774
eval_mae = 0.508
eval_runtime = 17.431
eval_samples_per_second = 286.846
