eval_accuracy = 0.5009999871253967
eval_loss = 1.2277156114578247
eval_mae = 0.6016
eval_runtime = 18.3851
eval_samples_per_second = 271.959
