eval_accuracy = 0.4569999873638153
eval_loss = 1.3665428161621094
eval_mae = 0.7308
eval_runtime = 16.6497
eval_samples_per_second = 300.305
