eval_accuracy = 0.43860000371932983
eval_loss = 1.442184567451477
eval_mae = 0.7302
eval_runtime = 18.849
eval_samples_per_second = 265.266
