eval_accuracy = 0.5559999942779541
eval_loss = 1.0246413946151733
eval_mae = 0.5346
eval_runtime = 17.3599
eval_samples_per_second = 288.02
