eval_accuracy = 0.5591999888420105
eval_loss = 1.045694351196289
eval_mae = 0.5102
eval_runtime = 18.4406
eval_samples_per_second = 271.141
