eval_accuracy = 0.5613999962806702
eval_loss = 1.0427849292755127
eval_mae = 0.5092
eval_runtime = 18.4223
eval_samples_per_second = 271.41
