eval_accuracy = 0.5924000144004822
eval_loss = 0.9484001994132996
eval_mae = 0.4608
eval_runtime = 17.1915
eval_samples_per_second = 290.842
