eval_accuracy = 0.5690000057220459
eval_loss = 0.9911812543869019
eval_mae = 0.5094
eval_runtime = 17.1418
eval_samples_per_second = 291.684
