eval_accuracy = 0.4986000061035156
eval_loss = 1.1563408374786377
eval_mae = 0.5924
eval_runtime = 17.3307
eval_samples_per_second = 288.505
