eval_accuracy = 0.6204000115394592
eval_loss = 0.9509821534156799
eval_mae = 0.4292
eval_runtime = 17.4989
eval_samples_per_second = 285.733
