eval_accuracy = 0.5576000213623047
eval_loss = 1.062799334526062
eval_mae = 0.5216
eval_runtime = 18.4174
eval_samples_per_second = 271.482
