eval_accuracy = 0.5537999868392944
eval_loss = 1.0255913734436035
eval_mae = 0.5384
eval_runtime = 17.3236
eval_samples_per_second = 288.624
