eval_accuracy = 0.620199978351593
eval_loss = 0.9509643316268921
eval_mae = 0.4298
eval_runtime = 17.354
eval_samples_per_second = 288.119
