eval_accuracy = 0.5490000247955322
eval_loss = 1.1468746662139893
eval_mae = 0.581
eval_runtime = 16.9811
eval_samples_per_second = 294.445
