eval_accuracy = 0.5802000164985657
eval_loss = 1.0117876529693604
eval_mae = 0.4816
eval_runtime = 17.4795
eval_samples_per_second = 286.049
