eval_accuracy = 0.6065999865531921
eval_loss = 0.9494468569755554
eval_mae = 0.4498
eval_runtime = 18.9909
eval_samples_per_second = 263.283
