eval_accuracy = 0.5812000036239624
eval_loss = 1.0183820724487305
eval_mae = 0.4936
eval_runtime = 34.6119
eval_samples_per_second = 144.459
