eval_accuracy = 0.4997999966144562
eval_loss = 1.1774073839187622
eval_mae = 0.5942
eval_runtime = 17.7704
eval_samples_per_second = 281.367
