eval_accuracy = 0.5568000078201294
eval_loss = 1.0629853010177612
eval_mae = 0.523
eval_runtime = 18.3665
eval_samples_per_second = 272.235
