eval_accuracy = 0.5785999894142151
eval_loss = 1.017804741859436
eval_mae = 0.4836
eval_runtime = 17.4935
eval_samples_per_second = 285.82
