eval_accuracy = 0.5928000211715698
eval_loss = 1.0057777166366577
eval_mae = 0.4686
eval_runtime = 17.2436
eval_samples_per_second = 289.963
