eval_accuracy = 0.6363999843597412
eval_loss = 0.8895370960235596
eval_mae = 0.4146
eval_runtime = 18.7229
eval_samples_per_second = 267.052
