eval_accuracy = 0.5795999765396118
eval_loss = 1.0159064531326294
eval_mae = 0.4952
eval_runtime = 21.5342
eval_samples_per_second = 232.189
