eval_accuracy = 0.5012000203132629
eval_loss = 1.155877709388733
eval_mae = 0.5898
eval_runtime = 17.2751
eval_samples_per_second = 289.434
