eval_accuracy = 0.5758000016212463
eval_loss = 1.005449891090393
eval_mae = 0.496
eval_runtime = 16.646
eval_samples_per_second = 300.373
