eval_accuracy = 0.5781999826431274
eval_loss = 1.0216096639633179
eval_mae = 0.5042
eval_runtime = 33.5869
eval_samples_per_second = 148.867
