eval_accuracy = 0.599399983882904
eval_loss = 0.9555398225784302
eval_mae = 0.4626
eval_runtime = 17.1804
eval_samples_per_second = 291.03
