eval_accuracy = 0.5595999956130981
eval_loss = 1.079425573348999
eval_mae = 0.5304
eval_runtime = 22.9856
eval_samples_per_second = 217.527
