eval_accuracy = 0.5490000247955322
eval_loss = 1.1474525928497314
eval_mae = 0.5818
eval_runtime = 17.3364
eval_samples_per_second = 288.411
