eval_accuracy = 0.5598000288009644
eval_loss = 1.0475167036056519
eval_mae = 0.5098
eval_runtime = 18.0415
eval_samples_per_second = 277.14
