eval_accuracy = 0.5582000017166138
eval_loss = 1.0786765813827515
eval_mae = 0.5312
eval_runtime = 19.0345
eval_samples_per_second = 262.682
