eval_accuracy = 0.5454000234603882
eval_loss = 1.029561161994934
eval_mae = 0.54
eval_runtime = 16.9591
eval_samples_per_second = 294.827
