eval_accuracy = 0.5741999745368958
eval_loss = 1.0848054885864258
eval_mae = 0.5112
eval_runtime = 16.1092
eval_samples_per_second = 310.381
