eval_accuracy = 0.5605999827384949
eval_loss = 1.0435091257095337
eval_mae = 0.5098
eval_runtime = 18.5445
eval_samples_per_second = 269.622
