eval_accuracy = 0.5558000206947327
eval_loss = 1.024657964706421
eval_mae = 0.5364
eval_runtime = 17.275
eval_samples_per_second = 289.436
