eval_accuracy = 0.5716000199317932
eval_loss = 1.0229982137680054
eval_mae = 0.5058
eval_runtime = 17.5473
eval_samples_per_second = 284.945
