eval_accuracy = 0.5802000164985657
eval_loss = 1.0176708698272705
eval_mae = 0.4958
eval_runtime = 27.1452
eval_samples_per_second = 184.195
