eval_accuracy = 0.545799970626831
eval_loss = 1.0300294160842896
eval_mae = 0.539
eval_runtime = 17.3572
eval_samples_per_second = 288.065
