eval_accuracy = 0.6043999791145325
eval_loss = 0.9468011856079102
eval_mae = 0.4576
eval_runtime = 17.3554
eval_samples_per_second = 288.094
