eval_accuracy = 0.4397999942302704
eval_loss = 1.443314790725708
eval_mae = 0.7292
eval_runtime = 20.3642
eval_samples_per_second = 245.53
