eval_accuracy = 0.45660001039505005
eval_loss = 1.3662960529327393
eval_mae = 0.7336
eval_runtime = 17.3137
eval_samples_per_second = 288.789
