eval_accuracy = 0.5001999735832214
eval_loss = 1.241781234741211
eval_mae = 0.5954
eval_runtime = 18.6466
eval_samples_per_second = 268.145
