eval_accuracy = 0.46560001373291016
eval_loss = 1.3057489395141602
eval_mae = 0.6854
eval_runtime = 32.2856
eval_samples_per_second = 154.868
