eval_accuracy = 0.5920000076293945
eval_loss = 1.0102384090423584
eval_mae = 0.4684
eval_runtime = 17.2728
eval_samples_per_second = 289.472
