eval_accuracy = 0.5702000260353088
eval_loss = 1.0186712741851807
eval_mae = 0.5088
eval_runtime = 17.3318
eval_samples_per_second = 288.487
