eval_accuracy = 0.5906000137329102
eval_loss = 0.9489331841468811
eval_mae = 0.4632
eval_runtime = 16.6624
eval_samples_per_second = 300.076
