eval_accuracy = 0.5720000267028809
eval_loss = 0.9907209277153015
eval_mae = 0.5082
eval_runtime = 17.1916
eval_samples_per_second = 290.84
