eval_accuracy = 0.506600022315979
eval_loss = 1.2290316820144653
eval_mae = 0.621
eval_runtime = 33.4143
eval_samples_per_second = 149.636
