eval_accuracy = 0.58160001039505
eval_loss = 0.9782695174217224
eval_mae = 0.4886
eval_runtime = 17.3194
eval_samples_per_second = 288.693
