eval_accuracy = 0.599399983882904
eval_loss = 0.9553998112678528
eval_mae = 0.4636
eval_runtime = 16.5738
eval_samples_per_second = 301.681
