eval_accuracy = 0.5576000213623047
eval_loss = 1.0794669389724731
eval_mae = 0.533
eval_runtime = 24.7686
eval_samples_per_second = 201.868
