eval_accuracy = 0.6367999911308289
eval_loss = 0.8897005915641785
eval_mae = 0.4142
eval_runtime = 19.9243
eval_samples_per_second = 250.95
