eval_accuracy = 0.49959999322891235
eval_loss = 1.2442262172698975
eval_mae = 0.5974
eval_runtime = 18.5749
eval_samples_per_second = 269.181
