eval_accuracy = 0.5454000234603882
eval_loss = 1.0293567180633545
eval_mae = 0.539
eval_runtime = 17.3514
eval_samples_per_second = 288.16
