eval_accuracy = 0.4812000095844269
eval_loss = 1.3552160263061523
eval_mae = 0.6728
eval_runtime = 22.0633
eval_samples_per_second = 226.621
