eval_accuracy = 0.5486000180244446
eval_loss = 1.1474759578704834
eval_mae = 0.5818
eval_runtime = 17.4032
eval_samples_per_second = 287.304
