eval_accuracy = 0.6010000109672546
eval_loss = 0.9555699229240417
eval_mae = 0.4622
eval_runtime = 17.3242
eval_samples_per_second = 288.613
