eval_accuracy = 0.5491999983787537
eval_loss = 1.1476798057556152
eval_mae = 0.5814
eval_runtime = 17.4539
eval_samples_per_second = 286.469
