eval_accuracy = 0.5667999982833862
eval_loss = 1.016218900680542
eval_mae = 0.5066
eval_runtime = 16.9493
eval_samples_per_second = 294.997
