eval_accuracy = 0.5582000017166138
eval_loss = 1.0783542394638062
eval_mae = 0.531
eval_runtime = 18.5123
eval_samples_per_second = 270.091
