eval_accuracy = 0.48240000009536743
eval_loss = 1.3924670219421387
eval_mae = 0.6734
eval_runtime = 26.4742
eval_samples_per_second = 188.863
