eval_accuracy = 0.598800003528595
eval_loss = 0.9548722505569458
eval_mae = 0.4626
eval_runtime = 17.2629
eval_samples_per_second = 289.638
