eval_accuracy = 0.4717999994754791
eval_loss = 1.3473596572875977
eval_mae = 0.6894
eval_runtime = 17.3645
eval_samples_per_second = 287.944
