eval_accuracy = 0.5031999945640564
eval_loss = 1.176530122756958
eval_mae = 0.5904
eval_runtime = 17.371
eval_samples_per_second = 287.836
