eval_accuracy = 0.6011999845504761
eval_loss = 0.9556170105934143
eval_mae = 0.4612
eval_runtime = 17.3109
eval_samples_per_second = 288.835
