eval_accuracy = 0.6358000040054321
eval_loss = 0.8902939558029175
eval_mae = 0.4154
eval_runtime = 21.3295
eval_samples_per_second = 234.418
