eval_accuracy = 0.49779999256134033
eval_loss = 1.2377451658248901
eval_mae = 0.6458
eval_runtime = 32.9488
eval_samples_per_second = 151.751
