eval_accuracy = 0.5555999875068665
eval_loss = 1.0244134664535522
eval_mae = 0.5358
eval_runtime = 17.3418
eval_samples_per_second = 288.321
