eval_accuracy = 0.4675999879837036
eval_loss = 1.338288426399231
eval_mae = 0.6896
eval_runtime = 20.732
eval_samples_per_second = 241.173
