eval_accuracy = 0.48080000281333923
eval_loss = 1.3550082445144653
eval_mae = 0.6726
eval_runtime = 18.4072
eval_samples_per_second = 271.634
