eval_accuracy = 0.4851999878883362
eval_loss = 1.3498892784118652
eval_mae = 0.6702
eval_runtime = 18.8825
eval_samples_per_second = 264.795
