eval_accuracy = 0.5763999819755554
eval_loss = 1.0048633813858032
eval_mae = 0.4948
eval_runtime = 16.3577
eval_samples_per_second = 305.666
