eval_accuracy = 0.6021999716758728
eval_loss = 0.9358512759208679
eval_mae = 0.4534
eval_runtime = 16.5272
eval_samples_per_second = 302.532
