eval_accuracy = 0.605400025844574
eval_loss = 0.946175754070282
eval_mae = 0.4566
eval_runtime = 17.2513
eval_samples_per_second = 289.833
