eval_accuracy = 0.5907999873161316
eval_loss = 0.9490789175033569
eval_mae = 0.4634
eval_runtime = 17.2023
eval_samples_per_second = 290.659
