eval_accuracy = 0.6010000109672546
eval_loss = 0.9367974400520325
eval_mae = 0.4546
eval_runtime = 16.4068
eval_samples_per_second = 304.752
