eval_accuracy = 0.555400013923645
eval_loss = 1.0802260637283325
eval_mae = 0.566
eval_runtime = 32.5763
eval_samples_per_second = 153.486
