eval_accuracy = 0.600600004196167
eval_loss = 0.955679178237915
eval_mae = 0.4632
eval_runtime = 17.2547
eval_samples_per_second = 289.775
