eval_accuracy = 0.5591999888420105
eval_loss = 1.0778509378433228
eval_mae = 0.5304
eval_runtime = 33.507
eval_samples_per_second = 149.222
