eval_accuracy = 0.5267999768257141
eval_loss = 1.0539354085922241
eval_mae = 0.5704
eval_runtime = 16.316
eval_samples_per_second = 306.447
