eval_accuracy = 0.5482000112533569
eval_loss = 1.1502180099487305
eval_mae = 0.5828
eval_runtime = 16.3572
eval_samples_per_second = 305.675
