eval_accuracy = 0.47279998660087585
eval_loss = 1.3485279083251953
eval_mae = 0.6894
eval_runtime = 16.7468
eval_samples_per_second = 298.565
