eval_accuracy = 0.5799999833106995
eval_loss = 1.0118563175201416
eval_mae = 0.4822
eval_runtime = 17.4175
eval_samples_per_second = 287.067
