eval_accuracy = 0.5026000142097473
eval_loss = 1.177226185798645
eval_mae = 0.5928
eval_runtime = 17.3136
eval_samples_per_second = 288.791
