eval_accuracy = 0.5817999839782715
eval_loss = 0.9784654378890991
eval_mae = 0.488
eval_runtime = 17.3043
eval_samples_per_second = 288.945
