eval_accuracy = 0.5932000279426575
eval_loss = 0.947623074054718
eval_mae = 0.4694
eval_runtime = 19.7986
eval_samples_per_second = 252.544
