eval_accuracy = 0.6208000183105469
eval_loss = 0.949152946472168
eval_mae = 0.4286
eval_runtime = 17.5023
eval_samples_per_second = 285.677
