eval_accuracy = 0.4681999981403351
eval_loss = 1.3341628313064575
eval_mae = 0.6892
eval_runtime = 20.364
eval_samples_per_second = 245.531
