eval_accuracy = 0.43939998745918274
eval_loss = 1.4429969787597656
eval_mae = 0.7298
eval_runtime = 23.6238
eval_samples_per_second = 211.651
