eval_accuracy = 0.4684000015258789
eval_loss = 1.338171124458313
eval_mae = 0.688
eval_runtime = 21.8553
eval_samples_per_second = 228.778
