eval_accuracy = 0.5551999807357788
eval_loss = 1.0631564855575562
eval_mae = 0.5244
eval_runtime = 34.4775
eval_samples_per_second = 145.022
