eval_accuracy = 0.4729999899864197
eval_loss = 1.3470100164413452
eval_mae = 0.6884
eval_runtime = 17.2751
eval_samples_per_second = 289.434
