eval_accuracy = 0.5809999704360962
eval_loss = 1.0122512578964233
eval_mae = 0.4804
eval_runtime = 17.3308
eval_samples_per_second = 288.503
