eval_accuracy = 0.46799999475479126
eval_loss = 1.294212818145752
eval_mae = 0.6808
eval_runtime = 26.065
eval_samples_per_second = 191.828
