eval_accuracy = 0.4991999864578247
eval_loss = 1.155717134475708
eval_mae = 0.591
eval_runtime = 17.2021
eval_samples_per_second = 290.661
