eval_accuracy = 0.5756000280380249
eval_loss = 1.0055378675460815
eval_mae = 0.4962
eval_runtime = 17.25
eval_samples_per_second = 289.855
