eval_accuracy = 0.4697999954223633
eval_loss = 1.3285459280014038
eval_mae = 0.6878
eval_runtime = 19.8948
eval_samples_per_second = 251.322
