eval_accuracy = 0.4674000144004822
eval_loss = 1.3398582935333252
eval_mae = 0.6898
eval_runtime = 30.1217
eval_samples_per_second = 165.993
