eval_accuracy = 0.6046000123023987
eval_loss = 0.9461689591407776
eval_mae = 0.4576
eval_runtime = 17.3011
eval_samples_per_second = 289.0
