eval_accuracy = 0.5034000277519226
eval_loss = 1.1773056983947754
eval_mae = 0.593
eval_runtime = 16.8664
eval_samples_per_second = 296.447
