eval_accuracy = 0.47600001096725464
eval_loss = 1.3403550386428833
eval_mae = 0.693
eval_runtime = 16.3789
eval_samples_per_second = 305.27
