eval_accuracy = 0.5266000032424927
eval_loss = 1.0536656379699707
eval_mae = 0.5704
eval_runtime = 16.3235
eval_samples_per_second = 306.306
