eval_accuracy = 0.4675999879837036
eval_loss = 1.2949507236480713
eval_mae = 0.682
eval_runtime = 18.4922
eval_samples_per_second = 270.384
