eval_accuracy = 0.5041999816894531
eval_loss = 1.1776328086853027
eval_mae = 0.59
eval_runtime = 17.322
eval_samples_per_second = 288.65
