eval_accuracy = 0.6011999845504761
eval_loss = 0.9363207221031189
eval_mae = 0.4548
eval_runtime = 17.0286
eval_samples_per_second = 293.623
