eval_accuracy = 0.5789999961853027
eval_loss = 1.0177931785583496
eval_mae = 0.4822
eval_runtime = 17.5251
eval_samples_per_second = 285.305
