eval_accuracy = 0.5934000015258789
eval_loss = 1.0066214799880981
eval_mae = 0.4678
eval_runtime = 17.2598
eval_samples_per_second = 289.691
