eval_accuracy = 0.569599986076355
eval_loss = 1.021541953086853
eval_mae = 0.509
eval_runtime = 16.6235
eval_samples_per_second = 300.78
