eval_accuracy = 0.6032000184059143
eval_loss = 0.9467556476593018
eval_mae = 0.4582
eval_runtime = 17.5894
eval_samples_per_second = 284.262
