eval_accuracy = 0.4973999857902527
eval_loss = 1.2384285926818848
eval_mae = 0.6474
eval_runtime = 32.1571
eval_samples_per_second = 155.487
