eval_accuracy = 0.5759999752044678
eval_loss = 1.0057278871536255
eval_mae = 0.4952
eval_runtime = 17.2148
eval_samples_per_second = 290.447
