eval_accuracy = 0.5472000241279602
eval_loss = 1.1478431224822998
eval_mae = 0.585
eval_runtime = 17.401
eval_samples_per_second = 287.341
