eval_accuracy = 0.5716000199317932
eval_loss = 0.9909045100212097
eval_mae = 0.5072
eval_runtime = 16.2229
eval_samples_per_second = 308.207
