eval_accuracy = 0.6064000129699707
eval_loss = 0.9497654438018799
eval_mae = 0.4496
eval_runtime = 20.9873
eval_samples_per_second = 238.239
