eval_accuracy = 0.573199987411499
eval_loss = 1.0042041540145874
eval_mae = 0.4958
eval_runtime = 17.2917
eval_samples_per_second = 289.157
