eval_accuracy = 0.44020000100135803
eval_loss = 1.4440444707870483
eval_mae = 0.7282
eval_runtime = 27.8679
eval_samples_per_second = 179.418
