eval_accuracy = 0.47099998593330383
eval_loss = 1.3469033241271973
eval_mae = 0.6914
eval_runtime = 16.6724
eval_samples_per_second = 299.897
