eval_accuracy = 0.5004000067710876
eval_loss = 1.2295267581939697
eval_mae = 0.604
eval_runtime = 18.4439
eval_samples_per_second = 271.092
