eval_accuracy = 0.607200026512146
eval_loss = 0.9501188397407532
eval_mae = 0.4488
eval_runtime = 18.5546
eval_samples_per_second = 269.474
