eval_accuracy = 0.4763999879360199
eval_loss = 1.3435226678848267
eval_mae = 0.6932
eval_runtime = 16.6228
eval_samples_per_second = 300.792
