eval_accuracy = 0.4713999927043915
eval_loss = 1.3487639427185059
eval_mae = 0.6898
eval_runtime = 17.5377
eval_samples_per_second = 285.1
