eval_accuracy = 0.5906000137329102
eval_loss = 0.9478406310081482
eval_mae = 0.4628
eval_runtime = 16.5525
eval_samples_per_second = 302.069
