eval_accuracy = 0.4397999942302704
eval_loss = 1.4432624578475952
eval_mae = 0.7288
eval_runtime = 18.5474
eval_samples_per_second = 269.579
