eval_accuracy = 0.5794000029563904
eval_loss = 1.0165932178497314
eval_mae = 0.4826
eval_runtime = 17.4278
eval_samples_per_second = 286.898
