eval_accuracy = 0.475600004196167
eval_loss = 1.338348627090454
eval_mae = 0.6934
eval_runtime = 16.0447
eval_samples_per_second = 311.629
