eval_accuracy = 0.4392000138759613
eval_loss = 1.4417736530303955
eval_mae = 0.7296
eval_runtime = 22.8285
eval_samples_per_second = 219.024
