eval_accuracy = 0.46880000829696655
eval_loss = 1.339525818824768
eval_mae = 0.6878
eval_runtime = 32.4444
eval_samples_per_second = 154.11
