eval_accuracy = 0.5490000247955322
eval_loss = 1.1473000049591064
eval_mae = 0.5818
eval_runtime = 17.421
eval_samples_per_second = 287.011
