eval_accuracy = 0.5468000173568726
eval_loss = 1.0866882801055908
eval_mae = 0.5414
eval_runtime = 19.5662
eval_samples_per_second = 255.543
