eval_accuracy = 0.49939998984336853
eval_loss = 1.1554805040359497
eval_mae = 0.592
eval_runtime = 17.3286
eval_samples_per_second = 288.54
