eval_accuracy = 0.5946000218391418
eval_loss = 0.9468351602554321
eval_mae = 0.468
eval_runtime = 18.3541
eval_samples_per_second = 272.419
