eval_accuracy = 0.5758000016212463
eval_loss = 1.0829700231552124
eval_mae = 0.5082
eval_runtime = 16.4254
eval_samples_per_second = 304.407
