eval_accuracy = 0.557200014591217
eval_loss = 1.0625817775726318
eval_mae = 0.5214
eval_runtime = 18.3686
eval_samples_per_second = 272.204
