eval_accuracy = 0.5666000247001648
eval_loss = 1.0227051973342896
eval_mae = 0.5108
eval_runtime = 17.2511
eval_samples_per_second = 289.836
