eval_accuracy = 0.5080000162124634
eval_loss = 1.2281272411346436
eval_mae = 0.6194
eval_runtime = 36.3162
eval_samples_per_second = 137.68
