eval_accuracy = 0.6218000054359436
eval_loss = 0.9494944214820862
eval_mae = 0.4274
eval_runtime = 17.4972
eval_samples_per_second = 285.76
