eval_accuracy = 0.6051999926567078
eval_loss = 0.9460324048995972
eval_mae = 0.4568
eval_runtime = 17.7187
eval_samples_per_second = 282.189
