eval_accuracy = 0.4758000075817108
eval_loss = 1.394348382949829
eval_mae = 0.672
eval_runtime = 18.2684
eval_samples_per_second = 273.696
