eval_accuracy = 0.5443999767303467
eval_loss = 1.0322883129119873
eval_mae = 0.5422
eval_runtime = 16.7443
eval_samples_per_second = 298.609
