eval_accuracy = 0.5504000186920166
eval_loss = 1.1473599672317505
eval_mae = 0.5802
eval_runtime = 17.4384
eval_samples_per_second = 286.723
