eval_accuracy = 0.5052000284194946
eval_loss = 1.2217401266098022
eval_mae = 0.5898
eval_runtime = 22.7156
eval_samples_per_second = 220.113
