eval_accuracy = 0.46860000491142273
eval_loss = 1.3388210535049438
eval_mae = 0.688
eval_runtime = 30.6811
eval_samples_per_second = 162.967
