eval_accuracy = 0.5784000158309937
eval_loss = 1.0128570795059204
eval_mae = 0.4844
eval_runtime = 16.6721
eval_samples_per_second = 299.902
