eval_accuracy = 0.5752000212669373
eval_loss = 1.0828784704208374
eval_mae = 0.5102
eval_runtime = 16.2962
eval_samples_per_second = 306.819
