eval_accuracy = 0.4812000095844269
eval_loss = 1.3922574520111084
eval_mae = 0.6752
eval_runtime = 31.9369
eval_samples_per_second = 156.559
