eval_accuracy = 0.5789999961853027
eval_loss = 1.0178261995315552
eval_mae = 0.4834
eval_runtime = 17.4806
eval_samples_per_second = 286.031
