eval_accuracy = 0.5982000231742859
eval_loss = 0.9560093879699707
eval_mae = 0.4654
eval_runtime = 17.2431
eval_samples_per_second = 289.97
