eval_accuracy = 0.5753999948501587
eval_loss = 1.0838724374771118
eval_mae = 0.5086
eval_runtime = 16.9814
eval_samples_per_second = 294.439
