eval_accuracy = 0.5705999732017517
eval_loss = 0.988670825958252
eval_mae = 0.5042
eval_runtime = 17.1301
eval_samples_per_second = 291.883
