eval_accuracy = 0.5752000212669373
eval_loss = 1.0065650939941406
eval_mae = 0.4954
eval_runtime = 17.2208
eval_samples_per_second = 290.347
