eval_accuracy = 0.5555999875068665
eval_loss = 1.0616955757141113
eval_mae = 0.5242
eval_runtime = 18.3249
eval_samples_per_second = 272.852
