eval_accuracy = 0.5460000038146973
eval_loss = 1.029299020767212
eval_mae = 0.538
eval_runtime = 17.3971
eval_samples_per_second = 287.404
