eval_accuracy = 0.48100000619888306
eval_loss = 1.3922966718673706
eval_mae = 0.6736
eval_runtime = 31.7306
eval_samples_per_second = 157.576
