eval_accuracy = 0.47200000286102295
eval_loss = 1.3497865200042725
eval_mae = 0.6898
eval_runtime = 16.5919
eval_samples_per_second = 301.352
