eval_accuracy = 0.5608000159263611
eval_loss = 1.04538094997406
eval_mae = 0.5086
eval_runtime = 22.2307
eval_samples_per_second = 224.914
