eval_accuracy = 0.5830000042915344
eval_loss = 0.9749736189842224
eval_mae = 0.4864
eval_runtime = 17.0676
eval_samples_per_second = 292.954
