eval_accuracy = 0.5590000152587891
eval_loss = 1.0620994567871094
eval_mae = 0.5196
eval_runtime = 17.7577
eval_samples_per_second = 281.567
