eval_accuracy = 0.4828000068664551
eval_loss = 1.3503371477127075
eval_mae = 0.6716
eval_runtime = 21.2367
eval_samples_per_second = 235.442
