eval_accuracy = 0.5654000043869019
eval_loss = 1.0153049230575562
eval_mae = 0.5068
eval_runtime = 17.2205
eval_samples_per_second = 290.351
