eval_accuracy = 0.5802000164985657
eval_loss = 1.017838478088379
eval_mae = 0.4828
eval_runtime = 17.6322
eval_samples_per_second = 283.572
