eval_accuracy = 0.4970000088214874
eval_loss = 1.2387863397598267
eval_mae = 0.6476
eval_runtime = 23.2986
eval_samples_per_second = 214.605
