eval_accuracy = 0.5812000036239624
eval_loss = 1.0108519792556763
eval_mae = 0.48
eval_runtime = 16.2851
eval_samples_per_second = 307.03
