eval_accuracy = 0.5934000015258789
eval_loss = 0.9482409954071045
eval_mae = 0.469
eval_runtime = 19.1551
eval_samples_per_second = 261.026
