eval_accuracy = 0.5720000267028809
eval_loss = 0.9914122819900513
eval_mae = 0.505
eval_runtime = 17.0379
eval_samples_per_second = 293.463
