eval_accuracy = 0.6212000250816345
eval_loss = 0.9505624175071716
eval_mae = 0.4286
eval_runtime = 17.4671
eval_samples_per_second = 286.253
