eval_accuracy = 0.557200014591217
eval_loss = 1.0800561904907227
eval_mae = 0.5646
eval_runtime = 19.4496
eval_samples_per_second = 257.075
