eval_accuracy = 0.5004000067710876
eval_loss = 1.1575379371643066
eval_mae = 0.5906
eval_runtime = 17.3294
eval_samples_per_second = 288.528
