eval_accuracy = 0.5795999765396118
eval_loss = 1.0119708776474
eval_mae = 0.4824
eval_runtime = 16.8536
eval_samples_per_second = 296.672
