eval_accuracy = 0.5501999855041504
eval_loss = 1.1477302312850952
eval_mae = 0.5806
eval_runtime = 16.4148
eval_samples_per_second = 304.602
