eval_accuracy = 0.6371999979019165
eval_loss = 0.889327347278595
eval_mae = 0.4148
eval_runtime = 18.716
eval_samples_per_second = 267.151
