eval_accuracy = 0.4690000116825104
eval_loss = 1.338240146636963
eval_mae = 0.6876
eval_runtime = 19.1239
eval_samples_per_second = 261.453
