eval_accuracy = 0.5812000036239624
eval_loss = 1.0187424421310425
eval_mae = 0.4938
eval_runtime = 20.4059
eval_samples_per_second = 245.027
