eval_accuracy = 0.5925999879837036
eval_loss = 1.0066860914230347
eval_mae = 0.469
eval_runtime = 17.2336
eval_samples_per_second = 290.13
