eval_accuracy = 0.4675999879837036
eval_loss = 1.2966361045837402
eval_mae = 0.6818
eval_runtime = 31.5363
eval_samples_per_second = 158.547
