eval_accuracy = 0.5493999719619751
eval_loss = 1.1488401889801025
eval_mae = 0.581
eval_runtime = 17.3951
eval_samples_per_second = 287.437
