eval_accuracy = 0.579800009727478
eval_loss = 1.008978009223938
eval_mae = 0.4826
eval_runtime = 17.3947
eval_samples_per_second = 287.445
