eval_accuracy = 0.58160001039505
eval_loss = 0.978630781173706
eval_mae = 0.4884
eval_runtime = 16.7223
eval_samples_per_second = 299.003
