eval_accuracy = 0.4779999852180481
eval_loss = 1.3920035362243652
eval_mae = 0.6774
eval_runtime = 20.2163
eval_samples_per_second = 247.325
