eval_accuracy = 0.4733999967575073
eval_loss = 1.3476680517196655
eval_mae = 0.6882
eval_runtime = 17.3146
eval_samples_per_second = 288.774
