eval_accuracy = 0.4968000054359436
eval_loss = 1.2387537956237793
eval_mae = 0.6474
eval_runtime = 35.1056
eval_samples_per_second = 142.427
