eval_accuracy = 0.5564000010490417
eval_loss = 1.0800611972808838
eval_mae = 0.5648
eval_runtime = 31.1119
eval_samples_per_second = 160.71
