eval_accuracy = 0.5911999940872192
eval_loss = 0.9483917951583862
eval_mae = 0.4624
eval_runtime = 16.5437
eval_samples_per_second = 302.231
