eval_accuracy = 0.5934000015258789
eval_loss = 1.0071969032287598
eval_mae = 0.4676
eval_runtime = 17.4293
eval_samples_per_second = 286.873
