eval_accuracy = 0.5616000294685364
eval_loss = 1.045680284500122
eval_mae = 0.5086
eval_runtime = 18.4365
eval_samples_per_second = 271.201
