eval_accuracy = 0.5009999871253967
eval_loss = 1.2254787683486938
eval_mae = 0.6024
eval_runtime = 18.4789
eval_samples_per_second = 270.579
