eval_accuracy = 0.5910000205039978
eval_loss = 1.0025314092636108
eval_mae = 0.4698
eval_runtime = 17.456
eval_samples_per_second = 286.434
