eval_accuracy = 0.5705999732017517
eval_loss = 1.0211716890335083
eval_mae = 0.507
eval_runtime = 17.3003
eval_samples_per_second = 289.012
