eval_accuracy = 0.5938000082969666
eval_loss = 1.006584644317627
eval_mae = 0.4676
eval_runtime = 17.1576
eval_samples_per_second = 291.417
