eval_accuracy = 0.5690000057220459
eval_loss = 0.9902241230010986
eval_mae = 0.5092
eval_runtime = 16.4136
eval_samples_per_second = 304.625
