eval_accuracy = 0.5776000022888184
eval_loss = 1.0181771516799927
eval_mae = 0.4848
eval_runtime = 17.4886
eval_samples_per_second = 285.9
