eval_accuracy = 0.4681999981403351
eval_loss = 1.339146375656128
eval_mae = 0.6886
eval_runtime = 23.9362
eval_samples_per_second = 208.889
