eval_accuracy = 0.6212000250816345
eval_loss = 0.9508171677589417
eval_mae = 0.4286
eval_runtime = 17.3975
eval_samples_per_second = 287.397
