eval_accuracy = 0.5009999871253967
eval_loss = 1.1554124355316162
eval_mae = 0.589
eval_runtime = 17.3315
eval_samples_per_second = 288.492
