eval_accuracy = 0.6068000197410583
eval_loss = 0.9497449994087219
eval_mae = 0.449
eval_runtime = 18.562
eval_samples_per_second = 269.367
