eval_accuracy = 0.5271999835968018
eval_loss = 1.0533052682876587
eval_mae = 0.5696
eval_runtime = 16.9208
eval_samples_per_second = 295.495
