eval_accuracy = 0.4747999906539917
eval_loss = 1.3424274921417236
eval_mae = 0.695
eval_runtime = 16.9729
eval_samples_per_second = 294.587
