eval_accuracy = 0.6363999843597412
eval_loss = 0.8896010518074036
eval_mae = 0.4146
eval_runtime = 18.6779
eval_samples_per_second = 267.696
