eval_accuracy = 0.4814000129699707
eval_loss = 1.3919897079467773
eval_mae = 0.6734
eval_runtime = 18.3423
eval_samples_per_second = 272.594
