eval_accuracy = 0.6021999716758728
eval_loss = 0.9342144727706909
eval_mae = 0.4538
eval_runtime = 16.455
eval_samples_per_second = 303.86
