eval_accuracy = 0.5935999751091003
eval_loss = 1.0040643215179443
eval_mae = 0.468
eval_runtime = 16.7669
eval_samples_per_second = 298.206
