eval_accuracy = 0.6359999775886536
eval_loss = 0.8894659280776978
eval_mae = 0.415
eval_runtime = 18.6689
eval_samples_per_second = 267.825
