eval_accuracy = 0.6065999865531921
eval_loss = 0.9463508725166321
eval_mae = 0.4552
eval_runtime = 17.1984
eval_samples_per_second = 290.724
