eval_accuracy = 0.5580000281333923
eval_loss = 1.0643322467803955
eval_mae = 0.5226
eval_runtime = 20.3454
eval_samples_per_second = 245.756
