eval_accuracy = 0.5271999835968018
eval_loss = 1.054534912109375
eval_mae = 0.5714
eval_runtime = 16.3031
eval_samples_per_second = 306.69
