eval_accuracy = 0.5267999768257141
eval_loss = 1.0539833307266235
eval_mae = 0.5712
eval_runtime = 16.311
eval_samples_per_second = 306.542
