eval_accuracy = 0.579800009727478
eval_loss = 1.019324779510498
eval_mae = 0.4974
eval_runtime = 29.5247
eval_samples_per_second = 169.35
