eval_accuracy = 0.569599986076355
eval_loss = 1.021234393119812
eval_mae = 0.5088
eval_runtime = 17.2132
eval_samples_per_second = 290.475
