eval_accuracy = 0.5835999846458435
eval_loss = 0.9777570366859436
eval_mae = 0.4872
eval_runtime = 17.2635
eval_samples_per_second = 289.628
