eval_accuracy = 0.5446000099182129
eval_loss = 1.029708743095398
eval_mae = 0.541
eval_runtime = 17.2804
eval_samples_per_second = 289.344
