eval_accuracy = 0.599399983882904
eval_loss = 0.9556660056114197
eval_mae = 0.4648
eval_runtime = 16.6359
eval_samples_per_second = 300.556
