eval_accuracy = 0.4578000009059906
eval_loss = 1.3649029731750488
eval_mae = 0.7314
eval_runtime = 16.6874
eval_samples_per_second = 299.627
