eval_accuracy = 0.4745999872684479
eval_loss = 1.3446533679962158
eval_mae = 0.6954
eval_runtime = 16.3592
eval_samples_per_second = 305.638
