eval_accuracy = 0.5753999948501587
eval_loss = 1.0038379430770874
eval_mae = 0.4966
eval_runtime = 17.2155
eval_samples_per_second = 290.436
