eval_accuracy = 0.49959999322891235
eval_loss = 1.1558831930160522
eval_mae = 0.5912
eval_runtime = 17.2943
eval_samples_per_second = 289.113
