eval_accuracy = 0.4713999927043915
eval_loss = 1.345717191696167
eval_mae = 0.6908
eval_runtime = 16.5097
eval_samples_per_second = 302.853
