eval_accuracy = 0.6011999845504761
eval_loss = 0.9349614977836609
eval_mae = 0.4532
eval_runtime = 16.3949
eval_samples_per_second = 304.973
