eval_accuracy = 0.5781999826431274
eval_loss = 1.01791512966156
eval_mae = 0.4842
eval_runtime = 17.4267
eval_samples_per_second = 286.915
