eval_accuracy = 0.5938000082969666
eval_loss = 1.0073883533477783
eval_mae = 0.4676
eval_runtime = 17.2714
eval_samples_per_second = 289.497
