eval_accuracy = 0.5490000247955322
eval_loss = 1.1471282243728638
eval_mae = 0.582
eval_runtime = 16.8792
eval_samples_per_second = 296.223
