eval_accuracy = 0.5659999847412109
eval_loss = 1.0149874687194824
eval_mae = 0.5064
eval_runtime = 17.1982
eval_samples_per_second = 290.727
