eval_accuracy = 0.6367999911308289
eval_loss = 0.8902264833450317
eval_mae = 0.4142
eval_runtime = 19.337
eval_samples_per_second = 258.572
