eval_accuracy = 0.6381999850273132
eval_loss = 0.8892858624458313
eval_mae = 0.4134
eval_runtime = 17.9338
eval_samples_per_second = 278.803
