eval_accuracy = 0.4814000129699707
eval_loss = 1.3918594121932983
eval_mae = 0.6728
eval_runtime = 26.1504
eval_samples_per_second = 191.202
