eval_accuracy = 0.5022000074386597
eval_loss = 1.1769025325775146
eval_mae = 0.5926
eval_runtime = 17.439
eval_samples_per_second = 286.713
