eval_accuracy = 0.5902000069618225
eval_loss = 0.9487667679786682
eval_mae = 0.4634
eval_runtime = 17.3441
eval_samples_per_second = 288.283
