eval_accuracy = 0.475600004196167
eval_loss = 1.3427752256393433
eval_mae = 0.6926
eval_runtime = 17.0989
eval_samples_per_second = 292.417
