eval_accuracy = 0.503000020980835
eval_loss = 1.176893711090088
eval_mae = 0.5914
eval_runtime = 17.3462
eval_samples_per_second = 288.247
