eval_accuracy = 0.5564000010490417
eval_loss = 1.0238945484161377
eval_mae = 0.5354
eval_runtime = 17.6828
eval_samples_per_second = 282.761
