eval_accuracy = 0.5756000280380249
eval_loss = 1.0058866739273071
eval_mae = 0.4966
eval_runtime = 16.1664
eval_samples_per_second = 309.283
