eval_accuracy = 0.49939998984336853
eval_loss = 1.1552886962890625
eval_mae = 0.591
eval_runtime = 17.5206
eval_samples_per_second = 285.379
