eval_accuracy = 0.47540000081062317
eval_loss = 1.3430263996124268
eval_mae = 0.6942
eval_runtime = 16.964
eval_samples_per_second = 294.742
