eval_accuracy = 0.46779999136924744
eval_loss = 1.3387045860290527
eval_mae = 0.6888
eval_runtime = 26.7085
eval_samples_per_second = 187.206
