eval_accuracy = 0.5450000166893005
eval_loss = 1.0298212766647339
eval_mae = 0.5398
eval_runtime = 16.5407
eval_samples_per_second = 302.285
