eval_accuracy = 0.5917999744415283
eval_loss = 0.9453579783439636
eval_mae = 0.4704
eval_runtime = 19.3423
eval_samples_per_second = 258.501
