eval_accuracy = 0.5795999765396118
eval_loss = 1.009966254234314
eval_mae = 0.4818
eval_runtime = 17.438
eval_samples_per_second = 286.73
