eval_accuracy = 0.5938000082969666
eval_loss = 0.9605703353881836
eval_mae = 0.4828
eval_runtime = 17.5884
eval_samples_per_second = 284.278
