eval_accuracy = 0.5813999772071838
eval_loss = 1.0186882019042969
eval_mae = 0.4934
eval_runtime = 33.742
eval_samples_per_second = 148.183
