eval_accuracy = 0.5076000094413757
eval_loss = 1.2263991832733154
eval_mae = 0.619
eval_runtime = 30.9519
eval_samples_per_second = 161.541
