eval_accuracy = 0.5278000235557556
eval_loss = 1.0533227920532227
eval_mae = 0.5684
eval_runtime = 16.8972
eval_samples_per_second = 295.907
