eval_accuracy = 0.5551999807357788
eval_loss = 1.025140404701233
eval_mae = 0.537
eval_runtime = 17.2977
eval_samples_per_second = 289.056
