eval_accuracy = 0.6014000177383423
eval_loss = 0.9355134963989258
eval_mae = 0.4542
eval_runtime = 15.9881
eval_samples_per_second = 312.732
