eval_accuracy = 0.5942000150680542
eval_loss = 0.9487109184265137
eval_mae = 0.4696
eval_runtime = 18.3671
eval_samples_per_second = 272.226
