eval_accuracy = 0.5040000081062317
eval_loss = 1.1765832901000977
eval_mae = 0.5906
eval_runtime = 17.4114
eval_samples_per_second = 287.168
