eval_accuracy = 0.46480000019073486
eval_loss = 1.3047069311141968
eval_mae = 0.6884
eval_runtime = 22.71
eval_samples_per_second = 220.168
