eval_accuracy = 0.5472000241279602
eval_loss = 1.0859959125518799
eval_mae = 0.5418
eval_runtime = 24.3697
eval_samples_per_second = 205.173
