eval_accuracy = 0.43560001254081726
eval_loss = 1.468552827835083
eval_mae = 0.7374
eval_runtime = 26.4617
eval_samples_per_second = 188.952
