eval_accuracy = 0.605400025844574
eval_loss = 0.9472776651382446
eval_mae = 0.457
eval_runtime = 17.173
eval_samples_per_second = 291.155
