eval_accuracy = 0.5928000211715698
eval_loss = 1.0108226537704468
eval_mae = 0.4688
eval_runtime = 17.666
eval_samples_per_second = 283.029
