eval_accuracy = 0.501800000667572
eval_loss = 1.175426959991455
eval_mae = 0.5948
eval_runtime = 17.4316
eval_samples_per_second = 286.836
