eval_accuracy = 0.604200005531311
eval_loss = 0.9460740089416504
eval_mae = 0.4574
eval_runtime = 17.2521
eval_samples_per_second = 289.82
