eval_accuracy = 0.5546000003814697
eval_loss = 1.0244685411453247
eval_mae = 0.5354
eval_runtime = 17.6612
eval_samples_per_second = 283.106
