eval_accuracy = 0.5022000074386597
eval_loss = 1.2428969144821167
eval_mae = 0.5934
eval_runtime = 18.2773
eval_samples_per_second = 273.563
