eval_accuracy = 0.4997999966144562
eval_loss = 1.242026925086975
eval_mae = 0.5952
eval_runtime = 21.3718
eval_samples_per_second = 233.953
