eval_accuracy = 0.5703999996185303
eval_loss = 0.9886904358863831
eval_mae = 0.5042
eval_runtime = 17.0047
eval_samples_per_second = 294.036
