eval_accuracy = 0.4697999954223633
eval_loss = 1.3417081832885742
eval_mae = 0.686
eval_runtime = 19.4451
eval_samples_per_second = 257.134
