eval_accuracy = 0.4578000009059906
eval_loss = 1.366942048072815
eval_mae = 0.7318
eval_runtime = 17.5119
eval_samples_per_second = 285.519
