eval_accuracy = 0.6069999933242798
eval_loss = 0.9437341690063477
eval_mae = 0.4548
eval_runtime = 17.3829
eval_samples_per_second = 287.638
