eval_accuracy = 0.5934000015258789
eval_loss = 1.0067200660705566
eval_mae = 0.468
eval_runtime = 17.2232
eval_samples_per_second = 290.306
