eval_accuracy = 0.5031999945640564
eval_loss = 1.1775612831115723
eval_mae = 0.5912
eval_runtime = 17.5258
eval_samples_per_second = 285.294
