eval_accuracy = 0.6000000238418579
eval_loss = 0.9555706977844238
eval_mae = 0.4634
eval_runtime = 17.3481
eval_samples_per_second = 288.215
