eval_accuracy = 0.49900001287460327
eval_loss = 1.2308251857757568
eval_mae = 0.6038
eval_runtime = 19.6696
eval_samples_per_second = 254.2
