eval_accuracy = 0.46779999136924744
eval_loss = 1.3382395505905151
eval_mae = 0.6886
eval_runtime = 24.3745
eval_samples_per_second = 205.132
