eval_accuracy = 0.4675999879837036
eval_loss = 1.3396081924438477
eval_mae = 0.689
eval_runtime = 34.7795
eval_samples_per_second = 143.763
