eval_accuracy = 0.4832000136375427
eval_loss = 1.3518072366714478
eval_mae = 0.6714
eval_runtime = 17.779
eval_samples_per_second = 281.23
