eval_accuracy = 0.5648000240325928
eval_loss = 1.014554500579834
eval_mae = 0.5078
eval_runtime = 16.4557
eval_samples_per_second = 303.847
