eval_accuracy = 0.43959999084472656
eval_loss = 1.4408167600631714
eval_mae = 0.728
eval_runtime = 34.1847
eval_samples_per_second = 146.264
