eval_accuracy = 0.5821999907493591
eval_loss = 0.9788742065429688
eval_mae = 0.4882
eval_runtime = 17.3589
eval_samples_per_second = 288.036
