eval_accuracy = 0.47519999742507935
eval_loss = 1.3427869081497192
eval_mae = 0.6942
eval_runtime = 17.0306
eval_samples_per_second = 293.59
