eval_accuracy = 0.5479999780654907
eval_loss = 1.1465122699737549
eval_mae = 0.5804
eval_runtime = 17.5138
eval_samples_per_second = 285.489
