eval_accuracy = 0.4562000036239624
eval_loss = 1.3679275512695312
eval_mae = 0.734
eval_runtime = 17.3802
eval_samples_per_second = 287.683
