eval_accuracy = 0.5008000135421753
eval_loss = 1.2401748895645142
eval_mae = 0.595
eval_runtime = 18.5182
eval_samples_per_second = 270.005
