eval_accuracy = 0.5555999875068665
eval_loss = 1.0801337957382202
eval_mae = 0.5664
eval_runtime = 22.4213
eval_samples_per_second = 223.002
