eval_accuracy = 0.6366000175476074
eval_loss = 0.8893839716911316
eval_mae = 0.4144
eval_runtime = 18.5836
eval_samples_per_second = 269.055
