eval_accuracy = 0.5989999771118164
eval_loss = 0.9552556872367859
eval_mae = 0.4642
eval_runtime = 17.3194
eval_samples_per_second = 288.693
