eval_accuracy = 0.5077999830245972
eval_loss = 1.2287667989730835
eval_mae = 0.6194
eval_runtime = 18.9032
eval_samples_per_second = 264.505
