eval_accuracy = 0.5586000084877014
eval_loss = 1.078531265258789
eval_mae = 0.5306
eval_runtime = 18.6394
eval_samples_per_second = 268.249
