eval_accuracy = 0.5637999773025513
eval_loss = 1.0143886804580688
eval_mae = 0.5084
eval_runtime = 16.9065
eval_samples_per_second = 295.745
