eval_accuracy = 0.49779999256134033
eval_loss = 1.2120742797851562
eval_mae = 0.636
eval_runtime = 19.66
eval_samples_per_second = 254.324
