eval_accuracy = 0.5582000017166138
eval_loss = 1.0789525508880615
eval_mae = 0.531
eval_runtime = 21.0052
eval_samples_per_second = 238.037
