eval_accuracy = 0.5934000015258789
eval_loss = 0.946862518787384
eval_mae = 0.4694
eval_runtime = 21.8135
eval_samples_per_second = 229.216
