eval_accuracy = 0.5795999765396118
eval_loss = 1.0110416412353516
eval_mae = 0.4824
eval_runtime = 17.7103
eval_samples_per_second = 282.322
