eval_accuracy = 0.5479999780654907
eval_loss = 1.0865459442138672
eval_mae = 0.5412
eval_runtime = 18.3089
eval_samples_per_second = 273.091
