eval_accuracy = 0.5645999908447266
eval_loss = 1.014356255531311
eval_mae = 0.5062
eval_runtime = 16.3432
eval_samples_per_second = 305.937
