eval_accuracy = 0.5493999719619751
eval_loss = 1.1474781036376953
eval_mae = 0.5812
eval_runtime = 16.8113
eval_samples_per_second = 297.418
