eval_accuracy = 0.5771999955177307
eval_loss = 1.0057251453399658
eval_mae = 0.4944
eval_runtime = 17.2497
eval_samples_per_second = 289.86
