eval_accuracy = 0.5479999780654907
eval_loss = 1.0859929323196411
eval_mae = 0.541
eval_runtime = 31.3789
eval_samples_per_second = 159.343
