eval_accuracy = 0.48019999265670776
eval_loss = 1.3921602964401245
eval_mae = 0.6742
eval_runtime = 19.6987
eval_samples_per_second = 253.824
