eval_accuracy = 0.45820000767707825
eval_loss = 1.3677035570144653
eval_mae = 0.7316
eval_runtime = 16.5323
eval_samples_per_second = 302.437
