eval_accuracy = 0.5472000241279602
eval_loss = 1.0879080295562744
eval_mae = 0.5428
eval_runtime = 18.2506
eval_samples_per_second = 273.963
