eval_accuracy = 0.5752000212669373
eval_loss = 1.0849660634994507
eval_mae = 0.511
eval_runtime = 16.9582
eval_samples_per_second = 294.842
