eval_accuracy = 0.6370000243186951
eval_loss = 0.8897966742515564
eval_mae = 0.414
eval_runtime = 19.7049
eval_samples_per_second = 253.744
