eval_accuracy = 0.6065999865531921
eval_loss = 0.952375590801239
eval_mae = 0.4534
eval_runtime = 19.4539
eval_samples_per_second = 257.017
