eval_accuracy = 0.5616000294685364
eval_loss = 1.0465980768203735
eval_mae = 0.507
eval_runtime = 18.6064
eval_samples_per_second = 268.724
