eval_accuracy = 0.4733999967575073
eval_loss = 1.3489007949829102
eval_mae = 0.688
eval_runtime = 17.2249
eval_samples_per_second = 290.277
