eval_accuracy = 0.5708000063896179
eval_loss = 1.018341064453125
eval_mae = 0.5078
eval_runtime = 17.3283
eval_samples_per_second = 288.546
