eval_accuracy = 0.5012000203132629
eval_loss = 1.2430474758148193
eval_mae = 0.5968
eval_runtime = 19.0327
eval_samples_per_second = 262.706
