eval_accuracy = 0.48339998722076416
eval_loss = 1.3510366678237915
eval_mae = 0.671
eval_runtime = 23.1988
eval_samples_per_second = 215.528
