eval_accuracy = 0.5925999879837036
eval_loss = 0.9610525369644165
eval_mae = 0.4836
eval_runtime = 17.4509
eval_samples_per_second = 286.519
