eval_accuracy = 0.6039999723434448
eval_loss = 0.9341909885406494
eval_mae = 0.4512
eval_runtime = 16.3498
eval_samples_per_second = 305.815
