eval_accuracy = 0.5809999704360962
eval_loss = 1.0186516046524048
eval_mae = 0.4938
eval_runtime = 21.605
eval_samples_per_second = 231.428
