eval_accuracy = 0.5753999948501587
eval_loss = 1.005597710609436
eval_mae = 0.4956
eval_runtime = 17.1452
eval_samples_per_second = 291.627
