eval_accuracy = 0.5938000082969666
eval_loss = 1.0070971250534058
eval_mae = 0.4674
eval_runtime = 17.1425
eval_samples_per_second = 291.673
