eval_accuracy = 0.4717999994754791
eval_loss = 1.3479092121124268
eval_mae = 0.689
eval_runtime = 17.2894
eval_samples_per_second = 289.194
