eval_accuracy = 0.5924000144004822
eval_loss = 0.9609665274620056
eval_mae = 0.4832
eval_runtime = 17.4271
eval_samples_per_second = 286.91
