eval_accuracy = 0.5541999936103821
eval_loss = 1.0790634155273438
eval_mae = 0.5694
eval_runtime = 20.4599
eval_samples_per_second = 244.381
