eval_accuracy = 0.4580000042915344
eval_loss = 1.367789626121521
eval_mae = 0.7304
eval_runtime = 16.6796
eval_samples_per_second = 299.767
