eval_accuracy = 0.6060000061988831
eval_loss = 0.9487327337265015
eval_mae = 0.4504
eval_runtime = 19.1153
eval_samples_per_second = 261.57
