eval_accuracy = 0.5902000069618225
eval_loss = 0.948944628238678
eval_mae = 0.4632
eval_runtime = 17.5686
eval_samples_per_second = 284.599
