eval_accuracy = 0.4803999960422516
eval_loss = 1.392146348953247
eval_mae = 0.6744
eval_runtime = 18.87
eval_samples_per_second = 264.971
