eval_accuracy = 0.5925999879837036
eval_loss = 0.9472422003746033
eval_mae = 0.4698
eval_runtime = 19.8018
eval_samples_per_second = 252.502
