eval_accuracy = 0.4970000088214874
eval_loss = 1.2386648654937744
eval_mae = 0.6478
eval_runtime = 17.9155
eval_samples_per_second = 279.087
