eval_accuracy = 0.5460000038146973
eval_loss = 1.0862053632736206
eval_mae = 0.542
eval_runtime = 17.9771
eval_samples_per_second = 278.132
