eval_accuracy = 0.5278000235557556
eval_loss = 1.052120327949524
eval_mae = 0.5692
eval_runtime = 15.9326
eval_samples_per_second = 313.823
