eval_accuracy = 0.5473999977111816
eval_loss = 1.0861587524414062
eval_mae = 0.5414
eval_runtime = 22.7049
eval_samples_per_second = 220.217
