eval_accuracy = 0.5260000228881836
eval_loss = 1.053828477859497
eval_mae = 0.5708
eval_runtime = 17.3504
eval_samples_per_second = 288.177
