eval_accuracy = 0.43880000710487366
eval_loss = 1.4432823657989502
eval_mae = 0.7304
eval_runtime = 34.495
eval_samples_per_second = 144.948
