eval_accuracy = 0.571399986743927
eval_loss = 0.9908153414726257
eval_mae = 0.5074
eval_runtime = 16.9115
eval_samples_per_second = 295.657
