eval_accuracy = 0.46799999475479126
eval_loss = 1.3389689922332764
eval_mae = 0.6886
eval_runtime = 25.0523
eval_samples_per_second = 199.582
