eval_accuracy = 0.5712000131607056
eval_loss = 0.9909753799438477
eval_mae = 0.5066
eval_runtime = 16.8757
eval_samples_per_second = 296.283
