eval_accuracy = 0.5558000206947327
eval_loss = 1.0803736448287964
eval_mae = 0.5656
eval_runtime = 24.6072
eval_samples_per_second = 203.193
