eval_accuracy = 0.579800009727478
eval_loss = 1.01801598072052
eval_mae = 0.4952
eval_runtime = 18.2844
eval_samples_per_second = 273.457
