eval_accuracy = 0.5627999901771545
eval_loss = 1.0143187046051025
eval_mae = 0.5106
eval_runtime = 16.5462
eval_samples_per_second = 302.184
