eval_accuracy = 0.4749999940395355
eval_loss = 1.3388705253601074
eval_mae = 0.6942
eval_runtime = 16.3646
eval_samples_per_second = 305.538
