eval_accuracy = 0.5562000274658203
eval_loss = 1.0779097080230713
eval_mae = 0.5322
eval_runtime = 18.2828
eval_samples_per_second = 273.482
