eval_accuracy = 0.5450000166893005
eval_loss = 1.0290940999984741
eval_mae = 0.5398
eval_runtime = 16.3942
eval_samples_per_second = 304.986
