eval_accuracy = 0.5586000084877014
eval_loss = 1.0472631454467773
eval_mae = 0.5122
eval_runtime = 18.2167
eval_samples_per_second = 274.474
