eval_accuracy = 0.5813999772071838
eval_loss = 1.0186245441436768
eval_mae = 0.4934
eval_runtime = 35.2967
eval_samples_per_second = 141.656
