eval_accuracy = 0.6065999865531921
eval_loss = 0.949932336807251
eval_mae = 0.4496
eval_runtime = 17.9643
eval_samples_per_second = 278.33
