eval_accuracy = 0.5490000247955322
eval_loss = 1.147863507270813
eval_mae = 0.5824
eval_runtime = 16.9018
eval_samples_per_second = 295.827
