eval_accuracy = 0.5622000098228455
eval_loss = 1.0449086427688599
eval_mae = 0.5076
eval_runtime = 22.6176
eval_samples_per_second = 221.066
