eval_accuracy = 0.5943999886512756
eval_loss = 0.9376130700111389
eval_mae = 0.4646
eval_runtime = 19.6882
eval_samples_per_second = 253.959
