eval_accuracy = 0.545799970626831
eval_loss = 1.0292013883590698
eval_mae = 0.5378
eval_runtime = 16.7672
eval_samples_per_second = 298.201
