eval_accuracy = 0.5558000206947327
eval_loss = 1.024823784828186
eval_mae = 0.5356
eval_runtime = 17.2976
eval_samples_per_second = 289.057
