eval_accuracy = 0.5005999803543091
eval_loss = 1.1548383235931396
eval_mae = 0.59
eval_runtime = 16.5774
eval_samples_per_second = 301.615
