eval_accuracy = 0.506600022315979
eval_loss = 1.2286345958709717
eval_mae = 0.6212
eval_runtime = 23.9762
eval_samples_per_second = 208.54
