eval_accuracy = 0.5023999810218811
eval_loss = 1.177444338798523
eval_mae = 0.5926
eval_runtime = 17.423
eval_samples_per_second = 286.977
