eval_accuracy = 0.5753999948501587
eval_loss = 1.0858312845230103
eval_mae = 0.5102
eval_runtime = 17.101
eval_samples_per_second = 292.38
