eval_accuracy = 0.5758000016212463
eval_loss = 1.0851097106933594
eval_mae = 0.5104
eval_runtime = 17.0794
eval_samples_per_second = 292.75
