eval_accuracy = 0.5938000082969666
eval_loss = 0.9613006114959717
eval_mae = 0.4828
eval_runtime = 17.4068
eval_samples_per_second = 287.244
