eval_accuracy = 0.5464000105857849
eval_loss = 1.0302077531814575
eval_mae = 0.5386
eval_runtime = 16.8186
eval_samples_per_second = 297.29
