eval_accuracy = 0.5813999772071838
eval_loss = 0.9787020683288574
eval_mae = 0.4892
eval_runtime = 17.4029
eval_samples_per_second = 287.309
