eval_accuracy = 0.4675999879837036
eval_loss = 1.2920312881469727
eval_mae = 0.6786
eval_runtime = 19.8066
eval_samples_per_second = 252.442
