eval_accuracy = 0.5938000082969666
eval_loss = 0.9608425498008728
eval_mae = 0.4824
eval_runtime = 17.4009
eval_samples_per_second = 287.341
