eval_accuracy = 0.4837999939918518
eval_loss = 1.3524091243743896
eval_mae = 0.6708
eval_runtime = 19.509
eval_samples_per_second = 256.293
