eval_accuracy = 0.5537999868392944
eval_loss = 1.0263093709945679
eval_mae = 0.5384
eval_runtime = 17.4737
eval_samples_per_second = 286.144
