eval_accuracy = 0.5569999814033508
eval_loss = 1.0251357555389404
eval_mae = 0.5344
eval_runtime = 17.245
eval_samples_per_second = 289.939
