eval_accuracy = 0.5072000026702881
eval_loss = 1.230110764503479
eval_mae = 0.6206
eval_runtime = 19.5094
eval_samples_per_second = 256.286
