eval_accuracy = 0.5576000213623047
eval_loss = 1.0625405311584473
eval_mae = 0.521
eval_runtime = 18.3757
eval_samples_per_second = 272.098
