eval_accuracy = 0.5781999826431274
eval_loss = 1.0204675197601318
eval_mae = 0.497
eval_runtime = 27.5924
eval_samples_per_second = 181.209
