eval_accuracy = 0.6015999913215637
eval_loss = 0.9345851540565491
eval_mae = 0.4528
eval_runtime = 17.0801
eval_samples_per_second = 292.739
