eval_accuracy = 0.5562000274658203
eval_loss = 1.0802056789398193
eval_mae = 0.5654
eval_runtime = 26.5577
eval_samples_per_second = 188.269
