eval_accuracy = 0.5983999967575073
eval_loss = 0.9568175077438354
eval_mae = 0.4646
eval_runtime = 16.6786
eval_samples_per_second = 299.785
