eval_accuracy = 0.5659999847412109
eval_loss = 1.0137931108474731
eval_mae = 0.5066
eval_runtime = 17.0217
eval_samples_per_second = 293.742
