eval_accuracy = 0.5475999712944031
eval_loss = 1.0863261222839355
eval_mae = 0.541
eval_runtime = 26.2171
eval_samples_per_second = 190.715
