eval_accuracy = 0.5911999940872192
eval_loss = 0.9477396607398987
eval_mae = 0.4708
eval_runtime = 20.5254
eval_samples_per_second = 243.6
