eval_accuracy = 0.4681999981403351
eval_loss = 1.3404580354690552
eval_mae = 0.6894
eval_runtime = 18.5659
eval_samples_per_second = 269.311
