eval_accuracy = 0.5001999735832214
eval_loss = 1.2415614128112793
eval_mae = 0.5956
eval_runtime = 19.3057
eval_samples_per_second = 258.991
