eval_accuracy = 0.46000000834465027
eval_loss = 1.3680113554000854
eval_mae = 0.7286
eval_runtime = 17.1899
eval_samples_per_second = 290.868
