eval_accuracy = 0.5813999772071838
eval_loss = 0.9783550500869751
eval_mae = 0.4886
eval_runtime = 17.4196
eval_samples_per_second = 287.034
