eval_accuracy = 0.46219998598098755
eval_loss = 1.2880783081054688
eval_mae = 0.6922
eval_runtime = 34.0959
eval_samples_per_second = 146.645
