eval_accuracy = 0.4812000095844269
eval_loss = 1.35640549659729
eval_mae = 0.674
eval_runtime = 18.1171
eval_samples_per_second = 275.983
