eval_accuracy = 0.5654000043869019
eval_loss = 1.0141568183898926
eval_mae = 0.507
eval_runtime = 17.2275
eval_samples_per_second = 290.234
