eval_accuracy = 0.5027999877929688
eval_loss = 1.177698016166687
eval_mae = 0.5924
eval_runtime = 17.9823
eval_samples_per_second = 278.052
