eval_accuracy = 0.48100000619888306
eval_loss = 1.3923169374465942
eval_mae = 0.6736
eval_runtime = 25.0031
eval_samples_per_second = 199.975
