eval_accuracy = 0.5565999746322632
eval_loss = 1.0789506435394287
eval_mae = 0.5664
eval_runtime = 27.2323
eval_samples_per_second = 183.605
