eval_accuracy = 0.5600000023841858
eval_loss = 1.0458524227142334
eval_mae = 0.5084
eval_runtime = 18.5205
eval_samples_per_second = 269.971
