eval_accuracy = 0.503000020980835
eval_loss = 1.1761517524719238
eval_mae = 0.5914
eval_runtime = 18.8513
eval_samples_per_second = 265.233
