eval_accuracy = 0.5267999768257141
eval_loss = 1.0536303520202637
eval_mae = 0.5702
eval_runtime = 16.347
eval_samples_per_second = 305.867
