eval_accuracy = 0.4713999927043915
eval_loss = 1.3312761783599854
eval_mae = 0.6858
eval_runtime = 17.8764
eval_samples_per_second = 279.698
