eval_accuracy = 0.6051999926567078
eval_loss = 0.9495653510093689
eval_mae = 0.4514
eval_runtime = 19.1662
eval_samples_per_second = 260.875
