eval_accuracy = 0.5630000233650208
eval_loss = 1.0148987770080566
eval_mae = 0.508
eval_runtime = 16.3233
eval_samples_per_second = 306.311
