eval_accuracy = 0.5031999945640564
eval_loss = 1.176465392112732
eval_mae = 0.5904
eval_runtime = 16.7592
eval_samples_per_second = 298.344
