eval_accuracy = 0.43959999084472656
eval_loss = 1.4430638551712036
eval_mae = 0.7292
eval_runtime = 18.2964
eval_samples_per_second = 273.277
