eval_accuracy = 0.4997999966144562
eval_loss = 1.2271239757537842
eval_mae = 0.6028
eval_runtime = 18.3908
eval_samples_per_second = 271.875
