eval_accuracy = 0.5759999752044678
eval_loss = 1.0056308507919312
eval_mae = 0.4952
eval_runtime = 17.2453
eval_samples_per_second = 289.933
