eval_accuracy = 0.6069999933242798
eval_loss = 0.9510265588760376
eval_mae = 0.4492
eval_runtime = 18.8915
eval_samples_per_second = 264.669
