eval_accuracy = 0.5569999814033508
eval_loss = 1.0797356367111206
eval_mae = 0.5308
eval_runtime = 24.3682
eval_samples_per_second = 205.186
