eval_accuracy = 0.5026000142097473
eval_loss = 1.1759916543960571
eval_mae = 0.5914
eval_runtime = 17.4933
eval_samples_per_second = 285.824
