eval_accuracy = 0.4819999933242798
eval_loss = 1.3919594287872314
eval_mae = 0.6726
eval_runtime = 33.8074
eval_samples_per_second = 147.897
