eval_accuracy = 0.5023999810218811
eval_loss = 1.1535447835922241
eval_mae = 0.5892
eval_runtime = 17.3126
eval_samples_per_second = 288.806
