eval_accuracy = 0.5699999928474426
eval_loss = 1.0221706628799438
eval_mae = 0.5086
eval_runtime = 17.4764
eval_samples_per_second = 286.099
