eval_accuracy = 0.5564000010490417
eval_loss = 1.072729468345642
eval_mae = 0.5324
eval_runtime = 17.9647
eval_samples_per_second = 278.324
