eval_accuracy = 0.6047999858856201
eval_loss = 0.9456936717033386
eval_mae = 0.4568
eval_runtime = 17.3291
eval_samples_per_second = 288.532
