eval_accuracy = 0.5005999803543091
eval_loss = 1.2281198501586914
eval_mae = 0.6016
eval_runtime = 18.3656
eval_samples_per_second = 272.248
