eval_accuracy = 0.6028000116348267
eval_loss = 0.9360185265541077
eval_mae = 0.4528
eval_runtime = 16.4557
eval_samples_per_second = 303.846
