eval_accuracy = 0.46799999475479126
eval_loss = 1.3394500017166138
eval_mae = 0.6878
eval_runtime = 19.0473
eval_samples_per_second = 262.505
