eval_accuracy = 0.5455999970436096
eval_loss = 1.0299463272094727
eval_mae = 0.5398
eval_runtime = 17.4497
eval_samples_per_second = 286.538
