eval_accuracy = 0.5996000170707703
eval_loss = 0.9558753967285156
eval_mae = 0.463
eval_runtime = 17.4122
eval_samples_per_second = 287.155
