eval_accuracy = 0.475600004196167
eval_loss = 1.3426247835159302
eval_mae = 0.6936
eval_runtime = 17.0017
eval_samples_per_second = 294.089
