eval_accuracy = 0.506600022315979
eval_loss = 1.2279433012008667
eval_mae = 0.6206
eval_runtime = 25.0517
eval_samples_per_second = 199.587
