eval_accuracy = 0.6367999911308289
eval_loss = 0.8892240524291992
eval_mae = 0.4148
eval_runtime = 22.4952
eval_samples_per_second = 222.269
