eval_accuracy = 0.5654000043869019
eval_loss = 1.014660358428955
eval_mae = 0.5074
eval_runtime = 16.9503
eval_samples_per_second = 294.979
