eval_accuracy = 0.5569999814033508
eval_loss = 1.0618826150894165
eval_mae = 0.5226
eval_runtime = 18.3211
eval_samples_per_second = 272.909
