eval_accuracy = 0.527999997138977
eval_loss = 1.0539376735687256
eval_mae = 0.5688
eval_runtime = 16.9979
eval_samples_per_second = 294.154
