eval_accuracy = 0.5641999840736389
eval_loss = 1.0145493745803833
eval_mae = 0.508
eval_runtime = 16.4149
eval_samples_per_second = 304.602
