eval_accuracy = 0.4717999994754791
eval_loss = 1.3500123023986816
eval_mae = 0.6892
eval_runtime = 16.3681
eval_samples_per_second = 305.472
