eval_accuracy = 0.5925999879837036
eval_loss = 1.007770299911499
eval_mae = 0.4696
eval_runtime = 17.1996
eval_samples_per_second = 290.704
