eval_accuracy = 0.592199981212616
eval_loss = 0.9477894306182861
eval_mae = 0.4704
eval_runtime = 18.696
eval_samples_per_second = 267.437
