eval_accuracy = 0.43939998745918274
eval_loss = 1.4448777437210083
eval_mae = 0.7294
eval_runtime = 19.7575
eval_samples_per_second = 253.069
