eval_accuracy = 0.5799999833106995
eval_loss = 1.011406421661377
eval_mae = 0.482
eval_runtime = 17.4421
eval_samples_per_second = 286.663
