eval_accuracy = 0.5708000063896179
eval_loss = 1.0060701370239258
eval_mae = 0.5006
eval_runtime = 16.8284
eval_samples_per_second = 297.117
