eval_accuracy = 0.5001999735832214
eval_loss = 1.2419644594192505
eval_mae = 0.5954
eval_runtime = 20.1562
eval_samples_per_second = 248.062
