eval_accuracy = 0.4973999857902527
eval_loss = 1.2385742664337158
eval_mae = 0.647
eval_runtime = 24.2506
eval_samples_per_second = 206.18
