eval_accuracy = 0.5807999968528748
eval_loss = 0.9785104393959045
eval_mae = 0.4898
eval_runtime = 17.5902
eval_samples_per_second = 284.249
