eval_accuracy = 0.6069999933242798
eval_loss = 0.9505894780158997
eval_mae = 0.4492
eval_runtime = 18.557
eval_samples_per_second = 269.44
