eval_accuracy = 0.6370000243186951
eval_loss = 0.8892002701759338
eval_mae = 0.414
eval_runtime = 22.6193
eval_samples_per_second = 221.05
