eval_accuracy = 0.573199987411499
eval_loss = 0.9876762628555298
eval_mae = 0.5034
eval_runtime = 17.0074
eval_samples_per_second = 293.989
