eval_accuracy = 0.501800000667572
eval_loss = 1.1558921337127686
eval_mae = 0.5872
eval_runtime = 17.2528
eval_samples_per_second = 289.809
