eval_accuracy = 0.4675999879837036
eval_loss = 1.2964271306991577
eval_mae = 0.6818
eval_runtime = 19.9377
eval_samples_per_second = 250.781
