eval_accuracy = 0.548799991607666
eval_loss = 1.1475038528442383
eval_mae = 0.5822
eval_runtime = 16.7802
eval_samples_per_second = 297.97
