eval_accuracy = 0.438400000333786
eval_loss = 1.442132830619812
eval_mae = 0.73
eval_runtime = 18.9287
eval_samples_per_second = 264.149
