eval_accuracy = 0.5573999881744385
eval_loss = 1.062701940536499
eval_mae = 0.5222
eval_runtime = 18.3218
eval_samples_per_second = 272.899
