eval_accuracy = 0.574999988079071
eval_loss = 1.0849617719650269
eval_mae = 0.5094
eval_runtime = 17.0472
eval_samples_per_second = 293.303
