eval_accuracy = 0.5278000235557556
eval_loss = 1.0540746450424194
eval_mae = 0.5688
eval_runtime = 16.9775
eval_samples_per_second = 294.507
