eval_accuracy = 0.5924000144004822
eval_loss = 0.9605168700218201
eval_mae = 0.483
eval_runtime = 17.3448
eval_samples_per_second = 288.271
