eval_accuracy = 0.5562000274658203
eval_loss = 1.0802751779556274
eval_mae = 0.565
eval_runtime = 21.4078
eval_samples_per_second = 233.559
