eval_accuracy = 0.6079999804496765
eval_loss = 0.9459095001220703
eval_mae = 0.4522
eval_runtime = 17.329
eval_samples_per_second = 288.533
