eval_accuracy = 0.6064000129699707
eval_loss = 0.9472781419754028
eval_mae = 0.45
eval_runtime = 20.5737
eval_samples_per_second = 243.029
