eval_accuracy = 0.48080000281333923
eval_loss = 1.3922516107559204
eval_mae = 0.6738
eval_runtime = 20.8324
eval_samples_per_second = 240.011
