eval_accuracy = 0.4578000009059906
eval_loss = 1.3666762113571167
eval_mae = 0.7314
eval_runtime = 17.5307
eval_samples_per_second = 285.213
