eval_accuracy = 0.5460000038146973
eval_loss = 1.0293703079223633
eval_mae = 0.5394
eval_runtime = 16.6824
eval_samples_per_second = 299.718
