eval_accuracy = 0.6358000040054321
eval_loss = 0.8908304572105408
eval_mae = 0.4156
eval_runtime = 26.294
eval_samples_per_second = 190.157
