eval_accuracy = 0.5806000232696533
eval_loss = 1.0160267353057861
eval_mae = 0.4812
eval_runtime = 17.4615
eval_samples_per_second = 286.344
