eval_accuracy = 0.5996000170707703
eval_loss = 0.9510626792907715
eval_mae = 0.462
eval_runtime = 16.7524
eval_samples_per_second = 298.464
