eval_accuracy = 0.5795999765396118
eval_loss = 1.0115318298339844
eval_mae = 0.483
eval_runtime = 17.3445
eval_samples_per_second = 288.276
