eval_accuracy = 0.5072000026702881
eval_loss = 1.2278109788894653
eval_mae = 0.62
eval_runtime = 32.5848
eval_samples_per_second = 153.446
