eval_accuracy = 0.5709999799728394
eval_loss = 0.9910203218460083
eval_mae = 0.5064
eval_runtime = 16.1639
eval_samples_per_second = 309.331
