eval_accuracy = 0.5562000274658203
eval_loss = 1.080641746520996
eval_mae = 0.565
eval_runtime = 18.1054
eval_samples_per_second = 276.161
