eval_accuracy = 0.47279998660087585
eval_loss = 1.3447362184524536
eval_mae = 0.6968
eval_runtime = 17.0771
eval_samples_per_second = 292.789
