eval_accuracy = 0.5085999965667725
eval_loss = 1.2212462425231934
eval_mae = 0.618
eval_runtime = 20.9579
eval_samples_per_second = 238.574
