eval_accuracy = 0.5063999891281128
eval_loss = 1.2288404703140259
eval_mae = 0.621
eval_runtime = 19.4105
eval_samples_per_second = 257.592
