eval_accuracy = 0.5820000171661377
eval_loss = 0.9786943197250366
eval_mae = 0.4878
eval_runtime = 17.3281
eval_samples_per_second = 288.548
