eval_accuracy = 0.5080000162124634
eval_loss = 1.2274775505065918
eval_mae = 0.6202
eval_runtime = 22.6721
eval_samples_per_second = 220.536
