eval_accuracy = 0.5001999735832214
eval_loss = 1.2436566352844238
eval_mae = 0.5944
eval_runtime = 21.035
eval_samples_per_second = 237.699
