eval_accuracy = 0.4674000144004822
eval_loss = 1.3395323753356934
eval_mae = 0.689
eval_runtime = 19.4759
eval_samples_per_second = 256.728
