eval_accuracy = 0.5551999807357788
eval_loss = 1.0248217582702637
eval_mae = 0.5374
eval_runtime = 17.1963
eval_samples_per_second = 290.76
