eval_accuracy = 0.5821999907493591
eval_loss = 0.9791183471679688
eval_mae = 0.4874
eval_runtime = 17.7287
eval_samples_per_second = 282.028
