eval_accuracy = 0.6007999777793884
eval_loss = 0.9546461701393127
eval_mae = 0.4612
eval_runtime = 16.6336
eval_samples_per_second = 300.596
