eval_accuracy = 0.48080000281333923
eval_loss = 1.3921970129013062
eval_mae = 0.6738
eval_runtime = 20.3303
eval_samples_per_second = 245.939
