eval_accuracy = 0.5559999942779541
eval_loss = 1.0243818759918213
eval_mae = 0.536
eval_runtime = 17.2435
eval_samples_per_second = 289.964
