eval_accuracy = 0.475600004196167
eval_loss = 1.3423737287521362
eval_mae = 0.6948
eval_runtime = 15.9513
eval_samples_per_second = 313.454
