eval_accuracy = 0.5809999704360962
eval_loss = 1.0183730125427246
eval_mae = 0.4938
eval_runtime = 21.1168
eval_samples_per_second = 236.778
