eval_accuracy = 0.5551999807357788
eval_loss = 1.0245906114578247
eval_mae = 0.5354
eval_runtime = 17.1856
eval_samples_per_second = 290.941
