eval_accuracy = 0.46779999136924744
eval_loss = 1.2968649864196777
eval_mae = 0.6816
eval_runtime = 24.0556
eval_samples_per_second = 207.851
