eval_accuracy = 0.506600022315979
eval_loss = 1.2285747528076172
eval_mae = 0.6206
eval_runtime = 22.2923
eval_samples_per_second = 224.292
