eval_accuracy = 0.5925999879837036
eval_loss = 0.9474900364875793
eval_mae = 0.4702
eval_runtime = 19.5474
eval_samples_per_second = 255.788
