eval_accuracy = 0.4397999942302704
eval_loss = 1.4431474208831787
eval_mae = 0.7292
eval_runtime = 20.6084
eval_samples_per_second = 242.62
