eval_accuracy = 0.5989999771118164
eval_loss = 0.9559035301208496
eval_mae = 0.4644
eval_runtime = 16.8538
eval_samples_per_second = 296.669
