eval_accuracy = 0.5076000094413757
eval_loss = 1.2307493686676025
eval_mae = 0.6238
eval_runtime = 19.0523
eval_samples_per_second = 262.436
