eval_accuracy = 0.5942000150680542
eval_loss = 1.008236289024353
eval_mae = 0.4672
eval_runtime = 16.5318
eval_samples_per_second = 302.447
