eval_accuracy = 0.5699999928474426
eval_loss = 0.9914477467536926
eval_mae = 0.5076
eval_runtime = 16.9801
eval_samples_per_second = 294.463
