eval_accuracy = 0.6377999782562256
eval_loss = 0.8911777138710022
eval_mae = 0.4132
eval_runtime = 18.55
eval_samples_per_second = 269.542
