eval_accuracy = 0.6366000175476074
eval_loss = 0.8894810676574707
eval_mae = 0.4144
eval_runtime = 21.2237
eval_samples_per_second = 235.586
