eval_accuracy = 0.5587999820709229
eval_loss = 1.0784244537353516
eval_mae = 0.5302
eval_runtime = 18.7333
eval_samples_per_second = 266.904
