eval_accuracy = 0.592199981212616
eval_loss = 0.9620599746704102
eval_mae = 0.4836
eval_runtime = 17.4942
eval_samples_per_second = 285.809
