eval_accuracy = 0.47540000081062317
eval_loss = 1.3494168519973755
eval_mae = 0.686
eval_runtime = 17.5438
eval_samples_per_second = 285.002
