eval_accuracy = 0.6380000114440918
eval_loss = 0.8886831998825073
eval_mae = 0.413
eval_runtime = 19.3462
eval_samples_per_second = 258.448
