eval_accuracy = 0.5565999746322632
eval_loss = 1.0752437114715576
eval_mae = 0.5232
eval_runtime = 18.3627
eval_samples_per_second = 272.292
