eval_accuracy = 0.47200000286102295
eval_loss = 1.3481082916259766
eval_mae = 0.687
eval_runtime = 16.7892
eval_samples_per_second = 297.811
