eval_accuracy = 0.504800021648407
eval_loss = 1.1765925884246826
eval_mae = 0.5896
eval_runtime = 17.3983
eval_samples_per_second = 287.384
