eval_accuracy = 0.46779999136924744
eval_loss = 1.2967844009399414
eval_mae = 0.6818
eval_runtime = 29.1979
eval_samples_per_second = 171.245
