eval_accuracy = 0.6039999723434448
eval_loss = 0.9468400478363037
eval_mae = 0.4576
eval_runtime = 17.2939
eval_samples_per_second = 289.119
