eval_accuracy = 0.5703999996185303
eval_loss = 1.0214314460754395
eval_mae = 0.508
eval_runtime = 17.4666
eval_samples_per_second = 286.261
