eval_accuracy = 0.5001999735832214
eval_loss = 1.2295145988464355
eval_mae = 0.6026
eval_runtime = 18.4606
eval_samples_per_second = 270.847
