eval_accuracy = 0.4397999942302704
eval_loss = 1.4429537057876587
eval_mae = 0.7292
eval_runtime = 27.0922
eval_samples_per_second = 184.555
