eval_accuracy = 0.6208000183105469
eval_loss = 0.9520822167396545
eval_mae = 0.4288
eval_runtime = 17.3257
eval_samples_per_second = 288.588
