eval_accuracy = 0.5658000111579895
eval_loss = 1.0141441822052002
eval_mae = 0.5054
eval_runtime = 16.581
eval_samples_per_second = 301.549
