eval_accuracy = 0.5493999719619751
eval_loss = 1.1477258205413818
eval_mae = 0.583
eval_runtime = 17.4008
eval_samples_per_second = 287.343
