eval_accuracy = 0.5483999848365784
eval_loss = 1.1484712362289429
eval_mae = 0.583
eval_runtime = 17.5299
eval_samples_per_second = 285.227
