eval_accuracy = 0.5586000084877014
eval_loss = 1.0674852132797241
eval_mae = 0.5284
eval_runtime = 20.492
eval_samples_per_second = 243.998
