eval_accuracy = 0.5465999841690063
eval_loss = 1.0857086181640625
eval_mae = 0.542
eval_runtime = 32.5707
eval_samples_per_second = 153.512
