eval_accuracy = 0.6051999926567078
eval_loss = 0.9465821981430054
eval_mae = 0.4568
eval_runtime = 17.2249
eval_samples_per_second = 290.277
