eval_accuracy = 0.5917999744415283
eval_loss = 0.948179304599762
eval_mae = 0.4714
eval_runtime = 23.9808
eval_samples_per_second = 208.5
