eval_accuracy = 0.5591999888420105
eval_loss = 1.080688714981079
eval_mae = 0.53
eval_runtime = 31.2625
eval_samples_per_second = 159.936
