eval_accuracy = 0.5803999900817871
eval_loss = 1.017946720123291
eval_mae = 0.496
eval_runtime = 21.1273
eval_samples_per_second = 236.661
