eval_accuracy = 0.5774000287055969
eval_loss = 1.0857943296432495
eval_mae = 0.5096
eval_runtime = 16.9797
eval_samples_per_second = 294.469
