eval_accuracy = 0.503000020980835
eval_loss = 1.155562162399292
eval_mae = 0.5874
eval_runtime = 17.2635
eval_samples_per_second = 289.628
