eval_accuracy = 0.5573999881744385
eval_loss = 1.0625841617584229
eval_mae = 0.5214
eval_runtime = 18.3309
eval_samples_per_second = 272.763
