eval_accuracy = 0.4837999939918518
eval_loss = 1.3515090942382812
eval_mae = 0.6702
eval_runtime = 20.3172
eval_samples_per_second = 246.097
