eval_accuracy = 0.6362000107765198
eval_loss = 0.8898486495018005
eval_mae = 0.4146
eval_runtime = 26.8444
eval_samples_per_second = 186.259
