eval_accuracy = 0.5564000010490417
eval_loss = 1.0802628993988037
eval_mae = 0.565
eval_runtime = 17.9077
eval_samples_per_second = 279.21
