eval_accuracy = 0.4991999864578247
eval_loss = 1.1499351263046265
eval_mae = 0.589
eval_runtime = 16.6913
eval_samples_per_second = 299.557
