eval_accuracy = 0.4745999872684479
eval_loss = 1.3437081575393677
eval_mae = 0.695
eval_runtime = 16.9123
eval_samples_per_second = 295.643
