eval_accuracy = 0.5001999735832214
eval_loss = 1.1551904678344727
eval_mae = 0.5918
eval_runtime = 17.3311
eval_samples_per_second = 288.498
