eval_accuracy = 0.5813999772071838
eval_loss = 0.978859007358551
eval_mae = 0.4884
eval_runtime = 18.2086
eval_samples_per_second = 274.595
