eval_accuracy = 0.6057999730110168
eval_loss = 0.9483121037483215
eval_mae = 0.4506
eval_runtime = 18.5606
eval_samples_per_second = 269.388
