eval_accuracy = 0.5825999975204468
eval_loss = 0.9793402552604675
eval_mae = 0.4872
eval_runtime = 17.3813
eval_samples_per_second = 287.665
