eval_accuracy = 0.5616000294685364
eval_loss = 1.0451058149337769
eval_mae = 0.5082
eval_runtime = 18.5589
eval_samples_per_second = 269.412
