eval_accuracy = 0.5924000144004822
eval_loss = 0.9474968910217285
eval_mae = 0.471
eval_runtime = 20.9521
eval_samples_per_second = 238.639
