eval_accuracy = 0.5631999969482422
eval_loss = 1.0126575231552124
eval_mae = 0.5082
eval_runtime = 16.4109
eval_samples_per_second = 304.676
