eval_accuracy = 0.6086000204086304
eval_loss = 0.950624406337738
eval_mae = 0.448
eval_runtime = 19.7812
eval_samples_per_second = 252.765
