eval_accuracy = 0.5600000023841858
eval_loss = 1.0788589715957642
eval_mae = 0.562
eval_runtime = 20.9343
eval_samples_per_second = 238.842
