eval_accuracy = 0.5008000135421753
eval_loss = 1.1577986478805542
eval_mae = 0.5902
eval_runtime = 17.3285
eval_samples_per_second = 288.543
