eval_accuracy = 0.5013999938964844
eval_loss = 1.152980089187622
eval_mae = 0.5892
eval_runtime = 17.1949
eval_samples_per_second = 290.784
