eval_accuracy = 0.5902000069618225
eval_loss = 0.9491701126098633
eval_mae = 0.4634
eval_runtime = 16.7045
eval_samples_per_second = 299.321
