eval_accuracy = 0.5651999711990356
eval_loss = 1.016228199005127
eval_mae = 0.5076
eval_runtime = 17.0725
eval_samples_per_second = 292.869
