eval_accuracy = 0.5799999833106995
eval_loss = 1.0121126174926758
eval_mae = 0.482
eval_runtime = 16.9389
eval_samples_per_second = 295.178
