eval_accuracy = 0.5618000030517578
eval_loss = 1.045167326927185
eval_mae = 0.5078
eval_runtime = 18.0644
eval_samples_per_second = 276.788
