eval_accuracy = 0.598800003528595
eval_loss = 0.9509771466255188
eval_mae = 0.4644
eval_runtime = 17.2621
eval_samples_per_second = 289.651
