eval_accuracy = 0.6190000176429749
eval_loss = 0.950164258480072
eval_mae = 0.4306
eval_runtime = 17.4781
eval_samples_per_second = 286.072
