eval_accuracy = 0.5271999835968018
eval_loss = 1.0537828207015991
eval_mae = 0.5706
eval_runtime = 16.8891
eval_samples_per_second = 296.048
