eval_accuracy = 0.604200005531311
eval_loss = 0.9464271664619446
eval_mae = 0.4566
eval_runtime = 17.5251
eval_samples_per_second = 285.305
