eval_accuracy = 0.5946000218391418
eval_loss = 1.0065034627914429
eval_mae = 0.467
eval_runtime = 17.2105
eval_samples_per_second = 290.52
