eval_accuracy = 0.5644000172615051
eval_loss = 1.0143320560455322
eval_mae = 0.5076
eval_runtime = 16.893
eval_samples_per_second = 295.98
