eval_accuracy = 0.6186000108718872
eval_loss = 0.9483824968338013
eval_mae = 0.4314
eval_runtime = 17.49
eval_samples_per_second = 285.877
