eval_accuracy = 0.5917999744415283
eval_loss = 0.9475564360618591
eval_mae = 0.4708
eval_runtime = 19.1089
eval_samples_per_second = 261.659
