eval_accuracy = 0.5659999847412109
eval_loss = 1.0142176151275635
eval_mae = 0.5068
eval_runtime = 16.2633
eval_samples_per_second = 307.442
