eval_accuracy = 0.4997999966144562
eval_loss = 1.2419978380203247
eval_mae = 0.5958
eval_runtime = 28.6615
eval_samples_per_second = 174.45
