eval_accuracy = 0.5478000044822693
eval_loss = 1.0858641862869263
eval_mae = 0.5408
eval_runtime = 18.2256
eval_samples_per_second = 274.339
