eval_accuracy = 0.5613999962806702
eval_loss = 1.0457026958465576
eval_mae = 0.5094
eval_runtime = 18.0673
eval_samples_per_second = 276.743
