eval_accuracy = 0.6018000245094299
eval_loss = 0.9358479380607605
eval_mae = 0.4542
eval_runtime = 17.0537
eval_samples_per_second = 293.191
