eval_accuracy = 0.4740000069141388
eval_loss = 1.3478257656097412
eval_mae = 0.6874
eval_runtime = 17.3162
eval_samples_per_second = 288.746
