eval_accuracy = 0.5464000105857849
eval_loss = 1.1444939374923706
eval_mae = 0.5806
eval_runtime = 17.4826
eval_samples_per_second = 285.998
