eval_accuracy = 0.5996000170707703
eval_loss = 0.9551020264625549
eval_mae = 0.4638
eval_runtime = 17.3751
eval_samples_per_second = 287.768
