eval_accuracy = 0.5753999948501587
eval_loss = 1.0057140588760376
eval_mae = 0.4964
eval_runtime = 16.8116
eval_samples_per_second = 297.413
