eval_accuracy = 0.6039999723434448
eval_loss = 0.9468775391578674
eval_mae = 0.4574
eval_runtime = 17.3147
eval_samples_per_second = 288.771
