eval_accuracy = 0.5821999907493591
eval_loss = 0.9785546660423279
eval_mae = 0.4876
eval_runtime = 17.3153
eval_samples_per_second = 288.761
