eval_accuracy = 0.4675999879837036
eval_loss = 1.2964974641799927
eval_mae = 0.682
eval_runtime = 27.454
eval_samples_per_second = 182.123
