eval_accuracy = 0.5496000051498413
eval_loss = 1.147505283355713
eval_mae = 0.5814
eval_runtime = 17.4218
eval_samples_per_second = 286.996
