eval_accuracy = 0.5630000233650208
eval_loss = 1.014792561531067
eval_mae = 0.5094
eval_runtime = 16.3129
eval_samples_per_second = 306.506
