eval_accuracy = 0.49720001220703125
eval_loss = 1.2390539646148682
eval_mae = 0.6474
eval_runtime = 23.6994
eval_samples_per_second = 210.976
