eval_accuracy = 0.5781999826431274
eval_loss = 1.014075756072998
eval_mae = 0.484
eval_runtime = 17.2856
eval_samples_per_second = 289.258
