eval_accuracy = 0.6345999836921692
eval_loss = 0.8911345601081848
eval_mae = 0.4158
eval_runtime = 25.4978
eval_samples_per_second = 196.096
