eval_accuracy = 0.5907999873161316
eval_loss = 0.9488513469696045
eval_mae = 0.4626
eval_runtime = 16.5017
eval_samples_per_second = 302.999
