eval_accuracy = 0.5077999830245972
eval_loss = 1.2295697927474976
eval_mae = 0.6194
eval_runtime = 18.3714
eval_samples_per_second = 272.162
