eval_accuracy = 0.5753999948501587
eval_loss = 1.084372639656067
eval_mae = 0.5108
eval_runtime = 17.1062
eval_samples_per_second = 292.291
