eval_accuracy = 0.574999988079071
eval_loss = 1.0846387147903442
eval_mae = 0.5092
eval_runtime = 16.1284
eval_samples_per_second = 310.013
