eval_accuracy = 0.5813999772071838
eval_loss = 1.0116305351257324
eval_mae = 0.4796
eval_runtime = 17.7148
eval_samples_per_second = 282.25
