eval_accuracy = 0.527400016784668
eval_loss = 1.052986741065979
eval_mae = 0.5694
eval_runtime = 16.6732
eval_samples_per_second = 299.882
