eval_accuracy = 0.5807999968528748
eval_loss = 0.9791712164878845
eval_mae = 0.4884
eval_runtime = 17.3324
eval_samples_per_second = 288.477
