eval_accuracy = 0.5956000089645386
eval_loss = 0.9605777263641357
eval_mae = 0.4792
eval_runtime = 17.3283
eval_samples_per_second = 288.546
