eval_accuracy = 0.5748000144958496
eval_loss = 1.0847806930541992
eval_mae = 0.5102
eval_runtime = 17.0422
eval_samples_per_second = 293.39
