eval_accuracy = 0.6007999777793884
eval_loss = 0.9355846643447876
eval_mae = 0.4554
eval_runtime = 16.4934
eval_samples_per_second = 303.151
