eval_accuracy = 0.4684000015258789
eval_loss = 1.338944911956787
eval_mae = 0.6882
eval_runtime = 18.1824
eval_samples_per_second = 274.991
