eval_accuracy = 0.5795999765396118
eval_loss = 1.0112802982330322
eval_mae = 0.4826
eval_runtime = 17.419
eval_samples_per_second = 287.044
