eval_accuracy = 0.5702000260353088
eval_loss = 1.0218400955200195
eval_mae = 0.5076
eval_runtime = 17.2196
eval_samples_per_second = 290.368
