eval_accuracy = 0.5270000100135803
eval_loss = 1.0539045333862305
eval_mae = 0.569
eval_runtime = 16.8799
eval_samples_per_second = 296.21
