eval_accuracy = 0.5741999745368958
eval_loss = 1.0060964822769165
eval_mae = 0.499
eval_runtime = 16.5985
eval_samples_per_second = 301.232
