eval_accuracy = 0.5709999799728394
eval_loss = 1.020721197128296
eval_mae = 0.5068
eval_runtime = 17.3324
eval_samples_per_second = 288.477
