eval_accuracy = 0.4749999940395355
eval_loss = 1.345022439956665
eval_mae = 0.6948
eval_runtime = 17.1919
eval_samples_per_second = 290.834
