eval_accuracy = 0.592199981212616
eval_loss = 0.9608014822006226
eval_mae = 0.4836
eval_runtime = 17.4238
eval_samples_per_second = 286.963
