eval_accuracy = 0.5482000112533569
eval_loss = 1.0851291418075562
eval_mae = 0.5406
eval_runtime = 21.3438
eval_samples_per_second = 234.26
