eval_accuracy = 0.5027999877929688
eval_loss = 1.177259922027588
eval_mae = 0.592
eval_runtime = 17.3614
eval_samples_per_second = 287.995
