eval_accuracy = 0.6362000107765198
eval_loss = 0.8896810412406921
eval_mae = 0.4148
eval_runtime = 27.1281
eval_samples_per_second = 184.31
