eval_accuracy = 0.6205999851226807
eval_loss = 0.9506949186325073
eval_mae = 0.4294
eval_runtime = 17.6814
eval_samples_per_second = 282.783
