eval_accuracy = 0.5910000205039978
eval_loss = 0.9481003880500793
eval_mae = 0.4624
eval_runtime = 17.3645
eval_samples_per_second = 287.944
