eval_accuracy = 0.5812000036239624
eval_loss = 1.0187009572982788
eval_mae = 0.4936
eval_runtime = 36.0957
eval_samples_per_second = 138.521
