eval_accuracy = 0.5917999744415283
eval_loss = 0.9609423875808716
eval_mae = 0.4838
eval_runtime = 17.3712
eval_samples_per_second = 287.833
