eval_accuracy = 0.5813999772071838
eval_loss = 1.0104652643203735
eval_mae = 0.4804
eval_runtime = 17.4282
eval_samples_per_second = 286.892
