eval_accuracy = 0.5067999958992004
eval_loss = 1.2284845113754272
eval_mae = 0.6206
eval_runtime = 21.4461
eval_samples_per_second = 233.143
