eval_accuracy = 0.5935999751091003
eval_loss = 0.9460667967796326
eval_mae = 0.4696
eval_runtime = 18.5813
eval_samples_per_second = 269.088
