eval_accuracy = 0.5496000051498413
eval_loss = 1.1459699869155884
eval_mae = 0.5818
eval_runtime = 17.4471
eval_samples_per_second = 286.581
