eval_accuracy = 0.5748000144958496
eval_loss = 1.0048701763153076
eval_mae = 0.497
eval_runtime = 16.1701
eval_samples_per_second = 309.212
