eval_accuracy = 0.5802000164985657
eval_loss = 1.011734962463379
eval_mae = 0.482
eval_runtime = 17.6222
eval_samples_per_second = 283.733
