eval_accuracy = 0.4828000068664551
eval_loss = 1.352229118347168
eval_mae = 0.6708
eval_runtime = 17.792
eval_samples_per_second = 281.025
