eval_accuracy = 0.5586000084877014
eval_loss = 1.0784364938735962
eval_mae = 0.5308
eval_runtime = 35.9815
eval_samples_per_second = 138.96
