eval_accuracy = 0.4986000061035156
eval_loss = 1.2316017150878906
eval_mae = 0.6038
eval_runtime = 18.397
eval_samples_per_second = 271.784
