eval_accuracy = 0.5932000279426575
eval_loss = 1.0066418647766113
eval_mae = 0.468
eval_runtime = 17.3475
eval_samples_per_second = 288.227
