eval_accuracy = 0.5027999877929688
eval_loss = 1.2422595024108887
eval_mae = 0.593
eval_runtime = 18.5956
eval_samples_per_second = 268.881
