eval_accuracy = 0.503600001335144
eval_loss = 1.1635267734527588
eval_mae = 0.5878
eval_runtime = 17.2866
eval_samples_per_second = 289.242
