eval_accuracy = 0.5934000015258789
eval_loss = 0.9472905993461609
eval_mae = 0.4692
eval_runtime = 18.8063
eval_samples_per_second = 265.868
