eval_accuracy = 0.6078000068664551
eval_loss = 0.9490266442298889
eval_mae = 0.4484
eval_runtime = 18.457
eval_samples_per_second = 270.9
