eval_accuracy = 0.4772000014781952
eval_loss = 1.3360559940338135
eval_mae = 0.6924
eval_runtime = 16.3688
eval_samples_per_second = 305.459
