eval_accuracy = 0.4970000088214874
eval_loss = 1.2372722625732422
eval_mae = 0.6474
eval_runtime = 18.5794
eval_samples_per_second = 269.116
