eval_accuracy = 0.438400000333786
eval_loss = 1.4433356523513794
eval_mae = 0.731
eval_runtime = 18.543
eval_samples_per_second = 269.643
