eval_accuracy = 0.6069999933242798
eval_loss = 0.9495453238487244
eval_mae = 0.4492
eval_runtime = 19.5585
eval_samples_per_second = 255.644
