eval_accuracy = 0.5648000240325928
eval_loss = 1.0145347118377686
eval_mae = 0.5078
eval_runtime = 17.045
eval_samples_per_second = 293.34
