eval_accuracy = 0.5709999799728394
eval_loss = 0.9906346797943115
eval_mae = 0.5074
eval_runtime = 16.884
eval_samples_per_second = 296.139
