eval_accuracy = 0.5644000172615051
eval_loss = 1.0149604082107544
eval_mae = 0.5068
eval_runtime = 16.2888
eval_samples_per_second = 306.959
