eval_accuracy = 0.5640000104904175
eval_loss = 1.0144802331924438
eval_mae = 0.5086
eval_runtime = 16.9998
eval_samples_per_second = 294.12
