eval_accuracy = 0.48080000281333923
eval_loss = 1.3917558193206787
eval_mae = 0.674
eval_runtime = 29.9813
eval_samples_per_second = 166.77
