eval_accuracy = 0.5619999766349792
eval_loss = 1.046006202697754
eval_mae = 0.5076
eval_runtime = 18.4618
eval_samples_per_second = 270.83
