eval_accuracy = 0.5795999765396118
eval_loss = 1.0117567777633667
eval_mae = 0.4826
eval_runtime = 17.3937
eval_samples_per_second = 287.46
