eval_accuracy = 0.4828000068664551
eval_loss = 1.351128101348877
eval_mae = 0.6714
eval_runtime = 17.7108
eval_samples_per_second = 282.314
