eval_accuracy = 0.6204000115394592
eval_loss = 0.9513294696807861
eval_mae = 0.4292
eval_runtime = 16.8507
eval_samples_per_second = 296.724
