eval_accuracy = 0.5012000203132629
eval_loss = 1.1766397953033447
eval_mae = 0.5938
eval_runtime = 17.3803
eval_samples_per_second = 287.681
