eval_accuracy = 0.43639999628067017
eval_loss = 1.4457279443740845
eval_mae = 0.7344
eval_runtime = 19.3116
eval_samples_per_second = 258.912
