eval_accuracy = 0.5702000260353088
eval_loss = 1.0209881067276
eval_mae = 0.5078
eval_runtime = 16.7498
eval_samples_per_second = 298.511
