eval_accuracy = 0.5943999886512756
eval_loss = 1.0062625408172607
eval_mae = 0.4664
eval_runtime = 17.2211
eval_samples_per_second = 290.342
