eval_accuracy = 0.5077999830245972
eval_loss = 1.2289268970489502
eval_mae = 0.6198
eval_runtime = 18.6677
eval_samples_per_second = 267.843
