eval_accuracy = 0.5803999900817871
eval_loss = 1.0186668634414673
eval_mae = 0.4948
eval_runtime = 35.9332
eval_samples_per_second = 139.147
