eval_accuracy = 0.5789999961853027
eval_loss = 1.0113470554351807
eval_mae = 0.4834
eval_runtime = 17.4138
eval_samples_per_second = 287.129
