eval_accuracy = 0.48100000619888306
eval_loss = 1.3897839784622192
eval_mae = 0.6732
eval_runtime = 19.6776
eval_samples_per_second = 254.096
