eval_accuracy = 0.5558000206947327
eval_loss = 1.0801270008087158
eval_mae = 0.5658
eval_runtime = 22.6422
eval_samples_per_second = 220.827
