eval_accuracy = 0.5651999711990356
eval_loss = 1.0159181356430054
eval_mae = 0.5064
eval_runtime = 17.0016
eval_samples_per_second = 294.091
