eval_accuracy = 0.5784000158309937
eval_loss = 1.0173953771591187
eval_mae = 0.4838
eval_runtime = 17.1342
eval_samples_per_second = 291.815
