eval_accuracy = 0.590399980545044
eval_loss = 0.9489623308181763
eval_mae = 0.4628
eval_runtime = 17.3187
eval_samples_per_second = 288.706
