eval_accuracy = 0.5284000039100647
eval_loss = 1.0540051460266113
eval_mae = 0.5682
eval_runtime = 16.921
eval_samples_per_second = 295.491
