eval_accuracy = 0.6358000040054321
eval_loss = 0.8893256783485413
eval_mae = 0.4152
eval_runtime = 22.0399
eval_samples_per_second = 226.861
