eval_accuracy = 0.5027999877929688
eval_loss = 1.1760354042053223
eval_mae = 0.5914
eval_runtime = 17.3762
eval_samples_per_second = 287.749
