eval_accuracy = 0.46939998865127563
eval_loss = 1.3518216609954834
eval_mae = 0.6934
eval_runtime = 17.4391
eval_samples_per_second = 286.713
