eval_accuracy = 0.5831999778747559
eval_loss = 0.9784464836120605
eval_mae = 0.4858
eval_runtime = 17.3239
eval_samples_per_second = 288.618
