eval_accuracy = 0.5702000260353088
eval_loss = 1.0210316181182861
eval_mae = 0.5078
eval_runtime = 16.5844
eval_samples_per_second = 301.487
