eval_accuracy = 0.6055999994277954
eval_loss = 0.9462689161300659
eval_mae = 0.4564
eval_runtime = 17.4156
eval_samples_per_second = 287.099
