eval_accuracy = 0.5950000286102295
eval_loss = 1.0057706832885742
eval_mae = 0.4664
eval_runtime = 17.1137
eval_samples_per_second = 292.163
