eval_accuracy = 0.5758000016212463
eval_loss = 1.084955096244812
eval_mae = 0.51
eval_runtime = 17.7477
eval_samples_per_second = 281.727
