eval_accuracy = 0.5590000152587891
eval_loss = 1.0630733966827393
eval_mae = 0.519
eval_runtime = 18.3087
eval_samples_per_second = 273.095
