eval_accuracy = 0.6366000175476074
eval_loss = 0.8895937204360962
eval_mae = 0.4144
eval_runtime = 22.5243
eval_samples_per_second = 221.982
