eval_accuracy = 0.49939998984336853
eval_loss = 1.2279328107833862
eval_mae = 0.6038
eval_runtime = 18.4899
eval_samples_per_second = 270.418
