eval_accuracy = 0.5924000144004822
eval_loss = 0.947585940361023
eval_mae = 0.4702
eval_runtime = 20.0857
eval_samples_per_second = 248.933
