eval_accuracy = 0.4821999967098236
eval_loss = 1.3516814708709717
eval_mae = 0.6732
eval_runtime = 18.5578
eval_samples_per_second = 269.429
