eval_accuracy = 0.47859999537467957
eval_loss = 1.3937251567840576
eval_mae = 0.6774
eval_runtime = 26.0158
eval_samples_per_second = 192.191
