eval_accuracy = 0.5464000105857849
eval_loss = 1.093126893043518
eval_mae = 0.5436
eval_runtime = 19.2214
eval_samples_per_second = 260.126
