eval_accuracy = 0.607200026512146
eval_loss = 0.9504978656768799
eval_mae = 0.4492
eval_runtime = 17.9405
eval_samples_per_second = 278.699
