eval_accuracy = 0.5271999835968018
eval_loss = 1.054091215133667
eval_mae = 0.5712
eval_runtime = 16.0808
eval_samples_per_second = 310.931
