eval_accuracy = 0.5925999879837036
eval_loss = 0.9484549760818481
eval_mae = 0.469
eval_runtime = 20.3589
eval_samples_per_second = 245.593
