eval_accuracy = 0.5702000260353088
eval_loss = 1.0196601152420044
eval_mae = 0.5082
eval_runtime = 17.2555
eval_samples_per_second = 289.763
