eval_accuracy = 0.6060000061988831
eval_loss = 0.946462094783783
eval_mae = 0.4562
eval_runtime = 17.1473
eval_samples_per_second = 291.59
