eval_accuracy = 0.6001999974250793
eval_loss = 0.9556959867477417
eval_mae = 0.4636
eval_runtime = 17.3729
eval_samples_per_second = 287.805
