eval_accuracy = 0.574999988079071
eval_loss = 1.083864450454712
eval_mae = 0.5112
eval_runtime = 17.0386
eval_samples_per_second = 293.451
