eval_accuracy = 0.5052000284194946
eval_loss = 1.2442742586135864
eval_mae = 0.6288
eval_runtime = 19.3879
eval_samples_per_second = 257.893
