eval_accuracy = 0.5532000064849854
eval_loss = 1.0252126455307007
eval_mae = 0.5386
eval_runtime = 17.2073
eval_samples_per_second = 290.575
