eval_accuracy = 0.5428000092506409
eval_loss = 1.0287609100341797
eval_mae = 0.5424
eval_runtime = 17.3451
eval_samples_per_second = 288.267
