eval_accuracy = 0.45840001106262207
eval_loss = 1.3659939765930176
eval_mae = 0.73
eval_runtime = 17.5324
eval_samples_per_second = 285.187
