eval_accuracy = 0.4747999906539917
eval_loss = 1.34285569190979
eval_mae = 0.6946
eval_runtime = 16.2991
eval_samples_per_second = 306.765
