eval_accuracy = 0.6018000245094299
eval_loss = 0.9358451962471008
eval_mae = 0.4546
eval_runtime = 17.0696
eval_samples_per_second = 292.918
