eval_accuracy = 0.5569999814033508
eval_loss = 1.046750545501709
eval_mae = 0.5132
eval_runtime = 18.1376
eval_samples_per_second = 275.67
