eval_accuracy = 0.49939998984336853
eval_loss = 1.1571801900863647
eval_mae = 0.5886
eval_runtime = 16.5048
eval_samples_per_second = 302.942
