eval_accuracy = 0.605400025844574
eval_loss = 0.9504980444908142
eval_mae = 0.4516
eval_runtime = 18.5383
eval_samples_per_second = 269.711
