eval_accuracy = 0.5898000001907349
eval_loss = 0.9486484527587891
eval_mae = 0.4638
eval_runtime = 16.5772
eval_samples_per_second = 301.619
