eval_accuracy = 0.47620001435279846
eval_loss = 1.3428000211715698
eval_mae = 0.6936
eval_runtime = 16.3773
eval_samples_per_second = 305.301
