eval_accuracy = 0.5004000067710876
eval_loss = 1.2421952486038208
eval_mae = 0.595
eval_runtime = 23.6165
eval_samples_per_second = 211.716
