eval_accuracy = 0.5920000076293945
eval_loss = 1.0063166618347168
eval_mae = 0.469
eval_runtime = 17.1178
eval_samples_per_second = 292.094
