eval_accuracy = 0.5558000206947327
eval_loss = 1.0802658796310425
eval_mae = 0.5654
eval_runtime = 25.9613
eval_samples_per_second = 192.595
