eval_accuracy = 0.5031999945640564
eval_loss = 1.1764470338821411
eval_mae = 0.5912
eval_runtime = 17.3581
eval_samples_per_second = 288.05
