eval_accuracy = 0.5447999835014343
eval_loss = 1.0304605960845947
eval_mae = 0.5404
eval_runtime = 17.3639
eval_samples_per_second = 287.955
