eval_accuracy = 0.5001999735832214
eval_loss = 1.2523444890975952
eval_mae = 0.5936
eval_runtime = 29.3371
eval_samples_per_second = 170.433
