eval_accuracy = 0.5827999711036682
eval_loss = 1.0188370943069458
eval_mae = 0.4942
eval_runtime = 18.9025
eval_samples_per_second = 264.516
