eval_accuracy = 0.4586000144481659
eval_loss = 1.3671436309814453
eval_mae = 0.732
eval_runtime = 16.7965
eval_samples_per_second = 297.681
