eval_accuracy = 0.5586000084877014
eval_loss = 1.0785917043685913
eval_mae = 0.5308
eval_runtime = 24.8347
eval_samples_per_second = 201.331
