eval_accuracy = 0.5699999928474426
eval_loss = 1.0213112831115723
eval_mae = 0.5076
eval_runtime = 16.4896
eval_samples_per_second = 303.222
