eval_accuracy = 0.5896000266075134
eval_loss = 0.9489652514457703
eval_mae = 0.4644
eval_runtime = 16.2026
eval_samples_per_second = 308.592
