eval_accuracy = 0.5644000172615051
eval_loss = 1.0145275592803955
eval_mae = 0.5074
eval_runtime = 16.4546
eval_samples_per_second = 303.867
