eval_accuracy = 0.46939998865127563
eval_loss = 1.332336664199829
eval_mae = 0.6866
eval_runtime = 19.6531
eval_samples_per_second = 254.413
