eval_accuracy = 0.5573999881744385
eval_loss = 1.0257622003555298
eval_mae = 0.535
eval_runtime = 17.2645
eval_samples_per_second = 289.611
