eval_accuracy = 0.5478000044822693
eval_loss = 1.0859757661819458
eval_mae = 0.5414
eval_runtime = 34.2695
eval_samples_per_second = 145.902
