eval_accuracy = 0.5777999758720398
eval_loss = 1.017402172088623
eval_mae = 0.4844
eval_runtime = 17.4787
eval_samples_per_second = 286.062
