eval_accuracy = 0.576200008392334
eval_loss = 1.005629539489746
eval_mae = 0.4954
eval_runtime = 17.3782
eval_samples_per_second = 287.716
