eval_accuracy = 0.5565999746322632
eval_loss = 1.0805586576461792
eval_mae = 0.5648
eval_runtime = 18.2177
eval_samples_per_second = 274.458
