eval_accuracy = 0.5008000135421753
eval_loss = 1.2431191205978394
eval_mae = 0.5948
eval_runtime = 19.0398
eval_samples_per_second = 262.608
