eval_accuracy = 0.49880000948905945
eval_loss = 1.2288818359375
eval_mae = 0.6042
eval_runtime = 18.3751
eval_samples_per_second = 272.107
