eval_accuracy = 0.5583999752998352
eval_loss = 1.0626726150512695
eval_mae = 0.5202
eval_runtime = 18.3294
eval_samples_per_second = 272.786
