eval_accuracy = 0.5934000015258789
eval_loss = 0.960883617401123
eval_mae = 0.4824
eval_runtime = 17.58
eval_samples_per_second = 284.414
