eval_accuracy = 0.503600001335144
eval_loss = 1.1769394874572754
eval_mae = 0.5918
eval_runtime = 17.4356
eval_samples_per_second = 286.769
