eval_accuracy = 0.5748000144958496
eval_loss = 1.0059560537338257
eval_mae = 0.497
eval_runtime = 17.1732
eval_samples_per_second = 291.152
