eval_accuracy = 0.5834000110626221
eval_loss = 0.9785517454147339
eval_mae = 0.4866
eval_runtime = 17.3756
eval_samples_per_second = 287.759
