eval_accuracy = 0.5703999996185303
eval_loss = 1.018696665763855
eval_mae = 0.506
eval_runtime = 17.3085
eval_samples_per_second = 288.876
