eval_accuracy = 0.6032000184059143
eval_loss = 0.9450565576553345
eval_mae = 0.4574
eval_runtime = 17.5823
eval_samples_per_second = 284.378
