eval_accuracy = 0.504800021648407
eval_loss = 1.1752111911773682
eval_mae = 0.5898
eval_runtime = 16.7098
eval_samples_per_second = 299.225
