eval_accuracy = 0.5551999807357788
eval_loss = 1.0239254236221313
eval_mae = 0.5348
eval_runtime = 17.3064
eval_samples_per_second = 288.91
