eval_accuracy = 0.5758000016212463
eval_loss = 1.0066334009170532
eval_mae = 0.4962
eval_runtime = 16.3973
eval_samples_per_second = 304.929
