eval_accuracy = 0.4805999994277954
eval_loss = 1.3909872770309448
eval_mae = 0.6746
eval_runtime = 20.8803
eval_samples_per_second = 239.461
