eval_accuracy = 0.47920000553131104
eval_loss = 1.3921053409576416
eval_mae = 0.6786
eval_runtime = 18.2613
eval_samples_per_second = 273.803
