eval_accuracy = 0.49720001220703125
eval_loss = 1.2388343811035156
eval_mae = 0.6474
eval_runtime = 26.8917
eval_samples_per_second = 185.931
