eval_accuracy = 0.579800009727478
eval_loss = 1.0118050575256348
eval_mae = 0.4818
eval_runtime = 17.4032
eval_samples_per_second = 287.303
