eval_accuracy = 0.579200029373169
eval_loss = 1.0169188976287842
eval_mae = 0.4826
eval_runtime = 16.4614
eval_samples_per_second = 303.742
