eval_accuracy = 0.5795999765396118
eval_loss = 1.0109013319015503
eval_mae = 0.4822
eval_runtime = 17.482
eval_samples_per_second = 286.009
