eval_accuracy = 0.5663999915122986
eval_loss = 1.016011357307434
eval_mae = 0.507
eval_runtime = 16.9798
eval_samples_per_second = 294.468
