eval_accuracy = 0.5019999742507935
eval_loss = 1.176113486289978
eval_mae = 0.5924
eval_runtime = 17.375
eval_samples_per_second = 287.77
