eval_accuracy = 0.6018000245094299
eval_loss = 0.9357937574386597
eval_mae = 0.4544
eval_runtime = 17.0273
eval_samples_per_second = 293.645
