eval_accuracy = 0.5717999935150146
eval_loss = 1.0204741954803467
eval_mae = 0.506
eval_runtime = 16.7679
eval_samples_per_second = 298.189
