eval_accuracy = 0.5932000279426575
eval_loss = 0.9608720541000366
eval_mae = 0.4826
eval_runtime = 17.4465
eval_samples_per_second = 286.591
