eval_accuracy = 0.5493999719619751
eval_loss = 1.1475098133087158
eval_mae = 0.5814
eval_runtime = 17.4718
eval_samples_per_second = 286.175
