eval_accuracy = 0.48339998722076416
eval_loss = 1.3523945808410645
eval_mae = 0.6704
eval_runtime = 23.7672
eval_samples_per_second = 210.374
