eval_accuracy = 0.5756000280380249
eval_loss = 1.0831670761108398
eval_mae = 0.5094
eval_runtime = 18.0757
eval_samples_per_second = 276.614
