eval_accuracy = 0.6025999784469604
eval_loss = 0.935992956161499
eval_mae = 0.453
eval_runtime = 16.9967
eval_samples_per_second = 294.174
