eval_accuracy = 0.4970000088214874
eval_loss = 1.2387635707855225
eval_mae = 0.647
eval_runtime = 18.1367
eval_samples_per_second = 275.684
