eval_accuracy = 0.5446000099182129
eval_loss = 1.0283666849136353
eval_mae = 0.5402
eval_runtime = 17.3831
eval_samples_per_second = 287.635
