eval_accuracy = 0.6204000115394592
eval_loss = 0.9507923126220703
eval_mae = 0.429
eval_runtime = 17.4658
eval_samples_per_second = 286.275
