eval_accuracy = 0.545799970626831
eval_loss = 1.0301200151443481
eval_mae = 0.539
eval_runtime = 16.8845
eval_samples_per_second = 296.13
