eval_accuracy = 0.4392000138759613
eval_loss = 1.4443527460098267
eval_mae = 0.7308
eval_runtime = 18.7947
eval_samples_per_second = 266.033
