eval_accuracy = 0.5267999768257141
eval_loss = 1.053259015083313
eval_mae = 0.5694
eval_runtime = 17.0295
eval_samples_per_second = 293.607
