eval_accuracy = 0.5044000148773193
eval_loss = 1.1773111820220947
eval_mae = 0.59
eval_runtime = 16.7189
eval_samples_per_second = 299.064
