eval_accuracy = 0.5598000288009644
eval_loss = 1.0449904203414917
eval_mae = 0.5092
eval_runtime = 19.1789
eval_samples_per_second = 260.703
