eval_accuracy = 0.5703999996185303
eval_loss = 1.0206960439682007
eval_mae = 0.5074
eval_runtime = 17.2677
eval_samples_per_second = 289.558
