eval_accuracy = 0.5573999881744385
eval_loss = 1.0780383348464966
eval_mae = 0.532
eval_runtime = 18.3211
eval_samples_per_second = 272.91
