eval_accuracy = 0.6018000245094299
eval_loss = 0.9364174008369446
eval_mae = 0.4538
eval_runtime = 17.1321
eval_samples_per_second = 291.85
