eval_accuracy = 0.527400016784668
eval_loss = 1.0547895431518555
eval_mae = 0.5706
eval_runtime = 16.2669
eval_samples_per_second = 307.373
