eval_accuracy = 0.46860000491142273
eval_loss = 1.3389378786087036
eval_mae = 0.688
eval_runtime = 33.7303
eval_samples_per_second = 148.235
