eval_accuracy = 0.4399999976158142
eval_loss = 1.4424495697021484
eval_mae = 0.7284
eval_runtime = 18.9076
eval_samples_per_second = 264.445
