eval_accuracy = 0.5708000063896179
eval_loss = 1.0214567184448242
eval_mae = 0.5062
eval_runtime = 17.3103
eval_samples_per_second = 288.845
