eval_accuracy = 0.5893999934196472
eval_loss = 0.9487003684043884
eval_mae = 0.4638
eval_runtime = 17.3246
eval_samples_per_second = 288.606
