eval_accuracy = 0.5618000030517578
eval_loss = 1.0450806617736816
eval_mae = 0.5074
eval_runtime = 18.0826
eval_samples_per_second = 276.508
