eval_accuracy = 0.5460000038146973
eval_loss = 1.0273936986923218
eval_mae = 0.5372
eval_runtime = 16.4593
eval_samples_per_second = 303.779
