eval_accuracy = 0.4973999857902527
eval_loss = 1.2305032014846802
eval_mae = 0.6064
eval_runtime = 33.7063
eval_samples_per_second = 148.34
