eval_accuracy = 0.4578000009059906
eval_loss = 1.3667120933532715
eval_mae = 0.731
eval_runtime = 17.615
eval_samples_per_second = 283.849
