eval_accuracy = 0.5564000010490417
eval_loss = 1.0800817012786865
eval_mae = 0.5656
eval_runtime = 33.0532
eval_samples_per_second = 151.271
