eval_accuracy = 0.5504000186920166
eval_loss = 1.0847249031066895
eval_mae = 0.5364
eval_runtime = 24.0397
eval_samples_per_second = 207.989
