eval_accuracy = 0.5580000281333923
eval_loss = 1.0770726203918457
eval_mae = 0.5308
eval_runtime = 19.8991
eval_samples_per_second = 251.267
