eval_accuracy = 0.5938000082969666
eval_loss = 0.9608089923858643
eval_mae = 0.4822
eval_runtime = 17.2868
eval_samples_per_second = 289.238
