eval_accuracy = 0.6345999836921692
eval_loss = 0.8895881772041321
eval_mae = 0.4174
eval_runtime = 21.2465
eval_samples_per_second = 235.332
