eval_accuracy = 0.598800003528595
eval_loss = 0.9557085037231445
eval_mae = 0.465
eval_runtime = 16.7655
eval_samples_per_second = 298.231
