eval_accuracy = 0.5623999834060669
eval_loss = 1.048932671546936
eval_mae = 0.508
eval_runtime = 18.5485
eval_samples_per_second = 269.563
