eval_accuracy = 0.5266000032424927
eval_loss = 1.0530602931976318
eval_mae = 0.5714
eval_runtime = 16.3399
eval_samples_per_second = 305.999
