eval_accuracy = 0.45719999074935913
eval_loss = 1.3644967079162598
eval_mae = 0.7326
eval_runtime = 17.5357
eval_samples_per_second = 285.133
