eval_accuracy = 0.6010000109672546
eval_loss = 0.9559420943260193
eval_mae = 0.4628
eval_runtime = 17.2755
eval_samples_per_second = 289.427
