eval_accuracy = 0.5504000186920166
eval_loss = 1.1477408409118652
eval_mae = 0.5804
eval_runtime = 17.5005
eval_samples_per_second = 285.706
