eval_accuracy = 0.6057999730110168
eval_loss = 0.9458394646644592
eval_mae = 0.4556
eval_runtime = 17.3495
eval_samples_per_second = 288.192
