eval_accuracy = 0.5590000152587891
eval_loss = 1.0780147314071655
eval_mae = 0.5302
eval_runtime = 18.23
eval_samples_per_second = 274.273
