eval_accuracy = 0.592199981212616
eval_loss = 0.9611912369728088
eval_mae = 0.4844
eval_runtime = 17.2994
eval_samples_per_second = 289.027
