eval_accuracy = 0.5580000281333923
eval_loss = 1.0625783205032349
eval_mae = 0.519
eval_runtime = 18.4997
eval_samples_per_second = 270.275
