eval_accuracy = 0.6358000040054321
eval_loss = 0.8892726302146912
eval_mae = 0.4162
eval_runtime = 22.1504
eval_samples_per_second = 225.73
