eval_accuracy = 0.5821999907493591
eval_loss = 0.9779597520828247
eval_mae = 0.4872
eval_runtime = 16.6497
eval_samples_per_second = 300.306
