eval_accuracy = 0.5934000015258789
eval_loss = 1.0083537101745605
eval_mae = 0.4686
eval_runtime = 16.6137
eval_samples_per_second = 300.956
