eval_accuracy = 0.4997999966144562
eval_loss = 1.2406880855560303
eval_mae = 0.595
eval_runtime = 18.5705
eval_samples_per_second = 269.244
