eval_accuracy = 0.49959999322891235
eval_loss = 1.1557220220565796
eval_mae = 0.5908
eval_runtime = 16.1767
eval_samples_per_second = 309.087
