eval_accuracy = 0.5758000016212463
eval_loss = 1.0847238302230835
eval_mae = 0.509
eval_runtime = 17.0112
eval_samples_per_second = 293.925
