eval_accuracy = 0.5266000032424927
eval_loss = 1.054040789604187
eval_mae = 0.57
eval_runtime = 16.9234
eval_samples_per_second = 295.448
