eval_accuracy = 0.5753999948501587
eval_loss = 1.0061513185501099
eval_mae = 0.4956
eval_runtime = 16.4487
eval_samples_per_second = 303.975
