eval_accuracy = 0.5928000211715698
eval_loss = 0.9604810476303101
eval_mae = 0.4828
eval_runtime = 17.3707
eval_samples_per_second = 287.84
