eval_accuracy = 0.5812000036239624
eval_loss = 1.0115113258361816
eval_mae = 0.481
eval_runtime = 17.5807
eval_samples_per_second = 284.402
