eval_accuracy = 0.5934000015258789
eval_loss = 0.960866391658783
eval_mae = 0.4822
eval_runtime = 17.6427
eval_samples_per_second = 283.403
