eval_accuracy = 0.49720001220703125
eval_loss = 1.2385284900665283
eval_mae = 0.647
eval_runtime = 25.1237
eval_samples_per_second = 199.015
