eval_accuracy = 0.4830000102519989
eval_loss = 1.3540784120559692
eval_mae = 0.6718
eval_runtime = 18.0767
eval_samples_per_second = 276.6
