eval_accuracy = 0.5605999827384949
eval_loss = 1.0459743738174438
eval_mae = 0.5088
eval_runtime = 19.9161
eval_samples_per_second = 251.053
