eval_accuracy = 0.4575999975204468
eval_loss = 1.3663630485534668
eval_mae = 0.7322
eval_runtime = 17.3788
eval_samples_per_second = 287.707
