eval_accuracy = 0.5834000110626221
eval_loss = 0.9796451330184937
eval_mae = 0.4874
eval_runtime = 17.4442
eval_samples_per_second = 286.628
