eval_accuracy = 0.5812000036239624
eval_loss = 0.9782363176345825
eval_mae = 0.4884
eval_runtime = 17.394
eval_samples_per_second = 287.456
