eval_accuracy = 0.5702000260353088
eval_loss = 1.0208970308303833
eval_mae = 0.5082
eval_runtime = 17.3063
eval_samples_per_second = 288.911
