eval_accuracy = 0.5587999820709229
eval_loss = 1.0784720182418823
eval_mae = 0.5306
eval_runtime = 20.3849
eval_samples_per_second = 245.28
