eval_accuracy = 0.4675999879837036
eval_loss = 1.2964136600494385
eval_mae = 0.6818
eval_runtime = 27.716
eval_samples_per_second = 180.401
