eval_accuracy = 0.5924000144004822
eval_loss = 0.9607725739479065
eval_mae = 0.4832
eval_runtime = 17.4003
eval_samples_per_second = 287.351
