eval_accuracy = 0.5916000008583069
eval_loss = 0.9608498215675354
eval_mae = 0.4848
eval_runtime = 16.6902
eval_samples_per_second = 299.578
