eval_accuracy = 0.4991999864578247
eval_loss = 1.227368712425232
eval_mae = 0.6036
eval_runtime = 18.4684
eval_samples_per_second = 270.732
