eval_accuracy = 0.5734000205993652
eval_loss = 1.082415223121643
eval_mae = 0.513
eval_runtime = 16.5667
eval_samples_per_second = 301.81
