eval_accuracy = 0.5914000272750854
eval_loss = 0.947765052318573
eval_mae = 0.4702
eval_runtime = 18.6029
eval_samples_per_second = 268.776
