eval_accuracy = 0.5612000226974487
eval_loss = 1.0451736450195312
eval_mae = 0.508
eval_runtime = 19.4078
eval_samples_per_second = 257.628
