eval_accuracy = 0.5004000067710876
eval_loss = 1.155251383781433
eval_mae = 0.5898
eval_runtime = 17.3473
eval_samples_per_second = 288.23
