eval_accuracy = 0.5005999803543091
eval_loss = 1.2419298887252808
eval_mae = 0.595
eval_runtime = 19.4373
eval_samples_per_second = 257.237
