eval_accuracy = 0.5034000277519226
eval_loss = 1.175671935081482
eval_mae = 0.5906
eval_runtime = 17.3196
eval_samples_per_second = 288.69
