eval_accuracy = 0.5896000266075134
eval_loss = 0.9603568315505981
eval_mae = 0.4866
eval_runtime = 16.6608
eval_samples_per_second = 300.107
