eval_accuracy = 0.5803999900817871
eval_loss = 1.0184344053268433
eval_mae = 0.4942
eval_runtime = 18.5023
eval_samples_per_second = 270.237
