eval_accuracy = 0.557200014591217
eval_loss = 1.0250316858291626
eval_mae = 0.5344
eval_runtime = 17.3524
eval_samples_per_second = 288.144
