eval_accuracy = 0.6065999865531921
eval_loss = 0.9499132633209229
eval_mae = 0.4494
eval_runtime = 26.3261
eval_samples_per_second = 189.925
