eval_accuracy = 0.5770000219345093
eval_loss = 1.0053656101226807
eval_mae = 0.495
eval_runtime = 16.3751
eval_samples_per_second = 305.342
