eval_accuracy = 0.5062000155448914
eval_loss = 1.2300257682800293
eval_mae = 0.6212
eval_runtime = 20.2812
eval_samples_per_second = 246.534
