eval_accuracy = 0.5491999983787537
eval_loss = 1.1481438875198364
eval_mae = 0.5824
eval_runtime = 17.3654
eval_samples_per_second = 287.929
