eval_accuracy = 0.5702000260353088
eval_loss = 0.997122049331665
eval_mae = 0.507
eval_runtime = 17.0335
eval_samples_per_second = 293.54
