eval_accuracy = 0.4997999966144562
eval_loss = 1.155550241470337
eval_mae = 0.591
eval_runtime = 16.6381
eval_samples_per_second = 300.516
