eval_accuracy = 0.527999997138977
eval_loss = 1.052893042564392
eval_mae = 0.57
eval_runtime = 16.3465
eval_samples_per_second = 305.876
