eval_accuracy = 0.6064000129699707
eval_loss = 0.94204181432724
eval_mae = 0.4548
eval_runtime = 17.3406
eval_samples_per_second = 288.34
