eval_accuracy = 0.5005999803543091
eval_loss = 1.2279945611953735
eval_mae = 0.6028
eval_runtime = 18.3681
eval_samples_per_second = 272.211
