eval_accuracy = 0.5058000087738037
eval_loss = 1.2249746322631836
eval_mae = 0.6214
eval_runtime = 19.2266
eval_samples_per_second = 260.056
