eval_accuracy = 0.5008000135421753
eval_loss = 1.1841044425964355
eval_mae = 0.5954
eval_runtime = 16.3858
eval_samples_per_second = 305.143
