eval_accuracy = 0.4553999900817871
eval_loss = 1.365512490272522
eval_mae = 0.7344
eval_runtime = 16.7349
eval_samples_per_second = 298.777
