eval_accuracy = 0.5938000082969666
eval_loss = 1.0065869092941284
eval_mae = 0.4678
eval_runtime = 17.2164
eval_samples_per_second = 290.421
