eval_accuracy = 0.5586000084877014
eval_loss = 1.078415036201477
eval_mae = 0.5308
eval_runtime = 19.9643
eval_samples_per_second = 250.447
