eval_accuracy = 0.5910000205039978
eval_loss = 0.9485990405082703
eval_mae = 0.4618
eval_runtime = 16.2758
eval_samples_per_second = 307.205
