eval_accuracy = 0.5266000032424927
eval_loss = 1.053408145904541
eval_mae = 0.5722
eval_runtime = 16.847
eval_samples_per_second = 296.788
