eval_accuracy = 0.5917999744415283
eval_loss = 0.9477687478065491
eval_mae = 0.4714
eval_runtime = 21.1976
eval_samples_per_second = 235.876
