eval_accuracy = 0.5455999970436096
eval_loss = 1.0294214487075806
eval_mae = 0.539
eval_runtime = 17.3981
eval_samples_per_second = 287.388
