eval_accuracy = 0.5767999887466431
eval_loss = 1.0800070762634277
eval_mae = 0.5112
eval_runtime = 16.0683
eval_samples_per_second = 311.171
