eval_accuracy = 0.5483999848365784
eval_loss = 1.1476370096206665
eval_mae = 0.5826
eval_runtime = 16.4521
eval_samples_per_second = 303.913
