eval_accuracy = 0.5608000159263611
eval_loss = 1.04558265209198
eval_mae = 0.5084
eval_runtime = 21.7828
eval_samples_per_second = 229.539
