eval_accuracy = 0.49939998984336853
eval_loss = 1.23129141330719
eval_mae = 0.6042
eval_runtime = 18.374
eval_samples_per_second = 272.124
