eval_accuracy = 0.5590000152587891
eval_loss = 1.0791765451431274
eval_mae = 0.5304
eval_runtime = 18.5943
eval_samples_per_second = 268.899
