eval_accuracy = 0.5070000290870667
eval_loss = 1.2285363674163818
eval_mae = 0.6204
eval_runtime = 18.9209
eval_samples_per_second = 264.257
