eval_accuracy = 0.5424000024795532
eval_loss = 1.031605839729309
eval_mae = 0.5424
eval_runtime = 17.3465
eval_samples_per_second = 288.243
