eval_accuracy = 0.5997999906539917
eval_loss = 0.9537843465805054
eval_mae = 0.4648
eval_runtime = 17.2548
eval_samples_per_second = 289.775
