eval_accuracy = 0.6019999980926514
eval_loss = 0.9526480436325073
eval_mae = 0.4586
eval_runtime = 16.651
eval_samples_per_second = 300.282
