eval_accuracy = 0.5928000211715698
eval_loss = 0.9464871883392334
eval_mae = 0.4696
eval_runtime = 22.2395
eval_samples_per_second = 224.825
