eval_accuracy = 0.43939998745918274
eval_loss = 1.4426956176757812
eval_mae = 0.7288
eval_runtime = 30.9415
eval_samples_per_second = 161.595
