eval_accuracy = 0.49720001220703125
eval_loss = 1.2386937141418457
eval_mae = 0.6474
eval_runtime = 31.4409
eval_samples_per_second = 159.029
