eval_accuracy = 0.5929999947547913
eval_loss = 1.008556604385376
eval_mae = 0.4684
eval_runtime = 17.1584
eval_samples_per_second = 291.402
