eval_accuracy = 0.5559999942779541
eval_loss = 1.0802435874938965
eval_mae = 0.5652
eval_runtime = 27.3409
eval_samples_per_second = 182.876
