eval_accuracy = 0.5758000016212463
eval_loss = 1.005425214767456
eval_mae = 0.496
eval_runtime = 17.3885
eval_samples_per_second = 287.546
