eval_accuracy = 0.5616000294685364
eval_loss = 1.0452947616577148
eval_mae = 0.5076
eval_runtime = 18.0488
eval_samples_per_second = 277.026
