eval_accuracy = 0.5685999989509583
eval_loss = 0.99105304479599
eval_mae = 0.5108
eval_runtime = 16.9804
eval_samples_per_second = 294.457
