eval_accuracy = 0.4970000088214874
eval_loss = 1.2385143041610718
eval_mae = 0.6494
eval_runtime = 29.7201
eval_samples_per_second = 168.236
