eval_accuracy = 0.5586000084877014
eval_loss = 1.0786391496658325
eval_mae = 0.5308
eval_runtime = 33.3944
eval_samples_per_second = 149.726
