eval_accuracy = 0.4551999866962433
eval_loss = 1.35921049118042
eval_mae = 0.7332
eval_runtime = 16.7609
eval_samples_per_second = 298.314
