eval_accuracy = 0.6370000243186951
eval_loss = 0.8884962201118469
eval_mae = 0.414
eval_runtime = 19.0763
eval_samples_per_second = 262.105
