eval_accuracy = 0.4821999967098236
eval_loss = 1.3541806936264038
eval_mae = 0.6716
eval_runtime = 20.8755
eval_samples_per_second = 239.516
