eval_accuracy = 0.49939998984336853
eval_loss = 1.1554902791976929
eval_mae = 0.5914
eval_runtime = 17.3214
eval_samples_per_second = 288.66
