eval_accuracy = 0.5019999742507935
eval_loss = 1.2284116744995117
eval_mae = 0.6248
eval_runtime = 19.3099
eval_samples_per_second = 258.934
