eval_accuracy = 0.579800009727478
eval_loss = 1.0181851387023926
eval_mae = 0.4954
eval_runtime = 35.3449
eval_samples_per_second = 141.463
