eval_accuracy = 0.4860000014305115
eval_loss = 1.3523579835891724
eval_mae = 0.6664
eval_runtime = 21.5871
eval_samples_per_second = 231.62
