eval_accuracy = 0.6362000107765198
eval_loss = 0.8897390365600586
eval_mae = 0.4148
eval_runtime = 19.9908
eval_samples_per_second = 250.116
