eval_accuracy = 0.5473999977111816
eval_loss = 1.078721046447754
eval_mae = 0.5402
eval_runtime = 25.6699
eval_samples_per_second = 194.781
