eval_accuracy = 0.5070000290870667
eval_loss = 1.228581190109253
eval_mae = 0.621
eval_runtime = 22.3919
eval_samples_per_second = 223.295
