eval_accuracy = 0.4790000021457672
eval_loss = 1.392378330230713
eval_mae = 0.6782
eval_runtime = 18.5854
eval_samples_per_second = 269.028
