eval_accuracy = 0.47440001368522644
eval_loss = 1.3440090417861938
eval_mae = 0.6958
eval_runtime = 16.4144
eval_samples_per_second = 304.61
