eval_accuracy = 0.5565999746322632
eval_loss = 1.0245814323425293
eval_mae = 0.534
eval_runtime = 17.2578
eval_samples_per_second = 289.723
