eval_accuracy = 0.48080000281333923
eval_loss = 1.39231276512146
eval_mae = 0.6734
eval_runtime = 30.7648
eval_samples_per_second = 162.523
