eval_accuracy = 0.4708000123500824
eval_loss = 1.34870183467865
eval_mae = 0.6914
eval_runtime = 16.7175
eval_samples_per_second = 299.088
