eval_accuracy = 0.4991999864578247
eval_loss = 1.2253127098083496
eval_mae = 0.6034
eval_runtime = 18.8908
eval_samples_per_second = 264.679
