eval_accuracy = 0.5766000151634216
eval_loss = 1.005645513534546
eval_mae = 0.495
eval_runtime = 17.1765
eval_samples_per_second = 291.096
