eval_accuracy = 0.5562000274658203
eval_loss = 1.0802021026611328
eval_mae = 0.5668
eval_runtime = 17.7754
eval_samples_per_second = 281.288
