eval_accuracy = 0.5587999820709229
eval_loss = 1.0787733793258667
eval_mae = 0.5304
eval_runtime = 33.8568
eval_samples_per_second = 147.681
