eval_accuracy = 0.49939998984336853
eval_loss = 1.1556183099746704
eval_mae = 0.5908
eval_runtime = 17.3097
eval_samples_per_second = 288.855
