eval_accuracy = 0.4830000102519989
eval_loss = 1.3527888059616089
eval_mae = 0.6704
eval_runtime = 18.14
eval_samples_per_second = 275.634
