eval_accuracy = 0.4797999858856201
eval_loss = 1.3926459550857544
eval_mae = 0.676
eval_runtime = 22.3302
eval_samples_per_second = 223.912
