eval_accuracy = 0.5812000036239624
eval_loss = 1.011542558670044
eval_mae = 0.4808
eval_runtime = 17.5217
eval_samples_per_second = 285.361
