eval_accuracy = 0.6055999994277954
eval_loss = 0.9459363222122192
eval_mae = 0.4562
eval_runtime = 17.2353
eval_samples_per_second = 290.102
