eval_accuracy = 0.4726000130176544
eval_loss = 1.3582485914230347
eval_mae = 0.6886
eval_runtime = 17.297
eval_samples_per_second = 289.067
