eval_accuracy = 0.4569999873638153
eval_loss = 1.3662861585617065
eval_mae = 0.7334
eval_runtime = 16.4833
eval_samples_per_second = 303.337
