eval_accuracy = 0.48080000281333923
eval_loss = 1.3919938802719116
eval_mae = 0.6738
eval_runtime = 34.1552
eval_samples_per_second = 146.391
