eval_accuracy = 0.45680001378059387
eval_loss = 1.3671499490737915
eval_mae = 0.7324
eval_runtime = 17.3261
eval_samples_per_second = 288.582
