eval_accuracy = 0.5005999803543091
eval_loss = 1.155559778213501
eval_mae = 0.5896
eval_runtime = 17.4114
eval_samples_per_second = 287.168
