eval_accuracy = 0.5541999936103821
eval_loss = 1.024864673614502
eval_mae = 0.5362
eval_runtime = 17.4663
eval_samples_per_second = 286.265
