eval_accuracy = 0.5001999735832214
eval_loss = 1.2428220510482788
eval_mae = 0.5956
eval_runtime = 18.7938
eval_samples_per_second = 266.046
