eval_accuracy = 0.6015999913215637
eval_loss = 0.9355902075767517
eval_mae = 0.4546
eval_runtime = 17.0108
eval_samples_per_second = 293.931
