eval_accuracy = 0.6208000183105469
eval_loss = 0.9503536820411682
eval_mae = 0.4284
eval_runtime = 17.4466
eval_samples_per_second = 286.589
