eval_accuracy = 0.6015999913215637
eval_loss = 0.9356050491333008
eval_mae = 0.4546
eval_runtime = 17.177
eval_samples_per_second = 291.086
