eval_accuracy = 0.4997999966144562
eval_loss = 1.155137062072754
eval_mae = 0.5912
eval_runtime = 17.3497
eval_samples_per_second = 288.19
