eval_accuracy = 0.5465999841690063
eval_loss = 1.0859891176223755
eval_mae = 0.5412
eval_runtime = 27.2361
eval_samples_per_second = 183.58
