eval_accuracy = 0.5497999787330627
eval_loss = 1.1488367319107056
eval_mae = 0.5804
eval_runtime = 16.4999
eval_samples_per_second = 303.032
