eval_accuracy = 0.5924000144004822
eval_loss = 0.9477645754814148
eval_mae = 0.4704
eval_runtime = 19.6776
eval_samples_per_second = 254.096
