eval_accuracy = 0.5803999900817871
eval_loss = 1.0209338665008545
eval_mae = 0.4808
eval_runtime = 17.5092
eval_samples_per_second = 285.564
