eval_accuracy = 0.48159998655319214
eval_loss = 1.3921942710876465
eval_mae = 0.673
eval_runtime = 21.2628
eval_samples_per_second = 235.152
