eval_accuracy = 0.5012000203132629
eval_loss = 1.228583574295044
eval_mae = 0.5998
eval_runtime = 18.3879
eval_samples_per_second = 271.918
