eval_accuracy = 0.5813999772071838
eval_loss = 0.9786993861198425
eval_mae = 0.4882
eval_runtime = 17.6239
eval_samples_per_second = 283.706
