eval_accuracy = 0.6000000238418579
eval_loss = 0.955620288848877
eval_mae = 0.4622
eval_runtime = 16.7672
eval_samples_per_second = 298.201
