eval_accuracy = 0.5631999969482422
eval_loss = 1.0150824785232544
eval_mae = 0.5094
eval_runtime = 17.063
eval_samples_per_second = 293.032
