eval_accuracy = 0.579800009727478
eval_loss = 1.0116444826126099
eval_mae = 0.482
eval_runtime = 16.5007
eval_samples_per_second = 303.017
