eval_accuracy = 0.5938000082969666
eval_loss = 1.0068706274032593
eval_mae = 0.4674
eval_runtime = 17.3561
eval_samples_per_second = 288.084
