eval_accuracy = 0.5468000173568726
eval_loss = 1.0297274589538574
eval_mae = 0.537
eval_runtime = 17.3953
eval_samples_per_second = 287.434
