eval_accuracy = 0.5573999881744385
eval_loss = 1.079604148864746
eval_mae = 0.5328
eval_runtime = 22.3834
eval_samples_per_second = 223.38
