eval_accuracy = 0.5910000205039978
eval_loss = 0.948900580406189
eval_mae = 0.4626
eval_runtime = 16.2425
eval_samples_per_second = 307.834
