eval_accuracy = 0.46700000762939453
eval_loss = 1.3387972116470337
eval_mae = 0.6902
eval_runtime = 31.4212
eval_samples_per_second = 159.128
