eval_accuracy = 0.43939998745918274
eval_loss = 1.441283941268921
eval_mae = 0.7296
eval_runtime = 18.8366
eval_samples_per_second = 265.441
