eval_accuracy = 0.4814000129699707
eval_loss = 1.3919389247894287
eval_mae = 0.6724
eval_runtime = 28.0433
eval_samples_per_second = 178.296
