eval_accuracy = 0.5942000150680542
eval_loss = 1.0065094232559204
eval_mae = 0.4674
eval_runtime = 17.1367
eval_samples_per_second = 291.771
