eval_accuracy = 0.5253999829292297
eval_loss = 1.055034875869751
eval_mae = 0.5724
eval_runtime = 16.8613
eval_samples_per_second = 296.537
