eval_accuracy = 0.483599990606308
eval_loss = 1.3522193431854248
eval_mae = 0.6714
eval_runtime = 18.6953
eval_samples_per_second = 267.447
