eval_accuracy = 0.5712000131607056
eval_loss = 0.9908167719841003
eval_mae = 0.5074
eval_runtime = 16.9852
eval_samples_per_second = 294.375
