eval_accuracy = 0.5914000272750854
eval_loss = 1.0063339471817017
eval_mae = 0.4706
eval_runtime = 16.5284
eval_samples_per_second = 302.51
