eval_accuracy = 0.5758000016212463
eval_loss = 1.0058845281600952
eval_mae = 0.4962
eval_runtime = 17.2852
eval_samples_per_second = 289.265
