eval_accuracy = 0.5807999968528748
eval_loss = 0.9784359335899353
eval_mae = 0.4896
eval_runtime = 17.3749
eval_samples_per_second = 287.772
