eval_accuracy = 0.503000020980835
eval_loss = 1.1763478517532349
eval_mae = 0.5904
eval_runtime = 17.2305
eval_samples_per_second = 290.184
