eval_accuracy = 0.5582000017166138
eval_loss = 1.0587420463562012
eval_mae = 0.5202
eval_runtime = 18.4681
eval_samples_per_second = 270.738
