eval_accuracy = 0.5924000144004822
eval_loss = 0.9502876996994019
eval_mae = 0.4626
eval_runtime = 17.2634
eval_samples_per_second = 289.63
