eval_accuracy = 0.5925999879837036
eval_loss = 1.008036494255066
eval_mae = 0.469
eval_runtime = 17.1055
eval_samples_per_second = 292.304
