eval_accuracy = 0.6358000040054321
eval_loss = 0.888809084892273
eval_mae = 0.4158
eval_runtime = 31.4554
eval_samples_per_second = 158.955
