eval_accuracy = 0.5490000247955322
eval_loss = 1.147389531135559
eval_mae = 0.5828
eval_runtime = 16.5826
eval_samples_per_second = 301.521
