eval_accuracy = 0.574400007724762
eval_loss = 1.0847417116165161
eval_mae = 0.511
eval_runtime = 16.076
eval_samples_per_second = 311.023
