eval_accuracy = 0.6366000175476074
eval_loss = 0.8895099759101868
eval_mae = 0.4144
eval_runtime = 19.9703
eval_samples_per_second = 250.371
