eval_accuracy = 0.5799999833106995
eval_loss = 1.018721342086792
eval_mae = 0.483
eval_runtime = 16.8784
eval_samples_per_second = 296.237
