eval_accuracy = 0.5784000158309937
eval_loss = 1.0182853937149048
eval_mae = 0.4826
eval_runtime = 16.7502
eval_samples_per_second = 298.503
