eval_accuracy = 0.5264000296592712
eval_loss = 1.052470326423645
eval_mae = 0.5716
eval_runtime = 18.2499
eval_samples_per_second = 273.974
