eval_accuracy = 0.4796000123023987
eval_loss = 1.3910963535308838
eval_mae = 0.6772
eval_runtime = 18.7836
eval_samples_per_second = 266.189
