eval_accuracy = 0.602400004863739
eval_loss = 0.9356436729431152
eval_mae = 0.4536
eval_runtime = 16.3452
eval_samples_per_second = 305.901
