eval_accuracy = 0.5590000152587891
eval_loss = 1.0783439874649048
eval_mae = 0.5304
eval_runtime = 18.4759
eval_samples_per_second = 270.623
