eval_accuracy = 0.5284000039100647
eval_loss = 1.0533854961395264
eval_mae = 0.5686
eval_runtime = 16.0997
eval_samples_per_second = 310.566
