eval_accuracy = 0.4991999864578247
eval_loss = 1.1554853916168213
eval_mae = 0.5918
eval_runtime = 16.5849
eval_samples_per_second = 301.48
