eval_accuracy = 0.6092000007629395
eval_loss = 0.9494134783744812
eval_mae = 0.448
eval_runtime = 21.347
eval_samples_per_second = 234.225
