eval_accuracy = 0.5461999773979187
eval_loss = 1.0299268960952759
eval_mae = 0.5392
eval_runtime = 16.9194
eval_samples_per_second = 295.519
