eval_accuracy = 0.5920000076293945
eval_loss = 0.9473562240600586
eval_mae = 0.4704
eval_runtime = 18.5498
eval_samples_per_second = 269.544
