eval_accuracy = 0.5758000016212463
eval_loss = 0.9977410435676575
eval_mae = 0.493
eval_runtime = 16.4428
eval_samples_per_second = 304.084
