eval_accuracy = 0.49880000948905945
eval_loss = 1.2379984855651855
eval_mae = 0.603
eval_runtime = 18.1133
eval_samples_per_second = 276.04
