eval_accuracy = 0.4970000088214874
eval_loss = 1.2391347885131836
eval_mae = 0.6474
eval_runtime = 26.3005
eval_samples_per_second = 190.11
