eval_accuracy = 0.6051999926567078
eval_loss = 0.9463344812393188
eval_mae = 0.4564
eval_runtime = 16.4421
eval_samples_per_second = 304.098
