eval_accuracy = 0.574400007724762
eval_loss = 1.08433198928833
eval_mae = 0.5114
eval_runtime = 16.991
eval_samples_per_second = 294.273
