eval_accuracy = 0.5473999977111816
eval_loss = 1.085967779159546
eval_mae = 0.5416
eval_runtime = 22.2528
eval_samples_per_second = 224.691
