eval_accuracy = 0.5794000029563904
eval_loss = 1.0111026763916016
eval_mae = 0.4806
eval_runtime = 16.8964
eval_samples_per_second = 295.922
