eval_accuracy = 0.5928000211715698
eval_loss = 1.007249355316162
eval_mae = 0.4688
eval_runtime = 17.1565
eval_samples_per_second = 291.434
