eval_accuracy = 0.4812000095844269
eval_loss = 1.3925412893295288
eval_mae = 0.6736
eval_runtime = 20.0318
eval_samples_per_second = 249.603
