eval_accuracy = 0.6065999865531921
eval_loss = 0.9578542709350586
eval_mae = 0.4522
eval_runtime = 18.3315
eval_samples_per_second = 272.754
