eval_accuracy = 0.5565999746322632
eval_loss = 1.0790119171142578
eval_mae = 0.5652
eval_runtime = 19.612
eval_samples_per_second = 254.945
