eval_accuracy = 0.5573999881744385
eval_loss = 1.0628671646118164
eval_mae = 0.5214
eval_runtime = 18.3351
eval_samples_per_second = 272.701
