eval_accuracy = 0.6204000115394592
eval_loss = 0.9508803486824036
eval_mae = 0.4288
eval_runtime = 17.3929
eval_samples_per_second = 287.474
