eval_accuracy = 0.6367999911308289
eval_loss = 0.8895838856697083
eval_mae = 0.4142
eval_runtime = 20.4312
eval_samples_per_second = 244.724
