eval_accuracy = 0.6079999804496765
eval_loss = 0.9485830068588257
eval_mae = 0.4482
eval_runtime = 19.0059
eval_samples_per_second = 263.077
