eval_accuracy = 0.5450000166893005
eval_loss = 1.0299583673477173
eval_mae = 0.5404
eval_runtime = 17.2587
eval_samples_per_second = 289.709
