eval_accuracy = 0.5465999841690063
eval_loss = 1.0302375555038452
eval_mae = 0.5386
eval_runtime = 17.4657
eval_samples_per_second = 286.275
