eval_accuracy = 0.43959999084472656
eval_loss = 1.4428983926773071
eval_mae = 0.7294
eval_runtime = 18.5563
eval_samples_per_second = 269.45
