eval_accuracy = 0.5703999996185303
eval_loss = 1.0213590860366821
eval_mae = 0.5076
eval_runtime = 17.2873
eval_samples_per_second = 289.23
