eval_accuracy = 0.5716000199317932
eval_loss = 0.9904257655143738
eval_mae = 0.507
eval_runtime = 16.9126
eval_samples_per_second = 295.638
