eval_accuracy = 0.5461999773979187
eval_loss = 1.029070258140564
eval_mae = 0.5388
eval_runtime = 17.3339
eval_samples_per_second = 288.453
