eval_accuracy = 0.4966000020503998
eval_loss = 1.2400007247924805
eval_mae = 0.6486
eval_runtime = 22.3864
eval_samples_per_second = 223.349
