eval_accuracy = 0.47360000014305115
eval_loss = 1.3463494777679443
eval_mae = 0.6942
eval_runtime = 16.5101
eval_samples_per_second = 302.844
