eval_accuracy = 0.45820000767707825
eval_loss = 1.3681179285049438
eval_mae = 0.731
eval_runtime = 16.7471
eval_samples_per_second = 298.56
