eval_accuracy = 0.5812000036239624
eval_loss = 1.0124493837356567
eval_mae = 0.4814
eval_runtime = 17.3989
eval_samples_per_second = 287.374
