eval_accuracy = 0.5455999970436096
eval_loss = 1.029890775680542
eval_mae = 0.5408
eval_runtime = 17.6181
eval_samples_per_second = 283.799
