eval_accuracy = 0.5821999907493591
eval_loss = 0.9788309335708618
eval_mae = 0.4872
eval_runtime = 17.2799
eval_samples_per_second = 289.354
