eval_accuracy = 0.5924000144004822
eval_loss = 0.9608131647109985
eval_mae = 0.4836
eval_runtime = 17.6114
eval_samples_per_second = 283.907
