eval_accuracy = 0.47099998593330383
eval_loss = 1.3480356931686401
eval_mae = 0.6898
eval_runtime = 16.7421
eval_samples_per_second = 298.649
