eval_accuracy = 0.5582000017166138
eval_loss = 1.0633094310760498
eval_mae = 0.5202
eval_runtime = 18.3239
eval_samples_per_second = 272.867
