eval_accuracy = 0.6065999865531921
eval_loss = 0.950016975402832
eval_mae = 0.4504
eval_runtime = 18.2981
eval_samples_per_second = 273.252
