eval_accuracy = 0.571399986743927
eval_loss = 1.0212619304656982
eval_mae = 0.5066
eval_runtime = 17.2875
eval_samples_per_second = 289.226
