eval_accuracy = 0.5794000029563904
eval_loss = 1.019567608833313
eval_mae = 0.4834
eval_runtime = 16.8693
eval_samples_per_second = 296.396
