eval_accuracy = 0.49720001220703125
eval_loss = 1.2388547658920288
eval_mae = 0.6474
eval_runtime = 35.0402
eval_samples_per_second = 142.693
