eval_accuracy = 0.579800009727478
eval_loss = 1.0118087530136108
eval_mae = 0.4822
eval_runtime = 16.909
eval_samples_per_second = 295.701
