eval_accuracy = 0.5475999712944031
eval_loss = 1.1473737955093384
eval_mae = 0.5848
eval_runtime = 16.9388
eval_samples_per_second = 295.18
