eval_accuracy = 0.47920000553131104
eval_loss = 1.3908151388168335
eval_mae = 0.675
eval_runtime = 29.3709
eval_samples_per_second = 170.236
