eval_accuracy = 0.5541999936103821
eval_loss = 1.0246318578720093
eval_mae = 0.5376
eval_runtime = 17.2926
eval_samples_per_second = 289.141
