eval_accuracy = 0.4375999867916107
eval_loss = 1.441809892654419
eval_mae = 0.73
eval_runtime = 32.3771
eval_samples_per_second = 154.43
