eval_accuracy = 0.5702000260353088
eval_loss = 1.0220427513122559
eval_mae = 0.5084
eval_runtime = 16.5556
eval_samples_per_second = 302.013
