eval_accuracy = 0.5565999746322632
eval_loss = 1.0261934995651245
eval_mae = 0.535
eval_runtime = 17.2993
eval_samples_per_second = 289.029
