eval_accuracy = 0.6366000175476074
eval_loss = 0.8894851803779602
eval_mae = 0.4144
eval_runtime = 18.9008
eval_samples_per_second = 264.54
