eval_accuracy = 0.5703999996185303
eval_loss = 1.020975947380066
eval_mae = 0.5074
eval_runtime = 16.5173
eval_samples_per_second = 302.713
