eval_accuracy = 0.5932000279426575
eval_loss = 1.0058525800704956
eval_mae = 0.4676
eval_runtime = 17.362
eval_samples_per_second = 287.986
