eval_accuracy = 0.5509999990463257
eval_loss = 1.147694706916809
eval_mae = 0.576
eval_runtime = 17.4274
eval_samples_per_second = 286.904
