eval_accuracy = 0.48080000281333923
eval_loss = 1.391479730606079
eval_mae = 0.6746
eval_runtime = 19.9925
eval_samples_per_second = 250.094
