eval_accuracy = 0.52920001745224
eval_loss = 1.0552425384521484
eval_mae = 0.5712
eval_runtime = 17.9045
eval_samples_per_second = 279.26
