eval_accuracy = 0.5799999833106995
eval_loss = 1.0118117332458496
eval_mae = 0.4822
eval_runtime = 17.3701
eval_samples_per_second = 287.851
