eval_accuracy = 0.4830000102519989
eval_loss = 1.3521519899368286
eval_mae = 0.6714
eval_runtime = 22.1954
eval_samples_per_second = 225.272
