eval_accuracy = 0.5026000142097473
eval_loss = 1.1559956073760986
eval_mae = 0.5876
eval_runtime = 17.3034
eval_samples_per_second = 288.96
