eval_accuracy = 0.47620001435279846
eval_loss = 1.3432971239089966
eval_mae = 0.6924
eval_runtime = 16.9483
eval_samples_per_second = 295.016
