eval_accuracy = 0.47839999198913574
eval_loss = 1.403254508972168
eval_mae = 0.678
eval_runtime = 18.2175
eval_samples_per_second = 274.461
