eval_accuracy = 0.5799999833106995
eval_loss = 1.0199873447418213
eval_mae = 0.4962
eval_runtime = 23.7647
eval_samples_per_second = 210.396
