eval_accuracy = 0.6363999843597412
eval_loss = 0.8892914056777954
eval_mae = 0.4158
eval_runtime = 19.3663
eval_samples_per_second = 258.181
