eval_accuracy = 0.5278000235557556
eval_loss = 1.053145408630371
eval_mae = 0.5696
eval_runtime = 16.9436
eval_samples_per_second = 295.096
