eval_accuracy = 0.6014000177383423
eval_loss = 0.9370851516723633
eval_mae = 0.4554
eval_runtime = 17.1768
eval_samples_per_second = 291.09
