eval_accuracy = 0.49959999322891235
eval_loss = 1.2278128862380981
eval_mae = 0.6032
eval_runtime = 18.3668
eval_samples_per_second = 272.231
