eval_accuracy = 0.5825999975204468
eval_loss = 1.0165473222732544
eval_mae = 0.4922
eval_runtime = 30.5223
eval_samples_per_second = 163.815
