eval_accuracy = 0.5834000110626221
eval_loss = 0.9775181412696838
eval_mae = 0.4852
eval_runtime = 16.3291
eval_samples_per_second = 306.202
