eval_accuracy = 0.459199994802475
eval_loss = 1.3683677911758423
eval_mae = 0.7332
eval_runtime = 17.5815
eval_samples_per_second = 284.389
