eval_accuracy = 0.5685999989509583
eval_loss = 1.0227428674697876
eval_mae = 0.5098
eval_runtime = 17.3243
eval_samples_per_second = 288.611
