eval_accuracy = 0.4970000088214874
eval_loss = 1.2385587692260742
eval_mae = 0.6474
eval_runtime = 19.1835
eval_samples_per_second = 260.641
