eval_accuracy = 0.579800009727478
eval_loss = 1.0179229974746704
eval_mae = 0.4822
eval_runtime = 17.4524
eval_samples_per_second = 286.493
