eval_accuracy = 0.5788000226020813
eval_loss = 1.0114493370056152
eval_mae = 0.4824
eval_runtime = 17.5001
eval_samples_per_second = 285.713
