eval_accuracy = 0.49939998984336853
eval_loss = 1.2278637886047363
eval_mae = 0.6036
eval_runtime = 18.3965
eval_samples_per_second = 271.792
