eval_accuracy = 0.5705999732017517
eval_loss = 0.9897468686103821
eval_mae = 0.5052
eval_runtime = 17.0366
eval_samples_per_second = 293.486
