eval_accuracy = 0.5825999975204468
eval_loss = 0.9782311320304871
eval_mae = 0.4876
eval_runtime = 17.3547
eval_samples_per_second = 288.106
