eval_accuracy = 0.5541999936103821
eval_loss = 1.024994969367981
eval_mae = 0.5368
eval_runtime = 17.1788
eval_samples_per_second = 291.056
