eval_accuracy = 0.5925999879837036
eval_loss = 0.9482131004333496
eval_mae = 0.4702
eval_runtime = 19.2792
eval_samples_per_second = 259.346
