eval_accuracy = 0.6061999797821045
eval_loss = 0.946021318435669
eval_mae = 0.4578
eval_runtime = 17.6886
eval_samples_per_second = 282.669
