eval_accuracy = 0.5583999752998352
eval_loss = 1.0626012086868286
eval_mae = 0.5206
eval_runtime = 18.2969
eval_samples_per_second = 273.27
