eval_accuracy = 0.4726000130176544
eval_loss = 1.3477073907852173
eval_mae = 0.6888
eval_runtime = 17.324
eval_samples_per_second = 288.618
