eval_accuracy = 0.4580000042915344
eval_loss = 1.3674945831298828
eval_mae = 0.7324
eval_runtime = 17.2834
eval_samples_per_second = 289.295
