eval_accuracy = 0.47200000286102295
eval_loss = 1.350948452949524
eval_mae = 0.6902
eval_runtime = 17.3204
eval_samples_per_second = 288.677
