eval_accuracy = 0.5929999947547913
eval_loss = 1.0069838762283325
eval_mae = 0.4684
eval_runtime = 17.2079
eval_samples_per_second = 290.564
