eval_accuracy = 0.6065999865531921
eval_loss = 0.949345588684082
eval_mae = 0.4498
eval_runtime = 18.2599
eval_samples_per_second = 273.824
