eval_accuracy = 0.4729999899864197
eval_loss = 1.3474496603012085
eval_mae = 0.6888
eval_runtime = 17.4471
eval_samples_per_second = 286.581
