eval_accuracy = 0.5613999962806702
eval_loss = 1.0458087921142578
eval_mae = 0.5088
eval_runtime = 18.1339
eval_samples_per_second = 275.727
