eval_accuracy = 0.5026000142097473
eval_loss = 1.1768717765808105
eval_mae = 0.5922
eval_runtime = 17.304
eval_samples_per_second = 288.951
