eval_accuracy = 0.5586000084877014
eval_loss = 1.0785186290740967
eval_mae = 0.5308
eval_runtime = 21.2791
eval_samples_per_second = 234.972
