eval_accuracy = 0.6236000061035156
eval_loss = 0.9507755637168884
eval_mae = 0.4266
eval_runtime = 16.8507
eval_samples_per_second = 296.724
