eval_accuracy = 0.5712000131607056
eval_loss = 0.9902616143226624
eval_mae = 0.5056
eval_runtime = 17.7177
eval_samples_per_second = 282.203
