eval_accuracy = 0.4726000130176544
eval_loss = 1.3191876411437988
eval_mae = 0.6776
eval_runtime = 17.8712
eval_samples_per_second = 279.779
