eval_accuracy = 0.5748000144958496
eval_loss = 1.0845015048980713
eval_mae = 0.5102
eval_runtime = 16.1402
eval_samples_per_second = 309.786
