eval_accuracy = 0.5582000017166138
eval_loss = 1.0785861015319824
eval_mae = 0.531
eval_runtime = 19.2845
eval_samples_per_second = 259.275
