eval_accuracy = 0.5824000239372253
eval_loss = 0.9782445430755615
eval_mae = 0.4862
eval_runtime = 16.3427
eval_samples_per_second = 305.948
