eval_accuracy = 0.5658000111579895
eval_loss = 1.0125325918197632
eval_mae = 0.5062
eval_runtime = 16.9765
eval_samples_per_second = 294.526
