eval_accuracy = 0.5985999703407288
eval_loss = 0.9533537030220032
eval_mae = 0.4676
eval_runtime = 17.2251
eval_samples_per_second = 290.274
