eval_accuracy = 0.6065999865531921
eval_loss = 0.9497990012168884
eval_mae = 0.4498
eval_runtime = 18.585
eval_samples_per_second = 269.034
