eval_accuracy = 0.5705999732017517
eval_loss = 0.9907651543617249
eval_mae = 0.5072
eval_runtime = 17.1303
eval_samples_per_second = 291.881
