eval_accuracy = 0.4399999976158142
eval_loss = 1.4429453611373901
eval_mae = 0.7286
eval_runtime = 32.7078
eval_samples_per_second = 152.869
