eval_accuracy = 0.5546000003814697
eval_loss = 1.0815658569335938
eval_mae = 0.5668
eval_runtime = 19.8363
eval_samples_per_second = 252.063
