eval_accuracy = 0.5938000082969666
eval_loss = 0.960920512676239
eval_mae = 0.4824
eval_runtime = 17.369
eval_samples_per_second = 287.869
