eval_accuracy = 0.4763999879360199
eval_loss = 1.3432257175445557
eval_mae = 0.6928
eval_runtime = 16.8606
eval_samples_per_second = 296.549
