eval_accuracy = 0.4749999940395355
eval_loss = 1.3418824672698975
eval_mae = 0.6948
eval_runtime = 16.3415
eval_samples_per_second = 305.969
