eval_accuracy = 0.5935999751091003
eval_loss = 0.960690438747406
eval_mae = 0.4822
eval_runtime = 17.2985
eval_samples_per_second = 289.042
