eval_accuracy = 0.5935999751091003
eval_loss = 1.006742000579834
eval_mae = 0.4678
eval_runtime = 17.2464
eval_samples_per_second = 289.915
