eval_accuracy = 0.5785999894142151
eval_loss = 1.0170437097549438
eval_mae = 0.4828
eval_runtime = 16.431
eval_samples_per_second = 304.303
