eval_accuracy = 0.5807999968528748
eval_loss = 1.018339991569519
eval_mae = 0.4942
eval_runtime = 20.1831
eval_samples_per_second = 247.732
