eval_accuracy = 0.5496000051498413
eval_loss = 1.1476199626922607
eval_mae = 0.5806
eval_runtime = 17.4667
eval_samples_per_second = 286.26
