eval_accuracy = 0.5938000082969666
eval_loss = 0.9480774402618408
eval_mae = 0.4698
eval_runtime = 21.624
eval_samples_per_second = 231.224
