eval_accuracy = 0.5699999928474426
eval_loss = 0.9915575385093689
eval_mae = 0.507
eval_runtime = 16.9146
eval_samples_per_second = 295.603
