eval_accuracy = 0.5105999708175659
eval_loss = 1.2227089405059814
eval_mae = 0.6168
eval_runtime = 25.302
eval_samples_per_second = 197.613
