eval_accuracy = 0.5270000100135803
eval_loss = 1.0534422397613525
eval_mae = 0.57
eval_runtime = 16.8693
eval_samples_per_second = 296.397
