eval_accuracy = 0.4681999981403351
eval_loss = 1.3390305042266846
eval_mae = 0.6886
eval_runtime = 31.4959
eval_samples_per_second = 158.751
