eval_accuracy = 0.4837999939918518
eval_loss = 1.35360586643219
eval_mae = 0.671
eval_runtime = 18.1872
eval_samples_per_second = 274.918
