eval_accuracy = 0.590399980545044
eval_loss = 0.9492745995521545
eval_mae = 0.4634
eval_runtime = 16.1847
eval_samples_per_second = 308.934
