eval_accuracy = 0.5748000144958496
eval_loss = 0.9909366965293884
eval_mae = 0.5008
eval_runtime = 16.0974
eval_samples_per_second = 310.608
