eval_accuracy = 0.5645999908447266
eval_loss = 1.0144675970077515
eval_mae = 0.508
eval_runtime = 17.0066
eval_samples_per_second = 294.003
