eval_accuracy = 0.6055999994277954
eval_loss = 0.945810079574585
eval_mae = 0.4554
eval_runtime = 17.2738
eval_samples_per_second = 289.455
