eval_accuracy = 0.5698000192642212
eval_loss = 1.0213885307312012
eval_mae = 0.5082
eval_runtime = 16.7072
eval_samples_per_second = 299.273
