eval_accuracy = 0.5654000043869019
eval_loss = 1.0130740404129028
eval_mae = 0.5062
eval_runtime = 16.9565
eval_samples_per_second = 294.872
