eval_accuracy = 0.5004000067710876
eval_loss = 1.2420927286148071
eval_mae = 0.595
eval_runtime = 22.1503
eval_samples_per_second = 225.731
