eval_accuracy = 0.5577999949455261
eval_loss = 1.0750319957733154
eval_mae = 0.5318
eval_runtime = 18.2356
eval_samples_per_second = 274.188
