eval_accuracy = 0.5278000235557556
eval_loss = 1.0514193773269653
eval_mae = 0.5676
eval_runtime = 16.3337
eval_samples_per_second = 306.116
