eval_accuracy = 0.6363999843597412
eval_loss = 0.8902474641799927
eval_mae = 0.4154
eval_runtime = 22.0821
eval_samples_per_second = 226.428
