eval_accuracy = 0.5558000206947327
eval_loss = 1.0802357196807861
eval_mae = 0.5658
eval_runtime = 19.5136
eval_samples_per_second = 256.232
