eval_accuracy = 0.526199996471405
eval_loss = 1.0537768602371216
eval_mae = 0.572
eval_runtime = 15.9176
eval_samples_per_second = 314.118
