eval_accuracy = 0.4970000088214874
eval_loss = 1.2387330532073975
eval_mae = 0.6476
eval_runtime = 27.3408
eval_samples_per_second = 182.877
