eval_accuracy = 0.5925999879837036
eval_loss = 1.0067081451416016
eval_mae = 0.4686
eval_runtime = 17.5179
eval_samples_per_second = 285.422
