eval_accuracy = 0.5712000131607056
eval_loss = 1.0219017267227173
eval_mae = 0.507
eval_runtime = 16.465
eval_samples_per_second = 303.674
