eval_accuracy = 0.503600001335144
eval_loss = 1.1748895645141602
eval_mae = 0.5916
eval_runtime = 17.5072
eval_samples_per_second = 285.596
