eval_accuracy = 0.6227999925613403
eval_loss = 0.9489452838897705
eval_mae = 0.428
eval_runtime = 17.4618
eval_samples_per_second = 286.34
