eval_accuracy = 0.5738000273704529
eval_loss = 1.0830674171447754
eval_mae = 0.5104
eval_runtime = 16.4022
eval_samples_per_second = 304.836
