eval_accuracy = 0.579800009727478
eval_loss = 1.0177732706069946
eval_mae = 0.4828
eval_runtime = 17.4971
eval_samples_per_second = 285.761
