eval_accuracy = 0.5483999848365784
eval_loss = 1.147217869758606
eval_mae = 0.5832
eval_runtime = 16.7615
eval_samples_per_second = 298.303
