eval_accuracy = 0.5978000164031982
eval_loss = 0.9350980520248413
eval_mae = 0.4588
eval_runtime = 16.1724
eval_samples_per_second = 309.169
