eval_accuracy = 0.6021999716758728
eval_loss = 0.9363229274749756
eval_mae = 0.4532
eval_runtime = 17.0444
eval_samples_per_second = 293.351
