eval_accuracy = 0.5799999833106995
eval_loss = 1.0117980241775513
eval_mae = 0.4814
eval_runtime = 17.5572
eval_samples_per_second = 284.784
