eval_accuracy = 0.5824000239372253
eval_loss = 0.9800217747688293
eval_mae = 0.4866
eval_runtime = 17.3183
eval_samples_per_second = 288.712
