eval_accuracy = 0.475600004196167
eval_loss = 1.34553062915802
eval_mae = 0.696
eval_runtime = 17.7491
eval_samples_per_second = 281.704
