eval_accuracy = 0.5717999935150146
eval_loss = 0.9905450940132141
eval_mae = 0.5074
eval_runtime = 16.9641
eval_samples_per_second = 294.74
