eval_accuracy = 0.5454000234603882
eval_loss = 1.030495285987854
eval_mae = 0.5398
eval_runtime = 16.4645
eval_samples_per_second = 303.683
