eval_accuracy = 0.5609999895095825
eval_loss = 1.045650601387024
eval_mae = 0.508
eval_runtime = 19.8802
eval_samples_per_second = 251.507
