eval_accuracy = 0.4586000144481659
eval_loss = 1.365455150604248
eval_mae = 0.7302
eval_runtime = 17.5975
eval_samples_per_second = 284.131
