eval_accuracy = 0.573199987411499
eval_loss = 0.9889636635780334
eval_mae = 0.5042
eval_runtime = 16.349
eval_samples_per_second = 305.83
