eval_accuracy = 0.4797999858856201
eval_loss = 1.395614504814148
eval_mae = 0.6754
eval_runtime = 19.6763
eval_samples_per_second = 254.113
