eval_accuracy = 0.5027999877929688
eval_loss = 1.1781806945800781
eval_mae = 0.5934
eval_runtime = 17.3391
eval_samples_per_second = 288.366
