eval_accuracy = 0.5802000164985657
eval_loss = 1.012407660484314
eval_mae = 0.4822
eval_runtime = 16.3989
eval_samples_per_second = 304.899
