eval_accuracy = 0.506600022315979
eval_loss = 1.2288377285003662
eval_mae = 0.621
eval_runtime = 18.898
eval_samples_per_second = 264.579
