eval_accuracy = 0.5586000084877014
eval_loss = 1.0788781642913818
eval_mae = 0.5306
eval_runtime = 29.3525
eval_samples_per_second = 170.343
