eval_accuracy = 0.5633999705314636
eval_loss = 1.016250491142273
eval_mae = 0.5084
eval_runtime = 16.9671
eval_samples_per_second = 294.688
