eval_accuracy = 0.47540000081062317
eval_loss = 1.3432832956314087
eval_mae = 0.6936
eval_runtime = 16.9461
eval_samples_per_second = 295.052
