eval_accuracy = 0.4674000144004822
eval_loss = 1.296566367149353
eval_mae = 0.682
eval_runtime = 35.6048
eval_samples_per_second = 140.431
