eval_accuracy = 0.4690000116825104
eval_loss = 1.3378757238388062
eval_mae = 0.6858
eval_runtime = 18.0831
eval_samples_per_second = 276.501
