eval_accuracy = 0.5803999900817871
eval_loss = 1.0182892084121704
eval_mae = 0.4944
eval_runtime = 35.0165
eval_samples_per_second = 142.79
