eval_accuracy = 0.5821999907493591
eval_loss = 0.9793806672096252
eval_mae = 0.4874
eval_runtime = 16.7142
eval_samples_per_second = 299.147
