eval_accuracy = 0.5934000015258789
eval_loss = 1.0055620670318604
eval_mae = 0.4668
eval_runtime = 17.4374
eval_samples_per_second = 286.74
