eval_accuracy = 0.5717999935150146
eval_loss = 1.0850821733474731
eval_mae = 0.5144
eval_runtime = 16.3667
eval_samples_per_second = 305.499
