eval_accuracy = 0.48080000281333923
eval_loss = 1.3905223608016968
eval_mae = 0.675
eval_runtime = 35.3215
eval_samples_per_second = 141.557
