eval_accuracy = 0.5820000171661377
eval_loss = 1.0183724164962769
eval_mae = 0.4786
eval_runtime = 17.517
eval_samples_per_second = 285.436
