eval_accuracy = 0.5807999968528748
eval_loss = 1.011178731918335
eval_mae = 0.4806
eval_runtime = 16.8237
eval_samples_per_second = 297.2
