eval_accuracy = 0.5898000001907349
eval_loss = 0.9487543702125549
eval_mae = 0.4638
eval_runtime = 17.2077
eval_samples_per_second = 290.568
