eval_accuracy = 0.5565999746322632
eval_loss = 1.0630824565887451
eval_mae = 0.5218
eval_runtime = 18.3049
eval_samples_per_second = 273.152
