eval_accuracy = 0.5551999807357788
eval_loss = 1.0773725509643555
eval_mae = 0.5644
eval_runtime = 18.6368
eval_samples_per_second = 268.286
