eval_accuracy = 0.47099998593330383
eval_loss = 1.3523563146591187
eval_mae = 0.693
eval_runtime = 17.4912
eval_samples_per_second = 285.858
