eval_accuracy = 0.5795999765396118
eval_loss = 1.0116857290267944
eval_mae = 0.4818
eval_runtime = 17.0918
eval_samples_per_second = 292.538
