eval_accuracy = 0.6363999843597412
eval_loss = 0.8873080015182495
eval_mae = 0.4148
eval_runtime = 18.9036
eval_samples_per_second = 264.5
