eval_accuracy = 0.5708000063896179
eval_loss = 0.9904808402061462
eval_mae = 0.5072
eval_runtime = 17.1918
eval_samples_per_second = 290.837
