eval_accuracy = 0.5676000118255615
eval_loss = 1.0222066640853882
eval_mae = 0.5094
eval_runtime = 16.7906
eval_samples_per_second = 297.786
