eval_accuracy = 0.607200026512146
eval_loss = 0.9496425986289978
eval_mae = 0.449
eval_runtime = 18.5507
eval_samples_per_second = 269.532
