eval_accuracy = 0.5925999879837036
eval_loss = 0.9476858377456665
eval_mae = 0.4696
eval_runtime = 18.5926
eval_samples_per_second = 268.924
