eval_accuracy = 0.5569999814033508
eval_loss = 1.024323582649231
eval_mae = 0.5346
eval_runtime = 17.2957
eval_samples_per_second = 289.09
