eval_accuracy = 0.5005999803543091
eval_loss = 1.2420350313186646
eval_mae = 0.5948
eval_runtime = 28.9658
eval_samples_per_second = 172.617
