eval_accuracy = 0.5741999745368958
eval_loss = 1.079129695892334
eval_mae = 0.5106
eval_runtime = 16.1242
eval_samples_per_second = 310.093
