eval_accuracy = 0.4747999906539917
eval_loss = 1.3445466756820679
eval_mae = 0.6956
eval_runtime = 16.8739
eval_samples_per_second = 296.315
