eval_accuracy = 0.5558000206947327
eval_loss = 1.0621050596237183
eval_mae = 0.5226
eval_runtime = 18.3444
eval_samples_per_second = 272.563
