eval_accuracy = 0.618399977684021
eval_loss = 0.951467752456665
eval_mae = 0.4316
eval_runtime = 17.4638
eval_samples_per_second = 286.307
