eval_accuracy = 0.4713999927043915
eval_loss = 1.345879316329956
eval_mae = 0.6898
eval_runtime = 17.2955
eval_samples_per_second = 289.092
