eval_accuracy = 0.579800009727478
eval_loss = 1.010789394378662
eval_mae = 0.4816
eval_runtime = 16.8126
eval_samples_per_second = 297.395
