eval_accuracy = 0.5788000226020813
eval_loss = 1.0119677782058716
eval_mae = 0.4832
eval_runtime = 17.3655
eval_samples_per_second = 287.927
