eval_accuracy = 0.483599990606308
eval_loss = 1.352841854095459
eval_mae = 0.6708
eval_runtime = 18.6967
eval_samples_per_second = 267.427
