eval_accuracy = 0.5691999793052673
eval_loss = 1.0215604305267334
eval_mae = 0.5096
eval_runtime = 16.8484
eval_samples_per_second = 296.764
