eval_accuracy = 0.5260000228881836
eval_loss = 1.0529776811599731
eval_mae = 0.5714
eval_runtime = 16.2365
eval_samples_per_second = 307.947
