eval_accuracy = 0.6021999716758728
eval_loss = 0.9355770349502563
eval_mae = 0.4528
eval_runtime = 16.4434
eval_samples_per_second = 304.073
