eval_accuracy = 0.5564000010490417
eval_loss = 1.024816632270813
eval_mae = 0.5346
eval_runtime = 17.2943
eval_samples_per_second = 289.112
