eval_accuracy = 0.5455999970436096
eval_loss = 1.1465156078338623
eval_mae = 0.5844
eval_runtime = 16.8716
eval_samples_per_second = 296.356
