eval_accuracy = 0.4997999966144562
eval_loss = 1.2423008680343628
eval_mae = 0.5958
eval_runtime = 19.211
eval_samples_per_second = 260.267
