eval_accuracy = 0.43959999084472656
eval_loss = 1.4430360794067383
eval_mae = 0.7292
eval_runtime = 20.2164
eval_samples_per_second = 247.324
