eval_accuracy = 0.6037999987602234
eval_loss = 0.9450945258140564
eval_mae = 0.458
eval_runtime = 17.1956
eval_samples_per_second = 290.772
