eval_accuracy = 0.5023999810218811
eval_loss = 1.1541314125061035
eval_mae = 0.5886
eval_runtime = 16.6428
eval_samples_per_second = 300.431
