eval_accuracy = 0.6057999730110168
eval_loss = 0.945817768573761
eval_mae = 0.4528
eval_runtime = 16.657
eval_samples_per_second = 300.174
