eval_accuracy = 0.6363999843597412
eval_loss = 0.8895968794822693
eval_mae = 0.4146
eval_runtime = 23.0236
eval_samples_per_second = 217.169
