eval_accuracy = 0.5271999835968018
eval_loss = 1.053491234779358
eval_mae = 0.5704
eval_runtime = 16.2282
eval_samples_per_second = 308.105
