eval_accuracy = 0.5004000067710876
eval_loss = 1.1563754081726074
eval_mae = 0.5904
eval_runtime = 16.6395
eval_samples_per_second = 300.49
