eval_accuracy = 0.47540000081062317
eval_loss = 1.3150012493133545
eval_mae = 0.6746
eval_runtime = 18.5279
eval_samples_per_second = 269.863
