eval_accuracy = 0.5799999833106995
eval_loss = 1.0112751722335815
eval_mae = 0.4818
eval_runtime = 17.5099
eval_samples_per_second = 285.552
