eval_accuracy = 0.5809999704360962
eval_loss = 1.0187164545059204
eval_mae = 0.494
eval_runtime = 25.996
eval_samples_per_second = 192.337
