eval_accuracy = 0.5275999903678894
eval_loss = 1.052984356880188
eval_mae = 0.5698
eval_runtime = 16.291
eval_samples_per_second = 306.918
