eval_accuracy = 0.5802000164985657
eval_loss = 1.010276198387146
eval_mae = 0.4818
eval_runtime = 17.4842
eval_samples_per_second = 285.972
