eval_accuracy = 0.6057999730110168
eval_loss = 0.9496703147888184
eval_mae = 0.4502
eval_runtime = 22.4112
eval_samples_per_second = 223.103
