eval_accuracy = 0.5450000166893005
eval_loss = 1.0301316976547241
eval_mae = 0.5414
eval_runtime = 17.3746
eval_samples_per_second = 287.776
