eval_accuracy = 0.5640000104904175
eval_loss = 1.0152528285980225
eval_mae = 0.5082
eval_runtime = 16.9663
eval_samples_per_second = 294.702
