eval_accuracy = 0.5016000270843506
eval_loss = 1.1773231029510498
eval_mae = 0.5934
eval_runtime = 17.3086
eval_samples_per_second = 288.874
