eval_accuracy = 0.4968000054359436
eval_loss = 1.238864541053772
eval_mae = 0.648
eval_runtime = 19.5755
eval_samples_per_second = 255.421
