eval_accuracy = 0.46799999475479126
eval_loss = 1.2976419925689697
eval_mae = 0.6824
eval_runtime = 19.7173
eval_samples_per_second = 253.585
