eval_accuracy = 0.5789999961853027
eval_loss = 1.0177483558654785
eval_mae = 0.4836
eval_runtime = 17.4382
eval_samples_per_second = 286.727
