eval_accuracy = 0.5478000044822693
eval_loss = 1.0860894918441772
eval_mae = 0.5408
eval_runtime = 18.2186
eval_samples_per_second = 274.445
