eval_accuracy = 0.5914000272750854
eval_loss = 0.9487376809120178
eval_mae = 0.4628
eval_runtime = 16.5812
eval_samples_per_second = 301.547
