eval_accuracy = 0.527400016784668
eval_loss = 1.0534952878952026
eval_mae = 0.5698
eval_runtime = 16.9804
eval_samples_per_second = 294.457
