eval_accuracy = 0.6014000177383423
eval_loss = 0.9353958964347839
eval_mae = 0.4544
eval_runtime = 16.4354
eval_samples_per_second = 304.222
