eval_accuracy = 0.5898000001907349
eval_loss = 0.9495208859443665
eval_mae = 0.4638
eval_runtime = 17.1421
eval_samples_per_second = 291.68
