eval_accuracy = 0.5924000144004822
eval_loss = 0.9580541253089905
eval_mae = 0.483
eval_runtime = 17.3618
eval_samples_per_second = 287.988
