eval_accuracy = 0.46860000491142273
eval_loss = 1.2955870628356934
eval_mae = 0.6812
eval_runtime = 22.3586
eval_samples_per_second = 223.628
