eval_accuracy = 0.46779999136924744
eval_loss = 1.295880913734436
eval_mae = 0.6818
eval_runtime = 20.6607
eval_samples_per_second = 242.005
