eval_accuracy = 0.604200005531311
eval_loss = 0.9488739371299744
eval_mae = 0.4592
eval_runtime = 18.0127
eval_samples_per_second = 277.581
