eval_accuracy = 0.5595999956130981
eval_loss = 1.0466437339782715
eval_mae = 0.5102
eval_runtime = 18.1747
eval_samples_per_second = 275.108
