eval_accuracy = 0.5063999891281128
eval_loss = 1.2286376953125
eval_mae = 0.6214
eval_runtime = 25.7513
eval_samples_per_second = 194.165
