eval_accuracy = 0.5598000288009644
eval_loss = 1.046228289604187
eval_mae = 0.5094
eval_runtime = 20.1
eval_samples_per_second = 248.757
