eval_accuracy = 0.574400007724762
eval_loss = 1.083398461341858
eval_mae = 0.5094
eval_runtime = 17.0611
eval_samples_per_second = 293.064
