eval_accuracy = 0.6195999979972839
eval_loss = 0.9521088004112244
eval_mae = 0.4304
eval_runtime = 17.4958
eval_samples_per_second = 285.782
