eval_accuracy = 0.43880000710487366
eval_loss = 1.4431321620941162
eval_mae = 0.7262
eval_runtime = 19.5083
eval_samples_per_second = 256.301
