eval_accuracy = 0.503600001335144
eval_loss = 1.1774039268493652
eval_mae = 0.5912
eval_runtime = 17.4022
eval_samples_per_second = 287.319
