eval_accuracy = 0.5577999949455261
eval_loss = 1.0629289150238037
eval_mae = 0.5212
eval_runtime = 18.4011
eval_samples_per_second = 271.723
