eval_accuracy = 0.5555999875068665
eval_loss = 1.0249460935592651
eval_mae = 0.5362
eval_runtime = 17.2757
eval_samples_per_second = 289.424
