eval_accuracy = 0.6057999730110168
eval_loss = 0.9460423588752747
eval_mae = 0.4552
eval_runtime = 17.5024
eval_samples_per_second = 285.675
