eval_accuracy = 0.5698000192642212
eval_loss = 1.0213888883590698
eval_mae = 0.5074
eval_runtime = 17.3309
eval_samples_per_second = 288.502
