eval_accuracy = 0.5807999968528748
eval_loss = 1.0168286561965942
eval_mae = 0.4816
eval_runtime = 17.5165
eval_samples_per_second = 285.445
