eval_accuracy = 0.5573999881744385
eval_loss = 1.0783045291900635
eval_mae = 0.5326
eval_runtime = 31.4069
eval_samples_per_second = 159.201
