eval_accuracy = 0.5482000112533569
eval_loss = 1.085991382598877
eval_mae = 0.5408
eval_runtime = 24.0229
eval_samples_per_second = 208.135
