eval_accuracy = 0.6370000243186951
eval_loss = 0.8884623050689697
eval_mae = 0.4136
eval_runtime = 20.1871
eval_samples_per_second = 247.683
