eval_accuracy = 0.4575999975204468
eval_loss = 1.3667640686035156
eval_mae = 0.7316
eval_runtime = 16.7445
eval_samples_per_second = 298.605
