eval_accuracy = 0.5616000294685364
eval_loss = 1.0451191663742065
eval_mae = 0.5082
eval_runtime = 18.0618
eval_samples_per_second = 276.827
