eval_accuracy = 0.5586000084877014
eval_loss = 1.0785633325576782
eval_mae = 0.5306
eval_runtime = 24.4597
eval_samples_per_second = 204.417
