eval_accuracy = 0.5008000135421753
eval_loss = 1.2415409088134766
eval_mae = 0.5942
eval_runtime = 27.3405
eval_samples_per_second = 182.879
