eval_accuracy = 0.605400025844574
eval_loss = 0.9464970827102661
eval_mae = 0.4562
eval_runtime = 16.5396
eval_samples_per_second = 302.305
