eval_accuracy = 0.5447999835014343
eval_loss = 1.029104471206665
eval_mae = 0.5408
eval_runtime = 17.4357
eval_samples_per_second = 286.768
