eval_accuracy = 0.49779999256134033
eval_loss = 1.2289150953292847
eval_mae = 0.605
eval_runtime = 18.893
eval_samples_per_second = 264.648
