eval_accuracy = 0.49799999594688416
eval_loss = 1.2292604446411133
eval_mae = 0.605
eval_runtime = 18.4718
eval_samples_per_second = 270.683
