eval_accuracy = 0.5942000150680542
eval_loss = 0.9458217024803162
eval_mae = 0.467
eval_runtime = 20.4514
eval_samples_per_second = 244.483
