eval_accuracy = 0.4674000144004822
eval_loss = 1.2982532978057861
eval_mae = 0.6816
eval_runtime = 34.8773
eval_samples_per_second = 143.36
