eval_accuracy = 0.5601999759674072
eval_loss = 1.045896053314209
eval_mae = 0.5096
eval_runtime = 18.2355
eval_samples_per_second = 274.191
