eval_accuracy = 0.6057999730110168
eval_loss = 0.9464597702026367
eval_mae = 0.456
eval_runtime = 16.4507
eval_samples_per_second = 303.938
