eval_accuracy = 0.555400013923645
eval_loss = 1.0248156785964966
eval_mae = 0.536
eval_runtime = 17.3248
eval_samples_per_second = 288.603
