eval_accuracy = 0.4803999960422516
eval_loss = 1.393736481666565
eval_mae = 0.6752
eval_runtime = 25.5118
eval_samples_per_second = 195.988
