eval_accuracy = 0.545799970626831
eval_loss = 1.0297921895980835
eval_mae = 0.5394
eval_runtime = 16.7394
eval_samples_per_second = 298.697
