eval_accuracy = 0.4832000136375427
eval_loss = 1.3525145053863525
eval_mae = 0.671
eval_runtime = 20.5677
eval_samples_per_second = 243.099
