eval_accuracy = 0.5699999928474426
eval_loss = 0.990541398525238
eval_mae = 0.5084
eval_runtime = 16.1272
eval_samples_per_second = 310.035
