eval_accuracy = 0.4997999966144562
eval_loss = 1.2423691749572754
eval_mae = 0.5958
eval_runtime = 21.0967
eval_samples_per_second = 237.004
