eval_accuracy = 0.5649999976158142
eval_loss = 1.0159894227981567
eval_mae = 0.5066
eval_runtime = 16.9697
eval_samples_per_second = 294.643
