eval_accuracy = 0.5321999788284302
eval_loss = 1.0526539087295532
eval_mae = 0.5664
eval_runtime = 16.2755
eval_samples_per_second = 307.211
