eval_accuracy = 0.5062000155448914
eval_loss = 1.231002688407898
eval_mae = 0.6212
eval_runtime = 18.7339
eval_samples_per_second = 266.895
