eval_accuracy = 0.5821999907493591
eval_loss = 0.9803028106689453
eval_mae = 0.4876
eval_runtime = 17.4888
eval_samples_per_second = 285.897
