eval_accuracy = 0.4569999873638153
eval_loss = 1.3683058023452759
eval_mae = 0.7328
eval_runtime = 17.3124
eval_samples_per_second = 288.81
