eval_accuracy = 0.5001999735832214
eval_loss = 1.1556206941604614
eval_mae = 0.5906
eval_runtime = 16.7917
eval_samples_per_second = 297.766
