eval_accuracy = 0.5063999891281128
eval_loss = 1.2289360761642456
eval_mae = 0.6212
eval_runtime = 32.0016
eval_samples_per_second = 156.242
