eval_accuracy = 0.5019999742507935
eval_loss = 1.1768615245819092
eval_mae = 0.5916
eval_runtime = 17.3836
eval_samples_per_second = 287.628
