eval_accuracy = 0.4970000088214874
eval_loss = 1.2388054132461548
eval_mae = 0.6472
eval_runtime = 27.3298
eval_samples_per_second = 182.95
