eval_accuracy = 0.5559999942779541
eval_loss = 1.0799540281295776
eval_mae = 0.5656
eval_runtime = 18.503
eval_samples_per_second = 270.227
