eval_accuracy = 0.5601999759674072
eval_loss = 1.0460152626037598
eval_mae = 0.5092
eval_runtime = 23.0862
eval_samples_per_second = 216.58
