eval_accuracy = 0.475600004196167
eval_loss = 1.3437907695770264
eval_mae = 0.695
eval_runtime = 17.0224
eval_samples_per_second = 293.731
