eval_accuracy = 0.6209999918937683
eval_loss = 0.951103150844574
eval_mae = 0.4286
eval_runtime = 17.467
eval_samples_per_second = 286.254
