eval_accuracy = 0.4397999942302704
eval_loss = 1.4431241750717163
eval_mae = 0.7292
eval_runtime = 18.8258
eval_samples_per_second = 265.593
