eval_accuracy = 0.5694000124931335
eval_loss = 1.021415114402771
eval_mae = 0.5086
eval_runtime = 17.3061
eval_samples_per_second = 288.915
