eval_accuracy = 0.6055999994277954
eval_loss = 0.9459695219993591
eval_mae = 0.4566
eval_runtime = 17.198
eval_samples_per_second = 290.732
