eval_accuracy = 0.5929999947547913
eval_loss = 1.0067185163497925
eval_mae = 0.468
eval_runtime = 17.2316
eval_samples_per_second = 290.164
