eval_accuracy = 0.46799999475479126
eval_loss = 1.3391062021255493
eval_mae = 0.6886
eval_runtime = 23.3833
eval_samples_per_second = 213.827
