eval_accuracy = 0.5985999703407288
eval_loss = 0.9561747908592224
eval_mae = 0.4648
eval_runtime = 16.5893
eval_samples_per_second = 301.399
