eval_accuracy = 0.6197999715805054
eval_loss = 0.9509416222572327
eval_mae = 0.4298
eval_runtime = 16.7474
eval_samples_per_second = 298.554
