eval_accuracy = 0.5799999833106995
eval_loss = 1.0113282203674316
eval_mae = 0.4822
eval_runtime = 17.3404
eval_samples_per_second = 288.343
