eval_accuracy = 0.5497999787330627
eval_loss = 1.1473807096481323
eval_mae = 0.5818
eval_runtime = 17.4776
eval_samples_per_second = 286.08
