eval_accuracy = 0.49939998984336853
eval_loss = 1.2425023317337036
eval_mae = 0.5966
eval_runtime = 29.1324
eval_samples_per_second = 171.63
