eval_accuracy = 0.6069999933242798
eval_loss = 0.9498262405395508
eval_mae = 0.4496
eval_runtime = 19.8122
eval_samples_per_second = 252.369
