eval_accuracy = 0.5996000170707703
eval_loss = 0.9555573463439941
eval_mae = 0.463
eval_runtime = 17.3214
eval_samples_per_second = 288.661
