eval_accuracy = 0.4690000116825104
eval_loss = 1.344498872756958
eval_mae = 0.6928
eval_runtime = 16.6359
eval_samples_per_second = 300.555
