eval_accuracy = 0.5708000063896179
eval_loss = 1.0206825733184814
eval_mae = 0.5076
eval_runtime = 16.5416
eval_samples_per_second = 302.269
