eval_accuracy = 0.5809999704360962
eval_loss = 1.011902093887329
eval_mae = 0.4816
eval_runtime = 17.4905
eval_samples_per_second = 285.87
