eval_accuracy = 0.5698000192642212
eval_loss = 1.0205180644989014
eval_mae = 0.5098
eval_runtime = 16.5605
eval_samples_per_second = 301.923
