eval_accuracy = 0.46720001101493835
eval_loss = 1.3413294553756714
eval_mae = 0.69
eval_runtime = 19.7611
eval_samples_per_second = 253.022
