eval_accuracy = 0.6205999851226807
eval_loss = 0.9493495225906372
eval_mae = 0.4294
eval_runtime = 17.4347
eval_samples_per_second = 286.785
