eval_accuracy = 0.43939998745918274
eval_loss = 1.4425257444381714
eval_mae = 0.7294
eval_runtime = 18.8652
eval_samples_per_second = 265.038
