eval_accuracy = 0.6015999913215637
eval_loss = 0.9360337853431702
eval_mae = 0.4546
eval_runtime = 17.16
eval_samples_per_second = 291.376
