eval_accuracy = 0.5001999735832214
eval_loss = 1.2417386770248413
eval_mae = 0.5958
eval_runtime = 21.5235
eval_samples_per_second = 232.304
