eval_accuracy = 0.5748000144958496
eval_loss = 1.0835598707199097
eval_mae = 0.5096
eval_runtime = 16.0785
eval_samples_per_second = 310.975
