eval_accuracy = 0.5655999779701233
eval_loss = 1.014975905418396
eval_mae = 0.507
eval_runtime = 16.0238
eval_samples_per_second = 312.035
