eval_accuracy = 0.49959999322891235
eval_loss = 1.2421964406967163
eval_mae = 0.596
eval_runtime = 18.7254
eval_samples_per_second = 267.017
