eval_accuracy = 0.6367999911308289
eval_loss = 0.889352560043335
eval_mae = 0.4144
eval_runtime = 19.2083
eval_samples_per_second = 260.304
