eval_accuracy = 0.4675999879837036
eval_loss = 1.295764684677124
eval_mae = 0.6836
eval_runtime = 20.4854
eval_samples_per_second = 244.076
