eval_accuracy = 0.5063999891281128
eval_loss = 1.2288459539413452
eval_mae = 0.6212
eval_runtime = 27.3158
eval_samples_per_second = 183.044
