eval_accuracy = 0.5899999737739563
eval_loss = 0.9483263492584229
eval_mae = 0.4636
eval_runtime = 17.2089
eval_samples_per_second = 290.547
