eval_accuracy = 0.6010000109672546
eval_loss = 0.9359527230262756
eval_mae = 0.4558
eval_runtime = 17.051
eval_samples_per_second = 293.238
