eval_accuracy = 0.5698000192642212
eval_loss = 0.9917460680007935
eval_mae = 0.5088
eval_runtime = 17.1956
eval_samples_per_second = 290.771
