eval_accuracy = 0.5587999820709229
eval_loss = 1.0773268938064575
eval_mae = 0.53
eval_runtime = 28.3803
eval_samples_per_second = 176.178
