eval_accuracy = 0.477400004863739
eval_loss = 1.3430933952331543
eval_mae = 0.6902
eval_runtime = 16.334
eval_samples_per_second = 306.111
