eval_accuracy = 0.5565999746322632
eval_loss = 1.0792590379714966
eval_mae = 0.5606
eval_runtime = 18.8415
eval_samples_per_second = 265.372
