eval_accuracy = 0.592199981212616
eval_loss = 0.9610332250595093
eval_mae = 0.4838
eval_runtime = 17.406
eval_samples_per_second = 287.257
