eval_accuracy = 0.5568000078201294
eval_loss = 1.0245970487594604
eval_mae = 0.5354
eval_runtime = 17.1934
eval_samples_per_second = 290.809
