eval_accuracy = 0.5576000213623047
eval_loss = 1.0629034042358398
eval_mae = 0.5214
eval_runtime = 18.3894
eval_samples_per_second = 271.896
