eval_accuracy = 0.5442000031471252
eval_loss = 1.030158281326294
eval_mae = 0.5424
eval_runtime = 17.3718
eval_samples_per_second = 287.823
