eval_accuracy = 0.5583999752998352
eval_loss = 1.0826243162155151
eval_mae = 0.564
eval_runtime = 17.8919
eval_samples_per_second = 279.456
