eval_accuracy = 0.5821999907493591
eval_loss = 0.9775198101997375
eval_mae = 0.487
eval_runtime = 16.7011
eval_samples_per_second = 299.381
