eval_accuracy = 0.5676000118255615
eval_loss = 1.013466238975525
eval_mae = 0.5046
eval_runtime = 16.9818
eval_samples_per_second = 294.432
