eval_accuracy = 0.5641999840736389
eval_loss = 1.012420892715454
eval_mae = 0.5078
eval_runtime = 17.004
eval_samples_per_second = 294.048
