eval_accuracy = 0.4997999966144562
eval_loss = 1.1552542448043823
eval_mae = 0.5904
eval_runtime = 17.2071
eval_samples_per_second = 290.579
