eval_accuracy = 0.5558000206947327
eval_loss = 1.0241317749023438
eval_mae = 0.535
eval_runtime = 17.2653
eval_samples_per_second = 289.599
