eval_accuracy = 0.6074000000953674
eval_loss = 0.9497594833374023
eval_mae = 0.4486
eval_runtime = 19.5068
eval_samples_per_second = 256.321
