eval_accuracy = 0.5702000260353088
eval_loss = 0.9900414347648621
eval_mae = 0.5072
eval_runtime = 16.8931
eval_samples_per_second = 295.978
