eval_accuracy = 0.5722000002861023
eval_loss = 0.9906599521636963
eval_mae = 0.507
eval_runtime = 16.9468
eval_samples_per_second = 295.04
