eval_accuracy = 0.5482000112533569
eval_loss = 1.085824966430664
eval_mae = 0.5404
eval_runtime = 21.7898
eval_samples_per_second = 229.466
