eval_accuracy = 0.5016000270843506
eval_loss = 1.1768028736114502
eval_mae = 0.5946
eval_runtime = 17.366
eval_samples_per_second = 287.919
