eval_accuracy = 0.5802000164985657
eval_loss = 1.0175306797027588
eval_mae = 0.4958
eval_runtime = 30.1669
eval_samples_per_second = 165.745
