eval_accuracy = 0.5925999879837036
eval_loss = 0.9597198963165283
eval_mae = 0.484
eval_runtime = 17.4264
eval_samples_per_second = 286.921
