eval_accuracy = 0.5799999833106995
eval_loss = 1.0102266073226929
eval_mae = 0.4812
eval_runtime = 17.2975
eval_samples_per_second = 289.059
