eval_accuracy = 0.5662000179290771
eval_loss = 1.015483021736145
eval_mae = 0.5072
eval_runtime = 16.9892
eval_samples_per_second = 294.304
