eval_accuracy = 0.5600000023841858
eval_loss = 1.046460747718811
eval_mae = 0.5092
eval_runtime = 18.2811
eval_samples_per_second = 273.507
