eval_accuracy = 0.5482000112533569
eval_loss = 1.1478115320205688
eval_mae = 0.5828
eval_runtime = 17.426
eval_samples_per_second = 286.928
