eval_accuracy = 0.5582000017166138
eval_loss = 1.0786120891571045
eval_mae = 0.531
eval_runtime = 18.2907
eval_samples_per_second = 273.363
