eval_accuracy = 0.5813999772071838
eval_loss = 1.018548607826233
eval_mae = 0.4934
eval_runtime = 20.1499
eval_samples_per_second = 248.141
