eval_accuracy = 0.5551999807357788
eval_loss = 1.079003095626831
eval_mae = 0.5648
eval_runtime = 30.7387
eval_samples_per_second = 162.661
