eval_accuracy = 0.6355999708175659
eval_loss = 0.8899560570716858
eval_mae = 0.4152
eval_runtime = 19.1537
eval_samples_per_second = 261.046
