eval_accuracy = 0.5928000211715698
eval_loss = 0.9612818360328674
eval_mae = 0.4826
eval_runtime = 16.6438
eval_samples_per_second = 300.411
