eval_accuracy = 0.5911999940872192
eval_loss = 0.9609155058860779
eval_mae = 0.485
eval_runtime = 17.3325
eval_samples_per_second = 288.476
