eval_accuracy = 0.4731999933719635
eval_loss = 1.348800778388977
eval_mae = 0.6884
eval_runtime = 16.558
eval_samples_per_second = 301.969
