eval_accuracy = 0.5942000150680542
eval_loss = 0.9434518814086914
eval_mae = 0.4666
eval_runtime = 18.2936
eval_samples_per_second = 273.319
