eval_accuracy = 0.6015999913215637
eval_loss = 0.9360126852989197
eval_mae = 0.454
eval_runtime = 16.0382
eval_samples_per_second = 311.757
