eval_accuracy = 0.6065999865531921
eval_loss = 0.9492672681808472
eval_mae = 0.449
eval_runtime = 20.986
eval_samples_per_second = 238.254
