eval_accuracy = 0.4749999940395355
eval_loss = 1.3445727825164795
eval_mae = 0.6948
eval_runtime = 16.9322
eval_samples_per_second = 295.295
