eval_accuracy = 0.4830000102519989
eval_loss = 1.3524991273880005
eval_mae = 0.6712
eval_runtime = 19.304
eval_samples_per_second = 259.013
