eval_accuracy = 0.5708000063896179
eval_loss = 1.018352746963501
eval_mae = 0.5068
eval_runtime = 17.2501
eval_samples_per_second = 289.853
