eval_accuracy = 0.46860000491142273
eval_loss = 1.2979813814163208
eval_mae = 0.681
eval_runtime = 21.7023
eval_samples_per_second = 230.39
