eval_accuracy = 0.5928000211715698
eval_loss = 0.9609755873680115
eval_mae = 0.483
eval_runtime = 17.3444
eval_samples_per_second = 288.277
