eval_accuracy = 0.48240000009536743
eval_loss = 1.3517134189605713
eval_mae = 0.672
eval_runtime = 18.9966
eval_samples_per_second = 263.205
