eval_accuracy = 0.5577999949455261
eval_loss = 1.0629817247390747
eval_mae = 0.5206
eval_runtime = 18.3432
eval_samples_per_second = 272.581
