eval_accuracy = 0.5727999806404114
eval_loss = 0.9906113147735596
eval_mae = 0.5054
eval_runtime = 16.3029
eval_samples_per_second = 306.694
