eval_accuracy = 0.5475999712944031
eval_loss = 1.1486538648605347
eval_mae = 0.5838
eval_runtime = 17.1656
eval_samples_per_second = 291.28
