eval_accuracy = 0.5753999948501587
eval_loss = 1.0904995203018188
eval_mae = 0.51
eval_runtime = 16.0224
eval_samples_per_second = 312.063
