eval_accuracy = 0.44040000438690186
eval_loss = 1.44242262840271
eval_mae = 0.7274
eval_runtime = 24.0352
eval_samples_per_second = 208.028
