eval_accuracy = 0.5586000084877014
eval_loss = 1.0785578489303589
eval_mae = 0.5306
eval_runtime = 26.5618
eval_samples_per_second = 188.24
