eval_accuracy = 0.5703999996185303
eval_loss = 1.0204600095748901
eval_mae = 0.507
eval_runtime = 17.2232
eval_samples_per_second = 290.305
