eval_accuracy = 0.5475999712944031
eval_loss = 1.0857704877853394
eval_mae = 0.5414
eval_runtime = 27.5744
eval_samples_per_second = 181.328
