eval_accuracy = 0.5935999751091003
eval_loss = 0.9479417204856873
eval_mae = 0.469
eval_runtime = 18.6546
eval_samples_per_second = 268.03
