eval_accuracy = 0.4819999933242798
eval_loss = 1.3522409200668335
eval_mae = 0.6718
eval_runtime = 18.4589
eval_samples_per_second = 270.873
