eval_accuracy = 0.5076000094413757
eval_loss = 1.229043960571289
eval_mae = 0.62
eval_runtime = 22.4193
eval_samples_per_second = 223.022
