eval_accuracy = 0.5008000135421753
eval_loss = 1.2219289541244507
eval_mae = 0.5994
eval_runtime = 18.3141
eval_samples_per_second = 273.014
