eval_accuracy = 0.5712000131607056
eval_loss = 0.9905996322631836
eval_mae = 0.5076
eval_runtime = 16.9897
eval_samples_per_second = 294.296
