eval_accuracy = 0.5565999746322632
eval_loss = 1.0802654027938843
eval_mae = 0.5648
eval_runtime = 32.2027
eval_samples_per_second = 155.266
