eval_accuracy = 0.5807999968528748
eval_loss = 1.011472225189209
eval_mae = 0.481
eval_runtime = 17.4307
eval_samples_per_second = 286.85
