eval_accuracy = 0.5929999947547913
eval_loss = 1.0066512823104858
eval_mae = 0.4686
eval_runtime = 17.2416
eval_samples_per_second = 289.997
