eval_accuracy = 0.5576000213623047
eval_loss = 1.062496304512024
eval_mae = 0.5204
eval_runtime = 18.3286
eval_samples_per_second = 272.797
