eval_accuracy = 0.477400004863739
eval_loss = 1.3342790603637695
eval_mae = 0.6918
eval_runtime = 16.9211
eval_samples_per_second = 295.49
