eval_accuracy = 0.579800009727478
eval_loss = 1.0180084705352783
eval_mae = 0.4826
eval_runtime = 16.5566
eval_samples_per_second = 301.995
