eval_accuracy = 0.5437999963760376
eval_loss = 1.0278449058532715
eval_mae = 0.5392
eval_runtime = 16.4698
eval_samples_per_second = 303.585
