eval_accuracy = 0.5917999744415283
eval_loss = 0.9476580023765564
eval_mae = 0.4706
eval_runtime = 19.2517
eval_samples_per_second = 259.718
