eval_accuracy = 0.47279998660087585
eval_loss = 1.348629355430603
eval_mae = 0.6884
eval_runtime = 17.311
eval_samples_per_second = 288.833
