eval_accuracy = 0.5799999833106995
eval_loss = 1.0124191045761108
eval_mae = 0.4834
eval_runtime = 17.3334
eval_samples_per_second = 288.46
