eval_accuracy = 0.5590000152587891
eval_loss = 1.0785270929336548
eval_mae = 0.5304
eval_runtime = 18.561
eval_samples_per_second = 269.382
