eval_accuracy = 0.550000011920929
eval_loss = 1.1469160318374634
eval_mae = 0.5806
eval_runtime = 17.4796
eval_samples_per_second = 286.047
