eval_accuracy = 0.5910000205039978
eval_loss = 0.948046088218689
eval_mae = 0.4618
eval_runtime = 17.314
eval_samples_per_second = 288.783
