eval_accuracy = 0.5070000290870667
eval_loss = 1.228986382484436
eval_mae = 0.6202
eval_runtime = 20.3708
eval_samples_per_second = 245.45
