eval_accuracy = 0.4397999942302704
eval_loss = 1.4433884620666504
eval_mae = 0.7286
eval_runtime = 24.323
eval_samples_per_second = 205.567
