eval_accuracy = 0.6363999843597412
eval_loss = 0.8894938230514526
eval_mae = 0.4146
eval_runtime = 19.4719
eval_samples_per_second = 256.78
