eval_accuracy = 0.5088000297546387
eval_loss = 1.2221424579620361
eval_mae = 0.624
eval_runtime = 18.6661
eval_samples_per_second = 267.866
