eval_accuracy = 0.5946000218391418
eval_loss = 1.006683349609375
eval_mae = 0.467
eval_runtime = 17.1745
eval_samples_per_second = 291.129
