eval_accuracy = 0.5049999952316284
eval_loss = 1.2334390878677368
eval_mae = 0.5886
eval_runtime = 18.2526
eval_samples_per_second = 273.934
