eval_accuracy = 0.5569999814033508
eval_loss = 1.076094627380371
eval_mae = 0.532
eval_runtime = 18.7593
eval_samples_per_second = 266.535
