eval_accuracy = 0.5586000084877014
eval_loss = 1.0785298347473145
eval_mae = 0.5306
eval_runtime = 19.1123
eval_samples_per_second = 261.611
