eval_accuracy = 0.5651999711990356
eval_loss = 1.0148077011108398
eval_mae = 0.5074
eval_runtime = 16.9553
eval_samples_per_second = 294.893
