eval_accuracy = 0.4814000129699707
eval_loss = 1.392514705657959
eval_mae = 0.6734
eval_runtime = 32.197
eval_samples_per_second = 155.294
