eval_accuracy = 0.5934000015258789
eval_loss = 0.9604790806770325
eval_mae = 0.4826
eval_runtime = 17.3051
eval_samples_per_second = 288.933
