eval_accuracy = 0.574999988079071
eval_loss = 1.0055863857269287
eval_mae = 0.4968
eval_runtime = 16.3636
eval_samples_per_second = 305.557
