eval_accuracy = 0.5938000082969666
eval_loss = 0.9472227692604065
eval_mae = 0.468
eval_runtime = 18.5114
eval_samples_per_second = 270.104
