eval_accuracy = 0.5478000044822693
eval_loss = 1.0849984884262085
eval_mae = 0.5408
eval_runtime = 21.4136
eval_samples_per_second = 233.497
