eval_accuracy = 0.4674000144004822
eval_loss = 1.296203374862671
eval_mae = 0.6824
eval_runtime = 20.8538
eval_samples_per_second = 239.765
