eval_accuracy = 0.5753999948501587
eval_loss = 1.0866070985794067
eval_mae = 0.5094
eval_runtime = 16.9904
eval_samples_per_second = 294.284
