eval_accuracy = 0.46860000491142273
eval_loss = 1.2960233688354492
eval_mae = 0.6792
eval_runtime = 34.1408
eval_samples_per_second = 146.452
