eval_accuracy = 0.5708000063896179
eval_loss = 1.0208172798156738
eval_mae = 0.5074
eval_runtime = 16.6014
eval_samples_per_second = 301.179
