eval_accuracy = 0.5924000144004822
eval_loss = 0.9478753209114075
eval_mae = 0.4704
eval_runtime = 18.8441
eval_samples_per_second = 265.336
