eval_accuracy = 0.4726000130176544
eval_loss = 1.3245755434036255
eval_mae = 0.6772
eval_runtime = 19.3204
eval_samples_per_second = 258.794
