eval_accuracy = 0.46779999136924744
eval_loss = 1.2973172664642334
eval_mae = 0.6814
eval_runtime = 18.7961
eval_samples_per_second = 266.013
