eval_accuracy = 0.5807999968528748
eval_loss = 1.0118582248687744
eval_mae = 0.4808
eval_runtime = 17.4523
eval_samples_per_second = 286.494
