eval_accuracy = 0.4814000129699707
eval_loss = 1.3924812078475952
eval_mae = 0.6732
eval_runtime = 17.9488
eval_samples_per_second = 278.57
