eval_accuracy = 0.5483999848365784
eval_loss = 1.0859359502792358
eval_mae = 0.541
eval_runtime = 20.9276
eval_samples_per_second = 238.918
