eval_accuracy = 0.5027999877929688
eval_loss = 1.1548151969909668
eval_mae = 0.587
eval_runtime = 17.2179
eval_samples_per_second = 290.396
