eval_accuracy = 0.555400013923645
eval_loss = 1.025017499923706
eval_mae = 0.536
eval_runtime = 17.2778
eval_samples_per_second = 289.388
