eval_accuracy = 0.5550000071525574
eval_loss = 1.0800567865371704
eval_mae = 0.5656
eval_runtime = 26.0842
eval_samples_per_second = 191.687
