eval_accuracy = 0.6055999994277954
eval_loss = 0.9495462775230408
eval_mae = 0.4506
eval_runtime = 18.5955
eval_samples_per_second = 268.882
