eval_accuracy = 0.48339998722076416
eval_loss = 1.3524696826934814
eval_mae = 0.6708
eval_runtime = 20.4312
eval_samples_per_second = 244.724
