eval_accuracy = 0.5807999968528748
eval_loss = 1.0181818008422852
eval_mae = 0.494
eval_runtime = 19.0572
eval_samples_per_second = 262.369
