eval_accuracy = 0.526199996471405
eval_loss = 1.0537993907928467
eval_mae = 0.5718
eval_runtime = 16.9118
eval_samples_per_second = 295.652
