eval_accuracy = 0.6205999851226807
eval_loss = 0.9523525238037109
eval_mae = 0.43
eval_runtime = 17.4238
eval_samples_per_second = 286.963
