eval_accuracy = 0.571399986743927
eval_loss = 0.989819347858429
eval_mae = 0.5066
eval_runtime = 16.9447
eval_samples_per_second = 295.078
