eval_accuracy = 0.4968000054359436
eval_loss = 1.2378385066986084
eval_mae = 0.6476
eval_runtime = 23.6456
eval_samples_per_second = 211.456
