eval_accuracy = 0.5049999952316284
eval_loss = 1.2258119583129883
eval_mae = 0.622
eval_runtime = 18.9356
eval_samples_per_second = 264.053
