eval_accuracy = 0.5600000023841858
eval_loss = 1.0448682308197021
eval_mae = 0.5104
eval_runtime = 19.866
eval_samples_per_second = 251.686
