eval_accuracy = 0.5812000036239624
eval_loss = 1.018769383430481
eval_mae = 0.482
eval_runtime = 17.5919
eval_samples_per_second = 284.221
