eval_accuracy = 0.58160001039505
eval_loss = 1.0182255506515503
eval_mae = 0.4934
eval_runtime = 19.6274
eval_samples_per_second = 254.745
