eval_accuracy = 0.5789999961853027
eval_loss = 1.0177911520004272
eval_mae = 0.4836
eval_runtime = 16.8084
eval_samples_per_second = 297.47
