eval_accuracy = 0.58160001039505
eval_loss = 0.9787306785583496
eval_mae = 0.4886
eval_runtime = 17.3967
eval_samples_per_second = 287.411
