eval_accuracy = 0.5709999799728394
eval_loss = 1.0213967561721802
eval_mae = 0.5066
eval_runtime = 17.2993
eval_samples_per_second = 289.03
