eval_accuracy = 0.5759999752044678
eval_loss = 1.0062538385391235
eval_mae = 0.4954
eval_runtime = 17.1701
eval_samples_per_second = 291.204
