eval_accuracy = 0.4392000138759613
eval_loss = 1.4440221786499023
eval_mae = 0.7296
eval_runtime = 18.4931
eval_samples_per_second = 270.371
