eval_accuracy = 0.47040000557899475
eval_loss = 1.340151309967041
eval_mae = 0.6866
eval_runtime = 21.8948
eval_samples_per_second = 228.365
