eval_accuracy = 0.5785999894142151
eval_loss = 1.0170552730560303
eval_mae = 0.4838
eval_runtime = 17.4296
eval_samples_per_second = 286.869
