eval_accuracy = 0.5799999833106995
eval_loss = 1.008810043334961
eval_mae = 0.4806
eval_runtime = 17.5011
eval_samples_per_second = 285.696
