eval_accuracy = 0.5001999735832214
eval_loss = 1.2260469198226929
eval_mae = 0.6008
eval_runtime = 18.4775
eval_samples_per_second = 270.599
