eval_accuracy = 0.4708000123500824
eval_loss = 1.3237072229385376
eval_mae = 0.6834
eval_runtime = 19.5901
eval_samples_per_second = 255.231
