eval_accuracy = 0.6373999714851379
eval_loss = 0.8890963792800903
eval_mae = 0.4136
eval_runtime = 29.0779
eval_samples_per_second = 171.952
