eval_accuracy = 0.5781999826431274
eval_loss = 1.01517915725708
eval_mae = 0.4864
eval_runtime = 16.7688
eval_samples_per_second = 298.172
