eval_accuracy = 0.5997999906539917
eval_loss = 0.9557000994682312
eval_mae = 0.4642
eval_runtime = 17.4527
eval_samples_per_second = 286.488
