eval_accuracy = 0.4830000102519989
eval_loss = 1.3520443439483643
eval_mae = 0.6712
eval_runtime = 18.423
eval_samples_per_second = 271.4
