eval_accuracy = 0.6051999926567078
eval_loss = 0.950002908706665
eval_mae = 0.4522
eval_runtime = 20.1892
eval_samples_per_second = 247.657
