eval_accuracy = 0.5920000076293945
eval_loss = 0.9465310573577881
eval_mae = 0.4614
eval_runtime = 16.1639
eval_samples_per_second = 309.332
