eval_accuracy = 0.5753999948501587
eval_loss = 1.0854575634002686
eval_mae = 0.5114
eval_runtime = 16.1516
eval_samples_per_second = 309.566
