eval_accuracy = 0.6018000245094299
eval_loss = 0.9356517791748047
eval_mae = 0.4544
eval_runtime = 17.1054
eval_samples_per_second = 292.305
