eval_accuracy = 0.6205999851226807
eval_loss = 0.9508156180381775
eval_mae = 0.4292
eval_runtime = 17.4112
eval_samples_per_second = 287.171
