eval_accuracy = 0.5447999835014343
eval_loss = 1.0297565460205078
eval_mae = 0.5402
eval_runtime = 16.1161
eval_samples_per_second = 310.248
