eval_accuracy = 0.49959999322891235
eval_loss = 1.241943597793579
eval_mae = 0.5958
eval_runtime = 18.6088
eval_samples_per_second = 268.691
