eval_accuracy = 0.5063999891281128
eval_loss = 1.2286242246627808
eval_mae = 0.6208
eval_runtime = 19.4608
eval_samples_per_second = 256.927
