eval_accuracy = 0.5703999996185303
eval_loss = 0.991237223148346
eval_mae = 0.5076
eval_runtime = 16.8759
eval_samples_per_second = 296.281
