eval_accuracy = 0.5576000213623047
eval_loss = 1.0624644756317139
eval_mae = 0.5204
eval_runtime = 18.3157
eval_samples_per_second = 272.99
