eval_accuracy = 0.574999988079071
eval_loss = 1.0847899913787842
eval_mae = 0.5104
eval_runtime = 17.0228
eval_samples_per_second = 293.724
