eval_accuracy = 0.49939998984336853
eval_loss = 1.1554532051086426
eval_mae = 0.5918
eval_runtime = 16.2373
eval_samples_per_second = 307.933
