eval_accuracy = 0.5001999735832214
eval_loss = 1.2266950607299805
eval_mae = 0.5994
eval_runtime = 18.3782
eval_samples_per_second = 272.062
