eval_accuracy = 0.6010000109672546
eval_loss = 0.935623049736023
eval_mae = 0.4552
eval_runtime = 16.353
eval_samples_per_second = 305.754
