eval_accuracy = 0.5917999744415283
eval_loss = 1.0093523263931274
eval_mae = 0.4702
eval_runtime = 17.2113
eval_samples_per_second = 290.507
