eval_accuracy = 0.48100000619888306
eval_loss = 1.3458088636398315
eval_mae = 0.6724
eval_runtime = 18.1021
eval_samples_per_second = 276.212
