eval_accuracy = 0.5009999871253967
eval_loss = 1.155237078666687
eval_mae = 0.5882
eval_runtime = 17.2543
eval_samples_per_second = 289.784
