eval_accuracy = 0.5821999907493591
eval_loss = 0.9788705110549927
eval_mae = 0.4878
eval_runtime = 17.3807
eval_samples_per_second = 287.675
