eval_accuracy = 0.6057999730110168
eval_loss = 0.9467453956604004
eval_mae = 0.4558
eval_runtime = 16.534
eval_samples_per_second = 302.406
