eval_accuracy = 0.58160001039505
eval_loss = 1.0186902284622192
eval_mae = 0.4932
eval_runtime = 33.0248
eval_samples_per_second = 151.401
