eval_accuracy = 0.5929999947547913
eval_loss = 1.0072386264801025
eval_mae = 0.4686
eval_runtime = 17.1642
eval_samples_per_second = 291.305
