eval_accuracy = 0.5934000015258789
eval_loss = 1.0065443515777588
eval_mae = 0.4682
eval_runtime = 17.3149
eval_samples_per_second = 288.769
