eval_accuracy = 0.5910000205039978
eval_loss = 0.9483679533004761
eval_mae = 0.4628
eval_runtime = 17.293
eval_samples_per_second = 289.135
