eval_accuracy = 0.5460000038146973
eval_loss = 1.0285682678222656
eval_mae = 0.5386
eval_runtime = 16.4664
eval_samples_per_second = 303.649
