eval_accuracy = 0.45719999074935913
eval_loss = 1.3662230968475342
eval_mae = 0.7332
eval_runtime = 16.5723
eval_samples_per_second = 301.709
