eval_accuracy = 0.5562000274658203
eval_loss = 1.0795170068740845
eval_mae = 0.5648
eval_runtime = 18.1102
eval_samples_per_second = 276.088
