eval_accuracy = 0.579800009727478
eval_loss = 1.011723279953003
eval_mae = 0.482
eval_runtime = 17.4623
eval_samples_per_second = 286.331
