eval_accuracy = 0.5917999744415283
eval_loss = 0.9481914043426514
eval_mae = 0.4622
eval_runtime = 16.6307
eval_samples_per_second = 300.649
