eval_accuracy = 0.5605999827384949
eval_loss = 1.045464038848877
eval_mae = 0.509
eval_runtime = 18.4644
eval_samples_per_second = 270.792
