eval_accuracy = 0.5569999814033508
eval_loss = 1.0621941089630127
eval_mae = 0.5224
eval_runtime = 18.3292
eval_samples_per_second = 272.789
