eval_accuracy = 0.5031999945640564
eval_loss = 1.1580281257629395
eval_mae = 0.5868
eval_runtime = 16.29
eval_samples_per_second = 306.936
