eval_accuracy = 0.5934000015258789
eval_loss = 0.9609408378601074
eval_mae = 0.4826
eval_runtime = 17.5167
eval_samples_per_second = 285.442
