eval_accuracy = 0.5613999962806702
eval_loss = 1.04572594165802
eval_mae = 0.5074
eval_runtime = 18.5473
eval_samples_per_second = 269.582
