eval_accuracy = 0.5651999711990356
eval_loss = 1.014072299003601
eval_mae = 0.5064
eval_runtime = 17.1209
eval_samples_per_second = 292.041
