eval_accuracy = 0.4722000062465668
eval_loss = 1.350449800491333
eval_mae = 0.6886
eval_runtime = 16.5789
eval_samples_per_second = 301.587
