eval_accuracy = 0.6007999777793884
eval_loss = 0.9360588788986206
eval_mae = 0.4554
eval_runtime = 16.3731
eval_samples_per_second = 305.379
