eval_accuracy = 0.48339998722076416
eval_loss = 1.3527858257293701
eval_mae = 0.6724
eval_runtime = 17.7859
eval_samples_per_second = 281.122
