eval_accuracy = 0.4973999857902527
eval_loss = 1.226592779159546
eval_mae = 0.6052
eval_runtime = 18.1225
eval_samples_per_second = 275.9
