eval_accuracy = 0.46779999136924744
eval_loss = 1.2965954542160034
eval_mae = 0.6818
eval_runtime = 18.4679
eval_samples_per_second = 270.739
