eval_accuracy = 0.5464000105857849
eval_loss = 1.0843547582626343
eval_mae = 0.541
eval_runtime = 27.3117
eval_samples_per_second = 183.072
