eval_accuracy = 0.5663999915122986
eval_loss = 1.0150902271270752
eval_mae = 0.5066
eval_runtime = 17.0367
eval_samples_per_second = 293.485
