eval_accuracy = 0.49939998984336853
eval_loss = 1.2419710159301758
eval_mae = 0.5962
eval_runtime = 18.74
eval_samples_per_second = 266.809
