eval_accuracy = 0.5825999975204468
eval_loss = 0.9791701436042786
eval_mae = 0.4872
eval_runtime = 17.4622
eval_samples_per_second = 286.333
