eval_accuracy = 0.5943999886512756
eval_loss = 1.0084785223007202
eval_mae = 0.468
eval_runtime = 17.3375
eval_samples_per_second = 288.393
