eval_accuracy = 0.4968000054359436
eval_loss = 1.238745093345642
eval_mae = 0.648
eval_runtime = 30.0316
eval_samples_per_second = 166.491
