eval_accuracy = 0.5748000144958496
eval_loss = 1.0852583646774292
eval_mae = 0.511
eval_runtime = 17.2506
eval_samples_per_second = 289.845
