eval_accuracy = 0.5493999719619751
eval_loss = 1.148647665977478
eval_mae = 0.5814
eval_runtime = 16.5616
eval_samples_per_second = 301.903
