eval_accuracy = 0.5705999732017517
eval_loss = 1.020571231842041
eval_mae = 0.5076
eval_runtime = 17.431
eval_samples_per_second = 286.846
