eval_accuracy = 0.46720001101493835
eval_loss = 1.3377056121826172
eval_mae = 0.6902
eval_runtime = 24.505
eval_samples_per_second = 204.04
