eval_accuracy = 0.5699999928474426
eval_loss = 1.0210530757904053
eval_mae = 0.5078
eval_runtime = 17.4397
eval_samples_per_second = 286.702
