eval_accuracy = 0.508400022983551
eval_loss = 1.2283861637115479
eval_mae = 0.6228
eval_runtime = 19.0822
eval_samples_per_second = 262.024
