eval_accuracy = 0.5992000102996826
eval_loss = 0.9562948346138
eval_mae = 0.4652
eval_runtime = 17.5212
eval_samples_per_second = 285.368
