eval_accuracy = 0.5809999704360962
eval_loss = 1.011368989944458
eval_mae = 0.4804
eval_runtime = 16.7285
eval_samples_per_second = 298.891
