eval_accuracy = 0.5478000044822693
eval_loss = 1.0860635042190552
eval_mae = 0.5412
eval_runtime = 21.5085
eval_samples_per_second = 232.466
