eval_accuracy = 0.5058000087738037
eval_loss = 1.228941798210144
eval_mae = 0.6218
eval_runtime = 33.2264
eval_samples_per_second = 150.483
