eval_accuracy = 0.5464000105857849
eval_loss = 1.0303555727005005
eval_mae = 0.5384
eval_runtime = 17.3896
eval_samples_per_second = 287.528
