eval_accuracy = 0.5752000212669373
eval_loss = 1.0847185850143433
eval_mae = 0.51
eval_runtime = 16.9286
eval_samples_per_second = 295.358
