eval_accuracy = 0.5997999906539917
eval_loss = 0.9357712864875793
eval_mae = 0.4562
eval_runtime = 17.0559
eval_samples_per_second = 293.153
