eval_accuracy = 0.5544000267982483
eval_loss = 1.024751901626587
eval_mae = 0.537
eval_runtime = 17.5887
eval_samples_per_second = 284.273
