eval_accuracy = 0.4830000102519989
eval_loss = 1.3530699014663696
eval_mae = 0.6716
eval_runtime = 18.6347
eval_samples_per_second = 268.317
