eval_accuracy = 0.5717999935150146
eval_loss = 0.9905958771705627
eval_mae = 0.506
eval_runtime = 16.8635
eval_samples_per_second = 296.499
