eval_accuracy = 0.5454000234603882
eval_loss = 1.0892881155014038
eval_mae = 0.5428
eval_runtime = 18.2022
eval_samples_per_second = 274.693
