eval_accuracy = 0.4397999942302704
eval_loss = 1.4428362846374512
eval_mae = 0.7292
eval_runtime = 19.986
eval_samples_per_second = 250.175
