eval_accuracy = 0.5758000016212463
eval_loss = 1.005722165107727
eval_mae = 0.496
eval_runtime = 17.2011
eval_samples_per_second = 290.679
