eval_accuracy = 0.5924000144004822
eval_loss = 0.960269033908844
eval_mae = 0.4844
eval_runtime = 17.3157
eval_samples_per_second = 288.755
