eval_accuracy = 0.58160001039505
eval_loss = 1.0170387029647827
eval_mae = 0.4926
eval_runtime = 26.4771
eval_samples_per_second = 188.843
