eval_accuracy = 0.5698000192642212
eval_loss = 0.9913400411605835
eval_mae = 0.5074
eval_runtime = 16.9815
eval_samples_per_second = 294.439
