eval_accuracy = 0.6003999710083008
eval_loss = 0.9555651545524597
eval_mae = 0.4626
eval_runtime = 17.3393
eval_samples_per_second = 288.362
