eval_accuracy = 0.5807999968528748
eval_loss = 1.0114279985427856
eval_mae = 0.481
eval_runtime = 17.5293
eval_samples_per_second = 285.237
