eval_accuracy = 0.5475999712944031
eval_loss = 1.1497184038162231
eval_mae = 0.5838
eval_runtime = 17.6948
eval_samples_per_second = 282.569
