eval_accuracy = 0.6194000244140625
eval_loss = 0.9569108486175537
eval_mae = 0.4332
eval_runtime = 16.8313
eval_samples_per_second = 297.066
