eval_accuracy = 0.504800021648407
eval_loss = 1.2319624423980713
eval_mae = 0.6244
eval_runtime = 21.7856
eval_samples_per_second = 229.51
