eval_accuracy = 0.5573999881744385
eval_loss = 1.0809504985809326
eval_mae = 0.5642
eval_runtime = 18.1304
eval_samples_per_second = 275.78
