eval_accuracy = 0.4970000088214874
eval_loss = 1.2386833429336548
eval_mae = 0.6476
eval_runtime = 30.9435
eval_samples_per_second = 161.585
