eval_accuracy = 0.5649999976158142
eval_loss = 1.014686107635498
eval_mae = 0.5076
eval_runtime = 17.1708
eval_samples_per_second = 291.191
