eval_accuracy = 0.5005999803543091
eval_loss = 1.2281897068023682
eval_mae = 0.6028
eval_runtime = 18.3563
eval_samples_per_second = 272.386
