eval_accuracy = 0.5753999948501587
eval_loss = 1.0054503679275513
eval_mae = 0.496
eval_runtime = 17.2032
eval_samples_per_second = 290.643
