eval_accuracy = 0.5479999780654907
eval_loss = 1.0863131284713745
eval_mae = 0.541
eval_runtime = 25.5405
eval_samples_per_second = 195.768
