eval_accuracy = 0.43959999084472656
eval_loss = 1.4418725967407227
eval_mae = 0.7292
eval_runtime = 18.8545
eval_samples_per_second = 265.188
