eval_accuracy = 0.4950000047683716
eval_loss = 1.2281211614608765
eval_mae = 0.6492
eval_runtime = 35.6679
eval_samples_per_second = 140.182
