eval_accuracy = 0.6363999843597412
eval_loss = 0.8895347714424133
eval_mae = 0.4146
eval_runtime = 22.5942
eval_samples_per_second = 221.296
