eval_accuracy = 0.4724000096321106
eval_loss = 1.3422759771347046
eval_mae = 0.6878
eval_runtime = 17.3345
eval_samples_per_second = 288.441
