eval_accuracy = 0.5052000284194946
eval_loss = 1.177124261856079
eval_mae = 0.5934
eval_runtime = 16.7412
eval_samples_per_second = 298.664
