eval_accuracy = 0.5759999752044678
eval_loss = 1.086258053779602
eval_mae = 0.51
eval_runtime = 16.1278
eval_samples_per_second = 310.025
