eval_accuracy = 0.4674000144004822
eval_loss = 1.3396538496017456
eval_mae = 0.6896
eval_runtime = 18.0823
eval_samples_per_second = 276.514
