eval_accuracy = 0.5756000280380249
eval_loss = 1.0070587396621704
eval_mae = 0.4964
eval_runtime = 17.2152
eval_samples_per_second = 290.441
