eval_accuracy = 0.6065999865531921
eval_loss = 0.9498113989830017
eval_mae = 0.45
eval_runtime = 18.5621
eval_samples_per_second = 269.366
