eval_accuracy = 0.46959999203681946
eval_loss = 1.3394149541854858
eval_mae = 0.6872
eval_runtime = 21.4711
eval_samples_per_second = 232.871
