eval_accuracy = 0.49880000948905945
eval_loss = 1.1557728052139282
eval_mae = 0.5918
eval_runtime = 17.4005
eval_samples_per_second = 287.348
