eval_accuracy = 0.4722000062465668
eval_loss = 1.3521068096160889
eval_mae = 0.6904
eval_runtime = 17.4364
eval_samples_per_second = 286.757
