eval_accuracy = 0.5576000213623047
eval_loss = 1.0628670454025269
eval_mae = 0.5214
eval_runtime = 18.3576
eval_samples_per_second = 272.366
