eval_accuracy = 0.598800003528595
eval_loss = 0.9548717737197876
eval_mae = 0.4642
eval_runtime = 17.5205
eval_samples_per_second = 285.38
