eval_accuracy = 0.5587999820709229
eval_loss = 1.0446540117263794
eval_mae = 0.5118
eval_runtime = 18.3738
eval_samples_per_second = 272.127
