eval_accuracy = 0.5486000180244446
eval_loss = 1.1474677324295044
eval_mae = 0.5824
eval_runtime = 16.4971
eval_samples_per_second = 303.084
