eval_accuracy = 0.5573999881744385
eval_loss = 1.0791312456130981
eval_mae = 0.532
eval_runtime = 23.6708
eval_samples_per_second = 211.231
