eval_accuracy = 0.5942000150680542
eval_loss = 0.9480488300323486
eval_mae = 0.4682
eval_runtime = 21.1333
eval_samples_per_second = 236.593
