eval_accuracy = 0.574999988079071
eval_loss = 1.0839176177978516
eval_mae = 0.5092
eval_runtime = 16.9257
eval_samples_per_second = 295.409
