eval_accuracy = 0.47040000557899475
eval_loss = 1.351393699645996
eval_mae = 0.6922
eval_runtime = 17.3317
eval_samples_per_second = 288.489
