eval_accuracy = 0.579800009727478
eval_loss = 1.0174216032028198
eval_mae = 0.4818
eval_runtime = 17.6978
eval_samples_per_second = 282.52
