eval_accuracy = 0.579200029373169
eval_loss = 1.0104988813400269
eval_mae = 0.4826
eval_runtime = 17.502
eval_samples_per_second = 285.681
