eval_accuracy = 0.48240000009536743
eval_loss = 1.3911031484603882
eval_mae = 0.6724
eval_runtime = 20.3382
eval_samples_per_second = 245.843
