eval_accuracy = 0.5699999928474426
eval_loss = 1.0207881927490234
eval_mae = 0.5054
eval_runtime = 17.3043
eval_samples_per_second = 288.945
