eval_accuracy = 0.5264000296592712
eval_loss = 1.0536415576934814
eval_mae = 0.5708
eval_runtime = 15.963
eval_samples_per_second = 313.224
