eval_accuracy = 0.5608000159263611
eval_loss = 1.056004285812378
eval_mae = 0.5194
eval_runtime = 18.3828
eval_samples_per_second = 271.994
