eval_accuracy = 0.4697999954223633
eval_loss = 1.3483173847198486
eval_mae = 0.692
eval_runtime = 17.3642
eval_samples_per_second = 287.949
