eval_accuracy = 0.5565999746322632
eval_loss = 1.0807373523712158
eval_mae = 0.5652
eval_runtime = 18.4613
eval_samples_per_second = 270.837
