eval_accuracy = 0.6011999845504761
eval_loss = 0.9358939528465271
eval_mae = 0.4548
eval_runtime = 16.2279
eval_samples_per_second = 308.111
