eval_accuracy = 0.579800009727478
eval_loss = 1.0116056203842163
eval_mae = 0.4816
eval_runtime = 16.7928
eval_samples_per_second = 297.746
