eval_accuracy = 0.6057999730110168
eval_loss = 0.9496603608131409
eval_mae = 0.4502
eval_runtime = 20.5716
eval_samples_per_second = 243.053
