eval_accuracy = 0.4970000088214874
eval_loss = 1.2385333776474
eval_mae = 0.6476
eval_runtime = 32.9105
eval_samples_per_second = 151.927
