eval_accuracy = 0.5580000281333923
eval_loss = 1.078574776649475
eval_mae = 0.5314
eval_runtime = 18.18
eval_samples_per_second = 275.028
