eval_accuracy = 0.6047999858856201
eval_loss = 0.9458892345428467
eval_mae = 0.4572
eval_runtime = 17.4986
eval_samples_per_second = 285.737
