eval_accuracy = 0.48159998655319214
eval_loss = 1.3880400657653809
eval_mae = 0.675
eval_runtime = 30.4797
eval_samples_per_second = 164.044
