eval_accuracy = 0.5703999996185303
eval_loss = 0.9906741380691528
eval_mae = 0.508
eval_runtime = 16.1028
eval_samples_per_second = 310.505
