eval_accuracy = 0.5789999961853027
eval_loss = 1.0845954418182373
eval_mae = 0.5048
eval_runtime = 16.5135
eval_samples_per_second = 302.783
