eval_accuracy = 0.5809999704360962
eval_loss = 1.0188699960708618
eval_mae = 0.4938
eval_runtime = 18.8334
eval_samples_per_second = 265.486
