eval_accuracy = 0.6050000190734863
eval_loss = 0.9483880996704102
eval_mae = 0.4516
eval_runtime = 20.1254
eval_samples_per_second = 248.443
