eval_accuracy = 0.5820000171661377
eval_loss = 0.9785849452018738
eval_mae = 0.489
eval_runtime = 16.7294
eval_samples_per_second = 298.874
