eval_accuracy = 0.5031999945640564
eval_loss = 1.1768290996551514
eval_mae = 0.5918
eval_runtime = 17.3607
eval_samples_per_second = 288.007
