eval_accuracy = 0.5587999820709229
eval_loss = 1.0623685121536255
eval_mae = 0.5198
eval_runtime = 19.6959
eval_samples_per_second = 253.86
