eval_accuracy = 0.5473999977111816
eval_loss = 1.1466628313064575
eval_mae = 0.5836
eval_runtime = 16.7956
eval_samples_per_second = 297.696
