eval_accuracy = 0.5809999704360962
eval_loss = 1.0117603540420532
eval_mae = 0.4812
eval_runtime = 17.4565
eval_samples_per_second = 286.426
