eval_accuracy = 0.47200000286102295
eval_loss = 1.3487040996551514
eval_mae = 0.6912
eval_runtime = 17.3556
eval_samples_per_second = 288.091
