eval_accuracy = 0.48100000619888306
eval_loss = 1.392089605331421
eval_mae = 0.6736
eval_runtime = 21.6
eval_samples_per_second = 231.482
