eval_accuracy = 0.5758000016212463
eval_loss = 1.0845731496810913
eval_mae = 0.5096
eval_runtime = 16.1087
eval_samples_per_second = 310.391
