eval_accuracy = 0.5023999810218811
eval_loss = 1.176165223121643
eval_mae = 0.5918
eval_runtime = 17.3087
eval_samples_per_second = 288.872
