eval_accuracy = 0.4966000020503998
eval_loss = 1.2392948865890503
eval_mae = 0.6482
eval_runtime = 24.9871
eval_samples_per_second = 200.103
