eval_accuracy = 0.5758000016212463
eval_loss = 1.005977988243103
eval_mae = 0.4962
eval_runtime = 16.7993
eval_samples_per_second = 297.632
