eval_accuracy = 0.5586000084877014
eval_loss = 1.0629876852035522
eval_mae = 0.5196
eval_runtime = 18.317
eval_samples_per_second = 272.97
