eval_accuracy = 0.5920000076293945
eval_loss = 0.9493977427482605
eval_mae = 0.4614
eval_runtime = 17.1292
eval_samples_per_second = 291.899
