eval_accuracy = 0.5001999735832214
eval_loss = 1.2424683570861816
eval_mae = 0.5954
eval_runtime = 18.8852
eval_samples_per_second = 264.758
