eval_accuracy = 0.6011999845504761
eval_loss = 0.9358130693435669
eval_mae = 0.4552
eval_runtime = 16.9558
eval_samples_per_second = 294.885
