eval_accuracy = 0.5788000226020813
eval_loss = 1.0113623142242432
eval_mae = 0.4822
eval_runtime = 17.3921
eval_samples_per_second = 287.487
