eval_accuracy = 0.5562000274658203
eval_loss = 1.0808485746383667
eval_mae = 0.5652
eval_runtime = 18.4998
eval_samples_per_second = 270.273
