eval_accuracy = 0.5839999914169312
eval_loss = 0.9754058718681335
eval_mae = 0.4848
eval_runtime = 17.3531
eval_samples_per_second = 288.133
