eval_accuracy = 0.48159998655319214
eval_loss = 1.3921549320220947
eval_mae = 0.673
eval_runtime = 24.6731
eval_samples_per_second = 202.65
