eval_accuracy = 0.6078000068664551
eval_loss = 0.9487472772598267
eval_mae = 0.448
eval_runtime = 23.004
eval_samples_per_second = 217.354
