eval_accuracy = 0.5709999799728394
eval_loss = 0.9910142421722412
eval_mae = 0.5082
eval_runtime = 16.9213
eval_samples_per_second = 295.485
