eval_accuracy = 0.6047999858856201
eval_loss = 0.9478365182876587
eval_mae = 0.4512
eval_runtime = 19.0764
eval_samples_per_second = 262.105
