eval_accuracy = 0.5759999752044678
eval_loss = 1.0055197477340698
eval_mae = 0.496
eval_runtime = 17.1871
eval_samples_per_second = 290.916
