eval_accuracy = 0.5619999766349792
eval_loss = 1.0452615022659302
eval_mae = 0.508
eval_runtime = 20.2886
eval_samples_per_second = 246.444
