eval_accuracy = 0.6212000250816345
eval_loss = 0.9510048627853394
eval_mae = 0.4286
eval_runtime = 17.3177
eval_samples_per_second = 288.722
