eval_accuracy = 0.6010000109672546
eval_loss = 0.9543247818946838
eval_mae = 0.4622
eval_runtime = 17.5617
eval_samples_per_second = 284.71
