eval_accuracy = 0.5622000098228455
eval_loss = 1.0467658042907715
eval_mae = 0.5078
eval_runtime = 18.4531
eval_samples_per_second = 270.958
