eval_accuracy = 0.4803999960422516
eval_loss = 1.392525553703308
eval_mae = 0.6742
eval_runtime = 32.9083
eval_samples_per_second = 151.937
