eval_accuracy = 0.5473999977111816
eval_loss = 1.0862094163894653
eval_mae = 0.5416
eval_runtime = 23.8367
eval_samples_per_second = 209.761
