eval_accuracy = 0.4697999954223633
eval_loss = 1.3419650793075562
eval_mae = 0.6858
eval_runtime = 20.1174
eval_samples_per_second = 248.541
