eval_accuracy = 0.5902000069618225
eval_loss = 1.0056160688400269
eval_mae = 0.4716
eval_runtime = 17.3808
eval_samples_per_second = 287.674
