eval_accuracy = 0.5720000267028809
eval_loss = 1.0036070346832275
eval_mae = 0.4984
eval_runtime = 16.5185
eval_samples_per_second = 302.691
