eval_accuracy = 0.6061999797821045
eval_loss = 0.9496574401855469
eval_mae = 0.4502
eval_runtime = 18.5971
eval_samples_per_second = 268.859
