eval_accuracy = 0.49880000948905945
eval_loss = 1.227911114692688
eval_mae = 0.6036
eval_runtime = 18.4689
eval_samples_per_second = 270.726
