eval_accuracy = 0.5062000155448914
eval_loss = 1.2279603481292725
eval_mae = 0.6214
eval_runtime = 27.9074
eval_samples_per_second = 179.164
