eval_accuracy = 0.5920000076293945
eval_loss = 0.947425365447998
eval_mae = 0.4704
eval_runtime = 20.8811
eval_samples_per_second = 239.451
