eval_accuracy = 0.6367999911308289
eval_loss = 0.8896470665931702
eval_mae = 0.4142
eval_runtime = 22.0243
eval_samples_per_second = 227.022
