eval_accuracy = 0.506600022315979
eval_loss = 1.2281358242034912
eval_mae = 0.6206
eval_runtime = 18.9361
eval_samples_per_second = 264.045
