eval_accuracy = 0.555400013923645
eval_loss = 1.0250593423843384
eval_mae = 0.5364
eval_runtime = 17.3147
eval_samples_per_second = 288.772
