eval_accuracy = 0.47620001435279846
eval_loss = 1.3425064086914062
eval_mae = 0.6938
eval_runtime = 17.3038
eval_samples_per_second = 288.954
