eval_accuracy = 0.5583999752998352
eval_loss = 1.0784529447555542
eval_mae = 0.5312
eval_runtime = 18.4141
eval_samples_per_second = 271.531
