eval_accuracy = 0.4399999976158142
eval_loss = 1.4427194595336914
eval_mae = 0.729
eval_runtime = 20.3746
eval_samples_per_second = 245.404
