eval_accuracy = 0.5008000135421753
eval_loss = 1.1556129455566406
eval_mae = 0.59
eval_runtime = 17.4848
eval_samples_per_second = 285.963
