eval_accuracy = 0.5546000003814697
eval_loss = 1.0261222124099731
eval_mae = 0.5378
eval_runtime = 17.5873
eval_samples_per_second = 284.295
