eval_accuracy = 0.5741999745368958
eval_loss = 1.0845757722854614
eval_mae = 0.5102
eval_runtime = 17.0848
eval_samples_per_second = 292.658
