eval_accuracy = 0.6078000068664551
eval_loss = 0.9503703117370605
eval_mae = 0.4492
eval_runtime = 18.5861
eval_samples_per_second = 269.019
