eval_accuracy = 0.5266000032424927
eval_loss = 1.0535780191421509
eval_mae = 0.5696
eval_runtime = 16.5718
eval_samples_per_second = 301.718
