eval_accuracy = 0.4564000070095062
eval_loss = 1.3702090978622437
eval_mae = 0.7336
eval_runtime = 16.7893
eval_samples_per_second = 297.808
