eval_accuracy = 0.5705999732017517
eval_loss = 1.0209475755691528
eval_mae = 0.507
eval_runtime = 17.4778
eval_samples_per_second = 286.077
