eval_accuracy = 0.527400016784668
eval_loss = 1.0514426231384277
eval_mae = 0.5692
eval_runtime = 16.0279
eval_samples_per_second = 311.957
