eval_accuracy = 0.48100000619888306
eval_loss = 1.3943976163864136
eval_mae = 0.6748
eval_runtime = 19.1879
eval_samples_per_second = 260.581
