eval_accuracy = 0.5806000232696533
eval_loss = 1.0182784795761108
eval_mae = 0.4942
eval_runtime = 27.6401
eval_samples_per_second = 180.896
