eval_accuracy = 0.6018000245094299
eval_loss = 0.9356120228767395
eval_mae = 0.4548
eval_runtime = 17.0816
eval_samples_per_second = 292.712
