eval_accuracy = 0.5008000135421753
eval_loss = 1.1556799411773682
eval_mae = 0.5892
eval_runtime = 16.5833
eval_samples_per_second = 301.509
