eval_accuracy = 0.5583999752998352
eval_loss = 1.0783259868621826
eval_mae = 0.5308
eval_runtime = 31.7195
eval_samples_per_second = 157.632
