eval_accuracy = 0.5813999772071838
eval_loss = 0.9794080257415771
eval_mae = 0.4876
eval_runtime = 17.3429
eval_samples_per_second = 288.302
