eval_accuracy = 0.5604000091552734
eval_loss = 1.0780378580093384
eval_mae = 0.562
eval_runtime = 17.7528
eval_samples_per_second = 281.646
