eval_accuracy = 0.5741999745368958
eval_loss = 1.0040310621261597
eval_mae = 0.4986
eval_runtime = 16.5578
eval_samples_per_second = 301.972
