eval_accuracy = 0.4690000116825104
eval_loss = 1.2967884540557861
eval_mae = 0.6818
eval_runtime = 17.985
eval_samples_per_second = 278.01
