eval_accuracy = 0.5952000021934509
eval_loss = 0.9596772193908691
eval_mae = 0.481
eval_runtime = 17.4056
eval_samples_per_second = 287.264
