eval_accuracy = 0.6043999791145325
eval_loss = 0.9451996088027954
eval_mae = 0.4568
eval_runtime = 17.5889
eval_samples_per_second = 284.271
