eval_accuracy = 0.48339998722076416
eval_loss = 1.35231351852417
eval_mae = 0.6706
eval_runtime = 18.4301
eval_samples_per_second = 271.296
