eval_accuracy = 0.6200000047683716
eval_loss = 0.951120913028717
eval_mae = 0.4294
eval_runtime = 17.3546
eval_samples_per_second = 288.109
