eval_accuracy = 0.5813999772071838
eval_loss = 0.9784724712371826
eval_mae = 0.4884
eval_runtime = 17.3852
eval_samples_per_second = 287.6
