eval_accuracy = 0.5562000274658203
eval_loss = 1.0805411338806152
eval_mae = 0.565
eval_runtime = 18.5582
eval_samples_per_second = 269.423
