eval_accuracy = 0.48100000619888306
eval_loss = 1.3923742771148682
eval_mae = 0.6736
eval_runtime = 24.1406
eval_samples_per_second = 207.12
