eval_accuracy = 0.5748000144958496
eval_loss = 1.085219383239746
eval_mae = 0.5104
eval_runtime = 16.4193
eval_samples_per_second = 304.52
