eval_accuracy = 0.5479999780654907
eval_loss = 1.0859652757644653
eval_mae = 0.541
eval_runtime = 27.0156
eval_samples_per_second = 185.078
