eval_accuracy = 0.48260000348091125
eval_loss = 1.3522388935089111
eval_mae = 0.672
eval_runtime = 17.7624
eval_samples_per_second = 281.494
