eval_accuracy = 0.46480000019073486
eval_loss = 1.2946147918701172
eval_mae = 0.682
eval_runtime = 19.131
eval_samples_per_second = 261.356
