eval_accuracy = 0.4690000116825104
eval_loss = 1.3385775089263916
eval_mae = 0.6882
eval_runtime = 18.0221
eval_samples_per_second = 277.437
