eval_accuracy = 0.5703999996185303
eval_loss = 0.9975922703742981
eval_mae = 0.499
eval_runtime = 17.1793
eval_samples_per_second = 291.048
