eval_accuracy = 0.4828000068664551
eval_loss = 1.352201223373413
eval_mae = 0.6716
eval_runtime = 18.5624
eval_samples_per_second = 269.361
