eval_accuracy = 0.5568000078201294
eval_loss = 1.0626142024993896
eval_mae = 0.5224
eval_runtime = 17.9838
eval_samples_per_second = 278.028
