eval_accuracy = 0.4997999966144562
eval_loss = 1.2409747838974
eval_mae = 0.595
eval_runtime = 18.513
eval_samples_per_second = 270.08
