eval_accuracy = 0.5651999711990356
eval_loss = 1.0153099298477173
eval_mae = 0.5058
eval_runtime = 17.0199
eval_samples_per_second = 293.774
