eval_accuracy = 0.5917999744415283
eval_loss = 0.9487930536270142
eval_mae = 0.4616
eval_runtime = 16.6127
eval_samples_per_second = 300.975
