eval_accuracy = 0.5583999752998352
eval_loss = 1.0785783529281616
eval_mae = 0.5308
eval_runtime = 31.5362
eval_samples_per_second = 158.548
