eval_accuracy = 0.4397999942302704
eval_loss = 1.442879319190979
eval_mae = 0.7292
eval_runtime = 18.926
eval_samples_per_second = 264.186
