eval_accuracy = 0.592199981212616
eval_loss = 1.0074046850204468
eval_mae = 0.4702
eval_runtime = 17.4229
eval_samples_per_second = 286.978
