eval_accuracy = 0.4821999967098236
eval_loss = 1.3532347679138184
eval_mae = 0.6696
eval_runtime = 17.762
eval_samples_per_second = 281.5
