eval_accuracy = 0.5946000218391418
eval_loss = 1.0059361457824707
eval_mae = 0.4678
eval_runtime = 17.3316
eval_samples_per_second = 288.49
