eval_accuracy = 0.5698000192642212
eval_loss = 1.020997405052185
eval_mae = 0.5082
eval_runtime = 17.2593
eval_samples_per_second = 289.698
