eval_accuracy = 0.4713999927043915
eval_loss = 1.3491907119750977
eval_mae = 0.6904
eval_runtime = 16.6258
eval_samples_per_second = 300.737
