eval_accuracy = 0.599399983882904
eval_loss = 0.9553747773170471
eval_mae = 0.4636
eval_runtime = 17.2704
eval_samples_per_second = 289.513
