eval_accuracy = 0.5569999814033508
eval_loss = 1.0249356031417847
eval_mae = 0.5336
eval_runtime = 17.2626
eval_samples_per_second = 289.643
