eval_accuracy = 0.4586000144481659
eval_loss = 1.3661433458328247
eval_mae = 0.731
eval_runtime = 17.3287
eval_samples_per_second = 288.538
