eval_accuracy = 0.5789999961853027
eval_loss = 1.0115165710449219
eval_mae = 0.4834
eval_runtime = 17.4198
eval_samples_per_second = 287.03
