eval_accuracy = 0.6212000250816345
eval_loss = 0.9504212737083435
eval_mae = 0.429
eval_runtime = 17.4321
eval_samples_per_second = 286.827
