eval_accuracy = 0.5924000144004822
eval_loss = 0.9491156339645386
eval_mae = 0.4614
eval_runtime = 16.5542
eval_samples_per_second = 302.038
