eval_accuracy = 0.5454000234603882
eval_loss = 1.0292210578918457
eval_mae = 0.5406
eval_runtime = 17.0647
eval_samples_per_second = 293.003
