eval_accuracy = 0.5091999769210815
eval_loss = 1.2212625741958618
eval_mae = 0.6158
eval_runtime = 19.8697
eval_samples_per_second = 251.64
