eval_accuracy = 0.49900001287460327
eval_loss = 1.2257912158966064
eval_mae = 0.603
eval_runtime = 18.4015
eval_samples_per_second = 271.716
