eval_accuracy = 0.5419999957084656
eval_loss = 1.0306767225265503
eval_mae = 0.5428
eval_runtime = 17.3752
eval_samples_per_second = 287.766
