eval_accuracy = 0.5648000240325928
eval_loss = 1.014142632484436
eval_mae = 0.508
eval_runtime = 16.6076
eval_samples_per_second = 301.066
