eval_accuracy = 0.4772000014781952
eval_loss = 1.382254958152771
eval_mae = 0.6776
eval_runtime = 27.0767
eval_samples_per_second = 184.661
