eval_accuracy = 0.5712000131607056
eval_loss = 0.9913163781166077
eval_mae = 0.5072
eval_runtime = 16.8879
eval_samples_per_second = 296.07
