eval_accuracy = 0.46619999408721924
eval_loss = 1.3449865579605103
eval_mae = 0.6918
eval_runtime = 18.7326
eval_samples_per_second = 266.915
