eval_accuracy = 0.5929999947547913
eval_loss = 0.9477214813232422
eval_mae = 0.4692
eval_runtime = 18.75
eval_samples_per_second = 266.667
