eval_accuracy = 0.5012000203132629
eval_loss = 1.2370197772979736
eval_mae = 0.5936
eval_runtime = 23.6071
eval_samples_per_second = 211.8
