eval_accuracy = 0.5612000226974487
eval_loss = 1.0452085733413696
eval_mae = 0.509
eval_runtime = 18.058
eval_samples_per_second = 276.885
