eval_accuracy = 0.4957999885082245
eval_loss = 1.2404958009719849
eval_mae = 0.6484
eval_runtime = 23.9897
eval_samples_per_second = 208.423
