eval_accuracy = 0.5812000036239624
eval_loss = 1.0186364650726318
eval_mae = 0.4936
eval_runtime = 22.5809
eval_samples_per_second = 221.426
