eval_accuracy = 0.5026000142097473
eval_loss = 1.1764737367630005
eval_mae = 0.593
eval_runtime = 16.6991
eval_samples_per_second = 299.417
