eval_accuracy = 0.5641999840736389
eval_loss = 1.0148987770080566
eval_mae = 0.5082
eval_runtime = 17.016
eval_samples_per_second = 293.841
