eval_accuracy = 0.5576000213623047
eval_loss = 1.0242184400558472
eval_mae = 0.5328
eval_runtime = 17.2306
eval_samples_per_second = 290.181
