eval_accuracy = 0.4765999913215637
eval_loss = 1.3434743881225586
eval_mae = 0.6932
eval_runtime = 16.9368
eval_samples_per_second = 295.214
