eval_accuracy = 0.5938000082969666
eval_loss = 0.9606871008872986
eval_mae = 0.482
eval_runtime = 17.4449
eval_samples_per_second = 286.616
