eval_accuracy = 0.5708000063896179
eval_loss = 1.0217782258987427
eval_mae = 0.5078
eval_runtime = 17.4648
eval_samples_per_second = 286.29
