eval_accuracy = 0.5803999900817871
eval_loss = 1.0182212591171265
eval_mae = 0.4946
eval_runtime = 18.3681
eval_samples_per_second = 272.211
