eval_accuracy = 0.579800009727478
eval_loss = 1.0178574323654175
eval_mae = 0.4822
eval_runtime = 17.0095
eval_samples_per_second = 293.953
