eval_accuracy = 0.590399980545044
eval_loss = 0.9490407109260559
eval_mae = 0.4634
eval_runtime = 17.4953
eval_samples_per_second = 285.791
