eval_accuracy = 0.5807999968528748
eval_loss = 0.9787031412124634
eval_mae = 0.4888
eval_runtime = 17.4721
eval_samples_per_second = 286.171
