eval_accuracy = 0.5023999810218811
eval_loss = 1.1469744443893433
eval_mae = 0.5874
eval_runtime = 17.3886
eval_samples_per_second = 287.544
