eval_accuracy = 0.5752000212669373
eval_loss = 1.0058062076568604
eval_mae = 0.497
eval_runtime = 17.1826
eval_samples_per_second = 290.992
