eval_accuracy = 0.5795999765396118
eval_loss = 1.0114578008651733
eval_mae = 0.4818
eval_runtime = 17.3953
eval_samples_per_second = 287.435
