eval_accuracy = 0.5893999934196472
eval_loss = 0.9491815567016602
eval_mae = 0.4644
eval_runtime = 16.5786
eval_samples_per_second = 301.593
