eval_accuracy = 0.600600004196167
eval_loss = 0.9356850385665894
eval_mae = 0.4538
eval_runtime = 17.1628
eval_samples_per_second = 291.328
