eval_accuracy = 0.5565999746322632
eval_loss = 1.0231925249099731
eval_mae = 0.5332
eval_runtime = 17.1607
eval_samples_per_second = 291.364
