eval_accuracy = 0.5475999712944031
eval_loss = 1.0866066217422485
eval_mae = 0.5416
eval_runtime = 36.7378
eval_samples_per_second = 136.1
