eval_accuracy = 0.4675999879837036
eval_loss = 1.2974894046783447
eval_mae = 0.6828
eval_runtime = 32.4694
eval_samples_per_second = 153.991
