eval_accuracy = 0.5004000067710876
eval_loss = 1.2417227029800415
eval_mae = 0.5952
eval_runtime = 21.5657
eval_samples_per_second = 231.849
