eval_accuracy = 0.4681999981403351
eval_loss = 1.3391493558883667
eval_mae = 0.6882
eval_runtime = 31.1292
eval_samples_per_second = 160.621
