eval_accuracy = 0.52920001745224
eval_loss = 1.0524293184280396
eval_mae = 0.5674
eval_runtime = 16.3967
eval_samples_per_second = 304.94
