eval_accuracy = 0.6064000129699707
eval_loss = 0.9462867379188538
eval_mae = 0.4554
eval_runtime = 17.1841
eval_samples_per_second = 290.967
