eval_accuracy = 0.4984000027179718
eval_loss = 1.2274620532989502
eval_mae = 0.6036
eval_runtime = 27.0709
eval_samples_per_second = 184.7
