eval_accuracy = 0.5813999772071838
eval_loss = 0.9790928959846497
eval_mae = 0.4884
eval_runtime = 17.398
eval_samples_per_second = 287.389
