eval_accuracy = 0.6015999913215637
eval_loss = 0.9364498853683472
eval_mae = 0.4542
eval_runtime = 16.3459
eval_samples_per_second = 305.886
