eval_accuracy = 0.5899999737739563
eval_loss = 0.9490494132041931
eval_mae = 0.4646
eval_runtime = 16.5766
eval_samples_per_second = 301.629
