eval_accuracy = 0.5486000180244446
eval_loss = 1.1482234001159668
eval_mae = 0.5822
eval_runtime = 17.5429
eval_samples_per_second = 285.016
