eval_accuracy = 0.5275999903678894
eval_loss = 1.0535565614700317
eval_mae = 0.5696
eval_runtime = 16.9904
eval_samples_per_second = 294.283
