eval_accuracy = 0.5709999799728394
eval_loss = 0.9908486604690552
eval_mae = 0.507
eval_runtime = 16.9655
eval_samples_per_second = 294.717
