eval_accuracy = 0.6065999865531921
eval_loss = 0.9516274333000183
eval_mae = 0.4498
eval_runtime = 18.4598
eval_samples_per_second = 270.858
