eval_accuracy = 0.5702000260353088
eval_loss = 1.0212641954421997
eval_mae = 0.5078
eval_runtime = 17.3336
eval_samples_per_second = 288.457
