eval_accuracy = 0.5586000084877014
eval_loss = 1.07845139503479
eval_mae = 0.5308
eval_runtime = 32.4021
eval_samples_per_second = 154.311
