eval_accuracy = 0.4828000068664551
eval_loss = 1.3526039123535156
eval_mae = 0.6714
eval_runtime = 23.2391
eval_samples_per_second = 215.154
