eval_accuracy = 0.5752000212669373
eval_loss = 1.0850024223327637
eval_mae = 0.511
eval_runtime = 17.0334
eval_samples_per_second = 293.541
