eval_accuracy = 0.5565999746322632
eval_loss = 1.024722695350647
eval_mae = 0.5342
eval_runtime = 17.3064
eval_samples_per_second = 288.91
