eval_accuracy = 0.4968000054359436
eval_loss = 1.2374075651168823
eval_mae = 0.6478
eval_runtime = 21.5451
eval_samples_per_second = 232.071
