eval_accuracy = 0.5807999968528748
eval_loss = 1.017791748046875
eval_mae = 0.494
eval_runtime = 18.7675
eval_samples_per_second = 266.417
