eval_accuracy = 0.6205999851226807
eval_loss = 0.9508621096611023
eval_mae = 0.429
eval_runtime = 17.4817
eval_samples_per_second = 286.013
