eval_accuracy = 0.4413999915122986
eval_loss = 1.4384734630584717
eval_mae = 0.7256
eval_runtime = 18.5624
eval_samples_per_second = 269.361
