eval_accuracy = 0.5645999908447266
eval_loss = 1.0148605108261108
eval_mae = 0.5074
eval_runtime = 17.2212
eval_samples_per_second = 290.34
