eval_accuracy = 0.5027999877929688
eval_loss = 1.2408548593521118
eval_mae = 0.5904
eval_runtime = 19.2471
eval_samples_per_second = 259.779
