eval_accuracy = 0.5925999879837036
eval_loss = 1.0076175928115845
eval_mae = 0.4704
eval_runtime = 16.7662
eval_samples_per_second = 298.219
