eval_accuracy = 0.5586000084877014
eval_loss = 1.0787402391433716
eval_mae = 0.5308
eval_runtime = 23.3809
eval_samples_per_second = 213.849
