eval_accuracy = 0.5473999977111816
eval_loss = 1.0857666730880737
eval_mae = 0.541
eval_runtime = 19.7138
eval_samples_per_second = 253.63
