eval_accuracy = 0.5558000206947327
eval_loss = 1.0251230001449585
eval_mae = 0.5352
eval_runtime = 17.3199
eval_samples_per_second = 288.686
