eval_accuracy = 0.592199981212616
eval_loss = 0.9491985440254211
eval_mae = 0.47
eval_runtime = 19.8502
eval_samples_per_second = 251.886
