eval_accuracy = 0.5752000212669373
eval_loss = 1.0865548849105835
eval_mae = 0.5112
eval_runtime = 16.0864
eval_samples_per_second = 310.821
