eval_accuracy = 0.5559999942779541
eval_loss = 1.0247461795806885
eval_mae = 0.535
eval_runtime = 17.2865
eval_samples_per_second = 289.243
