eval_accuracy = 0.4837999939918518
eval_loss = 1.3516918420791626
eval_mae = 0.6706
eval_runtime = 17.763
eval_samples_per_second = 281.485
