eval_accuracy = 0.5582000017166138
eval_loss = 1.0786925554275513
eval_mae = 0.5312
eval_runtime = 30.379
eval_samples_per_second = 164.587
