eval_accuracy = 0.5753999948501587
eval_loss = 1.0855705738067627
eval_mae = 0.5106
eval_runtime = 17.0677
eval_samples_per_second = 292.951
