eval_accuracy = 0.5799999833106995
eval_loss = 1.0203914642333984
eval_mae = 0.4958
eval_runtime = 23.3577
eval_samples_per_second = 214.062
