eval_accuracy = 0.5493999719619751
eval_loss = 1.1468254327774048
eval_mae = 0.5806
eval_runtime = 17.4556
eval_samples_per_second = 286.442
