eval_accuracy = 0.5063999891281128
eval_loss = 1.2293076515197754
eval_mae = 0.6212
eval_runtime = 18.9881
eval_samples_per_second = 263.322
