eval_accuracy = 0.4747999906539917
eval_loss = 1.342995524406433
eval_mae = 0.6944
eval_runtime = 16.9928
eval_samples_per_second = 294.243
