eval_accuracy = 0.5568000078201294
eval_loss = 1.0800659656524658
eval_mae = 0.5648
eval_runtime = 20.7809
eval_samples_per_second = 240.605
