eval_accuracy = 0.5562000274658203
eval_loss = 1.0622347593307495
eval_mae = 0.5228
eval_runtime = 18.3682
eval_samples_per_second = 272.21
