eval_accuracy = 0.6050000190734863
eval_loss = 0.9460978507995605
eval_mae = 0.4564
eval_runtime = 17.2033
eval_samples_per_second = 290.642
