eval_accuracy = 0.6011999845504761
eval_loss = 0.9358013868331909
eval_mae = 0.455
eval_runtime = 16.3496
eval_samples_per_second = 305.819
