eval_accuracy = 0.5478000044822693
eval_loss = 1.0861157178878784
eval_mae = 0.5412
eval_runtime = 25.0962
eval_samples_per_second = 199.233
