eval_accuracy = 0.6057999730110168
eval_loss = 0.9463949203491211
eval_mae = 0.4562
eval_runtime = 17.2501
eval_samples_per_second = 289.854
