eval_accuracy = 0.5776000022888184
eval_loss = 1.0017496347427368
eval_mae = 0.4934
eval_runtime = 17.135
eval_samples_per_second = 291.8
