eval_accuracy = 0.5745999813079834
eval_loss = 1.0846234560012817
eval_mae = 0.51
eval_runtime = 17.0104
eval_samples_per_second = 293.938
