eval_accuracy = 0.6200000047683716
eval_loss = 0.9488739371299744
eval_mae = 0.4298
eval_runtime = 17.43
eval_samples_per_second = 286.862
