eval_accuracy = 0.5759999752044678
eval_loss = 1.0057456493377686
eval_mae = 0.4962
eval_runtime = 16.4071
eval_samples_per_second = 304.746
