eval_accuracy = 0.48080000281333923
eval_loss = 1.3929462432861328
eval_mae = 0.6736
eval_runtime = 19.7098
eval_samples_per_second = 253.681
