eval_accuracy = 0.4975999891757965
eval_loss = 1.2407217025756836
eval_mae = 0.6462
eval_runtime = 32.9973
eval_samples_per_second = 151.527
