eval_accuracy = 0.475600004196167
eval_loss = 1.342140793800354
eval_mae = 0.695
eval_runtime = 16.119
eval_samples_per_second = 310.193
