eval_accuracy = 0.5906000137329102
eval_loss = 0.9487779140472412
eval_mae = 0.463
eval_runtime = 16.5768
eval_samples_per_second = 301.627
