eval_accuracy = 0.5027999877929688
eval_loss = 1.177140235900879
eval_mae = 0.5912
eval_runtime = 17.2638
eval_samples_per_second = 289.624
