eval_accuracy = 0.5022000074386597
eval_loss = 1.2361899614334106
eval_mae = 0.5926
eval_runtime = 18.7727
eval_samples_per_second = 266.344
