eval_accuracy = 0.5608000159263611
eval_loss = 1.045365810394287
eval_mae = 0.5086
eval_runtime = 18.662
eval_samples_per_second = 267.924
