eval_accuracy = 0.5712000131607056
eval_loss = 0.992204487323761
eval_mae = 0.509
eval_runtime = 16.9841
eval_samples_per_second = 294.394
