eval_accuracy = 0.5920000076293945
eval_loss = 0.9605622887611389
eval_mae = 0.484
eval_runtime = 17.7071
eval_samples_per_second = 282.373
