eval_accuracy = 0.5565999746322632
eval_loss = 1.0802068710327148
eval_mae = 0.565
eval_runtime = 24.9156
eval_samples_per_second = 200.678
