eval_accuracy = 0.4691999852657318
eval_loss = 1.296763300895691
eval_mae = 0.681
eval_runtime = 19.2473
eval_samples_per_second = 259.776
