eval_accuracy = 0.6047999858856201
eval_loss = 0.9460883736610413
eval_mae = 0.4564
eval_runtime = 17.2806
eval_samples_per_second = 289.342
