eval_accuracy = 0.5568000078201294
eval_loss = 1.063330888748169
eval_mae = 0.5232
eval_runtime = 18.4068
eval_samples_per_second = 271.639
