eval_accuracy = 0.504800021648407
eval_loss = 1.1757194995880127
eval_mae = 0.5894
eval_runtime = 17.4281
eval_samples_per_second = 286.893
