eval_accuracy = 0.5702000260353088
eval_loss = 0.9905341863632202
eval_mae = 0.5076
eval_runtime = 17.3322
eval_samples_per_second = 288.48
