eval_accuracy = 0.46880000829696655
eval_loss = 1.2939201593399048
eval_mae = 0.6792
eval_runtime = 18.2859
eval_samples_per_second = 273.435
