eval_accuracy = 0.5562000274658203
eval_loss = 1.0802717208862305
eval_mae = 0.565
eval_runtime = 26.5016
eval_samples_per_second = 188.668
