eval_accuracy = 0.49900001287460327
eval_loss = 1.184364914894104
eval_mae = 0.5994
eval_runtime = 17.3546
eval_samples_per_second = 288.109
