eval_accuracy = 0.593999981880188
eval_loss = 1.0067691802978516
eval_mae = 0.4676
eval_runtime = 17.2228
eval_samples_per_second = 290.312
