eval_accuracy = 0.548799991607666
eval_loss = 1.1480392217636108
eval_mae = 0.5828
eval_runtime = 16.8862
eval_samples_per_second = 296.099
