eval_accuracy = 0.5758000016212463
eval_loss = 1.0048636198043823
eval_mae = 0.4958
eval_runtime = 17.2494
eval_samples_per_second = 289.865
