eval_accuracy = 0.5564000010490417
eval_loss = 1.0811619758605957
eval_mae = 0.5636
eval_runtime = 31.8898
eval_samples_per_second = 156.79
