eval_accuracy = 0.4708000123500824
eval_loss = 1.333447813987732
eval_mae = 0.6846
eval_runtime = 19.4354
eval_samples_per_second = 257.262
