eval_accuracy = 0.5803999900817871
eval_loss = 1.0117199420928955
eval_mae = 0.4816
eval_runtime = 17.3313
eval_samples_per_second = 288.496
