eval_accuracy = 0.5234000086784363
eval_loss = 1.0539488792419434
eval_mae = 0.5732
eval_runtime = 16.8486
eval_samples_per_second = 296.761
