eval_accuracy = 0.574999988079071
eval_loss = 1.0046589374542236
eval_mae = 0.4966
eval_runtime = 16.4059
eval_samples_per_second = 304.768
