eval_accuracy = 0.4397999942302704
eval_loss = 1.4425783157348633
eval_mae = 0.729
eval_runtime = 18.6248
eval_samples_per_second = 268.459
