eval_accuracy = 0.5809999704360962
eval_loss = 1.0180152654647827
eval_mae = 0.4956
eval_runtime = 25.3375
eval_samples_per_second = 197.336
