eval_accuracy = 0.501800000667572
eval_loss = 1.1568065881729126
eval_mae = 0.5894
eval_runtime = 16.2847
eval_samples_per_second = 307.038
