eval_accuracy = 0.46799999475479126
eval_loss = 1.296618938446045
eval_mae = 0.6816
eval_runtime = 22.3817
eval_samples_per_second = 223.397
