eval_accuracy = 0.6057999730110168
eval_loss = 0.9454835653305054
eval_mae = 0.4546
eval_runtime = 16.3103
eval_samples_per_second = 306.554
