eval_accuracy = 0.5562000274658203
eval_loss = 1.038602590560913
eval_mae = 0.5142
eval_runtime = 18.4595
eval_samples_per_second = 270.864
