eval_accuracy = 0.6014000177383423
eval_loss = 0.955974817276001
eval_mae = 0.4614
eval_runtime = 17.2764
eval_samples_per_second = 289.413
