eval_accuracy = 0.5465999841690063
eval_loss = 1.0299625396728516
eval_mae = 0.5386
eval_runtime = 19.5703
eval_samples_per_second = 255.489
