eval_accuracy = 0.5756000280380249
eval_loss = 1.0056439638137817
eval_mae = 0.4962
eval_runtime = 17.404
eval_samples_per_second = 287.291
