eval_accuracy = 0.4749999940395355
eval_loss = 1.3429919481277466
eval_mae = 0.6942
eval_runtime = 16.4243
eval_samples_per_second = 304.427
