eval_accuracy = 0.506600022315979
eval_loss = 1.2291632890701294
eval_mae = 0.621
eval_runtime = 22.9207
eval_samples_per_second = 218.144
