eval_accuracy = 0.5703999996185303
eval_loss = 1.0831626653671265
eval_mae = 0.5162
eval_runtime = 16.3921
eval_samples_per_second = 305.025
