eval_accuracy = 0.5789999961853027
eval_loss = 1.0116808414459229
eval_mae = 0.483
eval_runtime = 16.8241
eval_samples_per_second = 297.193
