eval_accuracy = 0.47099998593330383
eval_loss = 1.3485851287841797
eval_mae = 0.6918
eval_runtime = 17.339
eval_samples_per_second = 288.367
