eval_accuracy = 0.5924000144004822
eval_loss = 0.9478862285614014
eval_mae = 0.4702
eval_runtime = 19.1124
eval_samples_per_second = 261.611
