eval_accuracy = 0.4986000061035156
eval_loss = 1.1605530977249146
eval_mae = 0.5904
eval_runtime = 16.2891
eval_samples_per_second = 306.954
