eval_accuracy = 0.5893999934196472
eval_loss = 0.9555636644363403
eval_mae = 0.4846
eval_runtime = 17.5429
eval_samples_per_second = 285.016
