eval_accuracy = 0.5609999895095825
eval_loss = 1.0115292072296143
eval_mae = 0.5106
eval_runtime = 16.4431
eval_samples_per_second = 304.078
