eval_accuracy = 0.5034000277519226
eval_loss = 1.1751868724822998
eval_mae = 0.5904
eval_runtime = 17.3201
eval_samples_per_second = 288.681
