eval_accuracy = 0.5776000022888184
eval_loss = 1.0177499055862427
eval_mae = 0.4848
eval_runtime = 17.4164
eval_samples_per_second = 287.086
