eval_accuracy = 0.5658000111579895
eval_loss = 1.0143765211105347
eval_mae = 0.5054
eval_runtime = 17.2634
eval_samples_per_second = 289.631
