eval_accuracy = 0.5956000089645386
eval_loss = 0.9601365327835083
eval_mae = 0.4802
eval_runtime = 17.3533
eval_samples_per_second = 288.13
