eval_accuracy = 0.5759999752044678
eval_loss = 1.0052241086959839
eval_mae = 0.496
eval_runtime = 17.2091
eval_samples_per_second = 290.545
