eval_accuracy = 0.5005999803543091
eval_loss = 1.2404054403305054
eval_mae = 0.5946
eval_runtime = 18.5388
eval_samples_per_second = 269.704
