eval_accuracy = 0.5934000015258789
eval_loss = 0.9461435675621033
eval_mae = 0.4594
eval_runtime = 17.1839
eval_samples_per_second = 290.971
