eval_accuracy = 0.5935999751091003
eval_loss = 1.0065038204193115
eval_mae = 0.468
eval_runtime = 16.5486
eval_samples_per_second = 302.14
