eval_accuracy = 0.5730000138282776
eval_loss = 1.084101676940918
eval_mae = 0.5122
eval_runtime = 16.4442
eval_samples_per_second = 304.058
