eval_accuracy = 0.5989999771118164
eval_loss = 0.9563152194023132
eval_mae = 0.4644
eval_runtime = 16.733
eval_samples_per_second = 298.811
