eval_accuracy = 0.557200014591217
eval_loss = 1.0618709325790405
eval_mae = 0.5212
eval_runtime = 18.3215
eval_samples_per_second = 272.903
