eval_accuracy = 0.5019999742507935
eval_loss = 1.235534906387329
eval_mae = 0.6
eval_runtime = 18.0107
eval_samples_per_second = 277.613
