eval_accuracy = 0.546999990940094
eval_loss = 1.086634874343872
eval_mae = 0.5426
eval_runtime = 18.512
eval_samples_per_second = 270.095
