eval_accuracy = 0.5580000281333923
eval_loss = 1.0785316228866577
eval_mae = 0.5312
eval_runtime = 18.3456
eval_samples_per_second = 272.545
