eval_accuracy = 0.45660001039505005
eval_loss = 1.3650366067886353
eval_mae = 0.731
eval_runtime = 16.9321
eval_samples_per_second = 295.297
