eval_accuracy = 0.5493999719619751
eval_loss = 1.1480337381362915
eval_mae = 0.5786
eval_runtime = 17.4223
eval_samples_per_second = 286.989
