eval_accuracy = 0.4819999933242798
eval_loss = 1.3516039848327637
eval_mae = 0.6722
eval_runtime = 21.2877
eval_samples_per_second = 234.878
