eval_accuracy = 0.5825999975204468
eval_loss = 0.9778698086738586
eval_mae = 0.4868
eval_runtime = 17.9063
eval_samples_per_second = 279.231
