eval_accuracy = 0.4699999988079071
eval_loss = 1.339179515838623
eval_mae = 0.6922
eval_runtime = 17.2895
eval_samples_per_second = 289.192
