eval_accuracy = 0.4681999981403351
eval_loss = 1.3390299081802368
eval_mae = 0.6886
eval_runtime = 29.5168
eval_samples_per_second = 169.395
