eval_accuracy = 0.5267999768257141
eval_loss = 1.0537587404251099
eval_mae = 0.5704
eval_runtime = 16.2278
eval_samples_per_second = 308.114
