eval_accuracy = 0.5774000287055969
eval_loss = 1.0056871175765991
eval_mae = 0.494
eval_runtime = 17.2762
eval_samples_per_second = 289.416
