eval_accuracy = 0.555400013923645
eval_loss = 1.0235660076141357
eval_mae = 0.5362
eval_runtime = 17.2352
eval_samples_per_second = 290.103
