eval_accuracy = 0.5468000173568726
eval_loss = 1.1480472087860107
eval_mae = 0.5826
eval_runtime = 17.5482
eval_samples_per_second = 284.929
