eval_accuracy = 0.5794000029563904
eval_loss = 1.0114725828170776
eval_mae = 0.4826
eval_runtime = 17.4045
eval_samples_per_second = 287.282
