eval_accuracy = 0.545799970626831
eval_loss = 1.028783917427063
eval_mae = 0.5398
eval_runtime = 17.4061
eval_samples_per_second = 287.256
