eval_accuracy = 0.6064000129699707
eval_loss = 0.9494426846504211
eval_mae = 0.45
eval_runtime = 18.9857
eval_samples_per_second = 263.356
