eval_accuracy = 0.6051999926567078
eval_loss = 0.9461724758148193
eval_mae = 0.4574
eval_runtime = 17.2861
eval_samples_per_second = 289.249
