eval_accuracy = 0.4381999969482422
eval_loss = 1.4194852113723755
eval_mae = 0.7236
eval_runtime = 21.5042
eval_samples_per_second = 232.513
