eval_accuracy = 0.5299999713897705
eval_loss = 1.0531647205352783
eval_mae = 0.568
eval_runtime = 16.9041
eval_samples_per_second = 295.785
