eval_accuracy = 0.5807999968528748
eval_loss = 1.0187822580337524
eval_mae = 0.4942
eval_runtime = 28.5882
eval_samples_per_second = 174.897
