eval_accuracy = 0.6055999994277954
eval_loss = 0.9460009932518005
eval_mae = 0.4562
eval_runtime = 17.261
eval_samples_per_second = 289.67
