eval_accuracy = 0.58160001039505
eval_loss = 0.9784239530563354
eval_mae = 0.4882
eval_runtime = 17.3329
eval_samples_per_second = 288.469
