eval_accuracy = 0.5996000170707703
eval_loss = 0.955674409866333
eval_mae = 0.4634
eval_runtime = 16.7963
eval_samples_per_second = 297.685
