eval_accuracy = 0.6366000175476074
eval_loss = 0.8895705342292786
eval_mae = 0.4142
eval_runtime = 21.9619
eval_samples_per_second = 227.667
