eval_accuracy = 0.4580000042915344
eval_loss = 1.367857813835144
eval_mae = 0.7318
eval_runtime = 18.0541
eval_samples_per_second = 276.946
