eval_accuracy = 0.47360000014305115
eval_loss = 1.348246693611145
eval_mae = 0.6866
eval_runtime = 16.907
eval_samples_per_second = 295.735
