eval_accuracy = 0.555400013923645
eval_loss = 1.0243959426879883
eval_mae = 0.5354
eval_runtime = 17.2604
eval_samples_per_second = 289.68
