eval_accuracy = 0.5490000247955322
eval_loss = 1.1470394134521484
eval_mae = 0.582
eval_runtime = 16.9259
eval_samples_per_second = 295.404
