eval_accuracy = 0.5450000166893005
eval_loss = 1.0296978950500488
eval_mae = 0.54
eval_runtime = 17.4683
eval_samples_per_second = 286.233
