eval_accuracy = 0.5562000274658203
eval_loss = 1.0232423543930054
eval_mae = 0.5354
eval_runtime = 17.321
eval_samples_per_second = 288.666
