eval_accuracy = 0.43959999084472656
eval_loss = 1.4429453611373901
eval_mae = 0.7292
eval_runtime = 20.5649
eval_samples_per_second = 243.133
