eval_accuracy = 0.5281999707221985
eval_loss = 1.053432822227478
eval_mae = 0.5698
eval_runtime = 16.3152
eval_samples_per_second = 306.463
