eval_accuracy = 0.5806000232696533
eval_loss = 1.018027901649475
eval_mae = 0.4978
eval_runtime = 18.7987
eval_samples_per_second = 265.975
