eval_accuracy = 0.5633999705314636
eval_loss = 1.0143085718154907
eval_mae = 0.5084
eval_runtime = 16.9289
eval_samples_per_second = 295.352
