eval_accuracy = 0.4674000144004822
eval_loss = 1.2970292568206787
eval_mae = 0.682
eval_runtime = 33.1681
eval_samples_per_second = 150.747
