eval_accuracy = 0.5019999742507935
eval_loss = 1.178342580795288
eval_mae = 0.5964
eval_runtime = 17.3733
eval_samples_per_second = 287.798
