eval_accuracy = 0.5551999807357788
eval_loss = 1.077822208404541
eval_mae = 0.5636
eval_runtime = 19.8403
eval_samples_per_second = 252.013
