eval_accuracy = 0.5896000266075134
eval_loss = 0.9485902190208435
eval_mae = 0.4642
eval_runtime = 16.4774
eval_samples_per_second = 303.446
