eval_accuracy = 0.5809999704360962
eval_loss = 1.018409013748169
eval_mae = 0.4944
eval_runtime = 19.0249
eval_samples_per_second = 262.813
