eval_accuracy = 0.5005999803543091
eval_loss = 1.226588487625122
eval_mae = 0.6008
eval_runtime = 18.3932
eval_samples_per_second = 271.839
