eval_accuracy = 0.4684000015258789
eval_loss = 1.2973743677139282
eval_mae = 0.68
eval_runtime = 19.1286
eval_samples_per_second = 261.389
