eval_accuracy = 0.5651999711990356
eval_loss = 1.0157465934753418
eval_mae = 0.5078
eval_runtime = 16.9405
eval_samples_per_second = 295.15
