eval_accuracy = 0.5942000150680542
eval_loss = 1.0055243968963623
eval_mae = 0.4672
eval_runtime = 17.103
eval_samples_per_second = 292.346
