eval_accuracy = 0.607200026512146
eval_loss = 0.9496949315071106
eval_mae = 0.449
eval_runtime = 18.2436
eval_samples_per_second = 274.069
