eval_accuracy = 0.5812000036239624
eval_loss = 1.0186951160430908
eval_mae = 0.4936
eval_runtime = 36.0763
eval_samples_per_second = 138.595
