eval_accuracy = 0.49959999322891235
eval_loss = 1.227826476097107
eval_mae = 0.6028
eval_runtime = 18.3765
eval_samples_per_second = 272.086
