eval_accuracy = 0.503600001335144
eval_loss = 1.1756576299667358
eval_mae = 0.5916
eval_runtime = 17.4073
eval_samples_per_second = 287.235
