eval_accuracy = 0.6060000061988831
eval_loss = 0.9492482542991638
eval_mae = 0.454
eval_runtime = 17.4472
eval_samples_per_second = 286.58
