eval_accuracy = 0.4681999981403351
eval_loss = 1.3391621112823486
eval_mae = 0.6882
eval_runtime = 23.2352
eval_samples_per_second = 215.191
