eval_accuracy = 0.576200008392334
eval_loss = 1.0095092058181763
eval_mae = 0.4984
eval_runtime = 16.2336
eval_samples_per_second = 308.003
