eval_accuracy = 0.49619999527931213
eval_loss = 1.2395918369293213
eval_mae = 0.6082
eval_runtime = 18.3654
eval_samples_per_second = 272.251
