eval_accuracy = 0.6064000129699707
eval_loss = 0.9462238550186157
eval_mae = 0.4566
eval_runtime = 17.5017
eval_samples_per_second = 285.686
