eval_accuracy = 0.569599986076355
eval_loss = 1.0196056365966797
eval_mae = 0.5096
eval_runtime = 17.2697
eval_samples_per_second = 289.525
