eval_accuracy = 0.5934000015258789
eval_loss = 0.9610893726348877
eval_mae = 0.4828
eval_runtime = 17.6518
eval_samples_per_second = 283.257
