eval_accuracy = 0.5496000051498413
eval_loss = 1.1462775468826294
eval_mae = 0.5802
eval_runtime = 16.7933
eval_samples_per_second = 297.738
