eval_accuracy = 0.46619999408721924
eval_loss = 1.3420509099960327
eval_mae = 0.6918
eval_runtime = 22.5424
eval_samples_per_second = 221.804
