eval_accuracy = 0.5785999894142151
eval_loss = 1.0180951356887817
eval_mae = 0.4838
eval_runtime = 17.4925
eval_samples_per_second = 285.837
