eval_accuracy = 0.5960000157356262
eval_loss = 0.9468126893043518
eval_mae = 0.4654
eval_runtime = 18.7555
eval_samples_per_second = 266.589
