eval_accuracy = 0.5983999967575073
eval_loss = 0.9556745886802673
eval_mae = 0.4658
eval_runtime = 17.269
eval_samples_per_second = 289.537
