eval_accuracy = 0.5924000144004822
eval_loss = 0.9604187607765198
eval_mae = 0.4844
eval_runtime = 17.4327
eval_samples_per_second = 286.818
