eval_accuracy = 0.5902000069618225
eval_loss = 0.9489368200302124
eval_mae = 0.4636
eval_runtime = 16.2584
eval_samples_per_second = 307.533
