eval_accuracy = 0.5031999945640564
eval_loss = 1.2171043157577515
eval_mae = 0.5978
eval_runtime = 18.524
eval_samples_per_second = 269.92
