eval_accuracy = 0.5821999907493591
eval_loss = 0.9782865047454834
eval_mae = 0.4862
eval_runtime = 17.5209
eval_samples_per_second = 285.374
