eval_accuracy = 0.43939998745918274
eval_loss = 1.4428045749664307
eval_mae = 0.7292
eval_runtime = 32.5066
eval_samples_per_second = 153.815
