eval_accuracy = 0.5468000173568726
eval_loss = 1.0290330648422241
eval_mae = 0.5374
eval_runtime = 16.7697
eval_samples_per_second = 298.157
