eval_accuracy = 0.592199981212616
eval_loss = 0.9605564475059509
eval_mae = 0.4838
eval_runtime = 17.2925
eval_samples_per_second = 289.142
