eval_accuracy = 0.6043999791145325
eval_loss = 0.9459007978439331
eval_mae = 0.4566
eval_runtime = 17.2423
eval_samples_per_second = 289.984
