eval_accuracy = 0.5460000038146973
eval_loss = 1.086224913597107
eval_mae = 0.5424
eval_runtime = 18.4978
eval_samples_per_second = 270.302
