eval_accuracy = 0.4772000014781952
eval_loss = 1.390800952911377
eval_mae = 0.678
eval_runtime = 33.8483
eval_samples_per_second = 147.718
