eval_accuracy = 0.5609999895095825
eval_loss = 1.04586660861969
eval_mae = 0.5084
eval_runtime = 18.4637
eval_samples_per_second = 270.802
