eval_accuracy = 0.5702000260353088
eval_loss = 1.0203909873962402
eval_mae = 0.5066
eval_runtime = 17.2808
eval_samples_per_second = 289.338
