eval_accuracy = 0.5953999757766724
eval_loss = 0.9617130756378174
eval_mae = 0.4816
eval_runtime = 17.5893
eval_samples_per_second = 284.264
