eval_accuracy = 0.49880000948905945
eval_loss = 1.2285293340682983
eval_mae = 0.604
eval_runtime = 18.4846
eval_samples_per_second = 270.495
