eval_accuracy = 0.4586000144481659
eval_loss = 1.3668498992919922
eval_mae = 0.7308
eval_runtime = 17.2819
eval_samples_per_second = 289.321
