eval_accuracy = 0.5631999969482422
eval_loss = 1.0467519760131836
eval_mae = 0.5076
eval_runtime = 18.5136
eval_samples_per_second = 270.072
