eval_accuracy = 0.5794000029563904
eval_loss = 1.0172921419143677
eval_mae = 0.4952
eval_runtime = 31.2479
eval_samples_per_second = 160.011
