eval_accuracy = 0.5767999887466431
eval_loss = 1.0852481126785278
eval_mae = 0.5092
eval_runtime = 17.0665
eval_samples_per_second = 292.971
