eval_accuracy = 0.571399986743927
eval_loss = 0.9907428622245789
eval_mae = 0.5064
eval_runtime = 17.0302
eval_samples_per_second = 293.596
