eval_accuracy = 0.5756000280380249
eval_loss = 1.0056614875793457
eval_mae = 0.4958
eval_runtime = 17.1857
eval_samples_per_second = 290.939
