eval_accuracy = 0.5447999835014343
eval_loss = 1.0294957160949707
eval_mae = 0.5398
eval_runtime = 16.4782
eval_samples_per_second = 303.431
