eval_accuracy = 0.4374000132083893
eval_loss = 1.4422285556793213
eval_mae = 0.73
eval_runtime = 22.6469
eval_samples_per_second = 220.781
