eval_accuracy = 0.46779999136924744
eval_loss = 1.340074062347412
eval_mae = 0.6894
eval_runtime = 23.9886
eval_samples_per_second = 208.432
