eval_accuracy = 0.5541999936103821
eval_loss = 1.0245643854141235
eval_mae = 0.5364
eval_runtime = 17.4286
eval_samples_per_second = 286.885
