eval_accuracy = 0.48100000619888306
eval_loss = 1.392335295677185
eval_mae = 0.6736
eval_runtime = 20.0434
eval_samples_per_second = 249.459
