eval_accuracy = 0.5496000051498413
eval_loss = 1.1479458808898926
eval_mae = 0.581
eval_runtime = 17.4714
eval_samples_per_second = 286.181
