eval_accuracy = 0.5613999962806702
eval_loss = 1.0457652807235718
eval_mae = 0.508
eval_runtime = 21.2189
eval_samples_per_second = 235.639
