eval_accuracy = 0.48240000009536743
eval_loss = 1.355709433555603
eval_mae = 0.6722
eval_runtime = 18.9736
eval_samples_per_second = 263.523
