eval_accuracy = 0.6363999843597412
eval_loss = 0.8895658254623413
eval_mae = 0.4146
eval_runtime = 20.0603
eval_samples_per_second = 249.248
