eval_accuracy = 0.5564000010490417
eval_loss = 1.0802067518234253
eval_mae = 0.565
eval_runtime = 18.4432
eval_samples_per_second = 271.103
