eval_accuracy = 0.4973999857902527
eval_loss = 1.239092230796814
eval_mae = 0.6462
eval_runtime = 22.1431
eval_samples_per_second = 225.804
