eval_accuracy = 0.5587999820709229
eval_loss = 1.03951895236969
eval_mae = 0.511
eval_runtime = 18.1163
eval_samples_per_second = 275.994
