eval_accuracy = 0.4959999918937683
eval_loss = 1.2375317811965942
eval_mae = 0.6484
eval_runtime = 19.001
eval_samples_per_second = 263.144
