eval_accuracy = 0.599399983882904
eval_loss = 0.95560622215271
eval_mae = 0.4636
eval_runtime = 16.6509
eval_samples_per_second = 300.285
