eval_accuracy = 0.5817999839782715
eval_loss = 1.0089685916900635
eval_mae = 0.4794
eval_runtime = 17.4134
eval_samples_per_second = 287.135
