eval_accuracy = 0.5622000098228455
eval_loss = 1.0439085960388184
eval_mae = 0.5074
eval_runtime = 18.1782
eval_samples_per_second = 275.054
