eval_accuracy = 0.574999988079071
eval_loss = 1.0849257707595825
eval_mae = 0.5104
eval_runtime = 16.0506
eval_samples_per_second = 311.515
