eval_accuracy = 0.579200029373169
eval_loss = 1.0116695165634155
eval_mae = 0.4822
eval_runtime = 17.4096
eval_samples_per_second = 287.198
