eval_accuracy = 0.5001999735832214
eval_loss = 1.2420262098312378
eval_mae = 0.5954
eval_runtime = 20.4712
eval_samples_per_second = 244.245
