eval_accuracy = 0.5663999915122986
eval_loss = 1.0149633884429932
eval_mae = 0.5072
eval_runtime = 16.9158
eval_samples_per_second = 295.582
