eval_accuracy = 0.5582000017166138
eval_loss = 1.0784029960632324
eval_mae = 0.5312
eval_runtime = 34.9599
eval_samples_per_second = 143.021
