eval_accuracy = 0.46860000491142273
eval_loss = 1.2973651885986328
eval_mae = 0.681
eval_runtime = 19.8542
eval_samples_per_second = 251.836
