eval_accuracy = 0.47099998593330383
eval_loss = 1.3479716777801514
eval_mae = 0.691
eval_runtime = 17.4736
eval_samples_per_second = 286.146
