eval_accuracy = 0.5012000203132629
eval_loss = 1.2421989440917969
eval_mae = 0.5942
eval_runtime = 18.352
eval_samples_per_second = 272.45
