eval_accuracy = 0.4717999994754791
eval_loss = 1.3476678133010864
eval_mae = 0.6918
eval_runtime = 17.2307
eval_samples_per_second = 290.179
