eval_accuracy = 0.5807999968528748
eval_loss = 1.0118616819381714
eval_mae = 0.4814
eval_runtime = 17.2558
eval_samples_per_second = 289.757
