eval_accuracy = 0.5576000213623047
eval_loss = 1.0627968311309814
eval_mae = 0.5212
eval_runtime = 18.3327
eval_samples_per_second = 272.736
