eval_accuracy = 0.5934000015258789
eval_loss = 1.0058382749557495
eval_mae = 0.4678
eval_runtime = 17.2099
eval_samples_per_second = 290.531
