eval_accuracy = 0.5735999941825867
eval_loss = 1.0032813549041748
eval_mae = 0.498
eval_runtime = 16.4704
eval_samples_per_second = 303.574
