eval_accuracy = 0.6363999843597412
eval_loss = 0.890187680721283
eval_mae = 0.4152
eval_runtime = 19.1022
eval_samples_per_second = 261.75
