eval_accuracy = 0.5547999739646912
eval_loss = 1.025258183479309
eval_mae = 0.5354
eval_runtime = 17.4827
eval_samples_per_second = 285.998
