eval_accuracy = 0.4745999872684479
eval_loss = 1.3381153345108032
eval_mae = 0.6954
eval_runtime = 16.3874
eval_samples_per_second = 305.112
