eval_accuracy = 0.5562000274658203
eval_loss = 1.0629011392593384
eval_mae = 0.5228
eval_runtime = 18.3307
eval_samples_per_second = 272.766
