eval_accuracy = 0.5577999949455261
eval_loss = 1.06284499168396
eval_mae = 0.5208
eval_runtime = 18.3587
eval_samples_per_second = 272.351
