eval_accuracy = 0.5648000240325928
eval_loss = 1.0144455432891846
eval_mae = 0.508
eval_runtime = 17.2225
eval_samples_per_second = 290.317
