eval_accuracy = 0.46799999475479126
eval_loss = 1.2955881357192993
eval_mae = 0.6814
eval_runtime = 19.7008
eval_samples_per_second = 253.797
