eval_accuracy = 0.503000020980835
eval_loss = 1.1765491962432861
eval_mae = 0.5912
eval_runtime = 17.6052
eval_samples_per_second = 284.008
