eval_accuracy = 0.5789999961853027
eval_loss = 1.0183271169662476
eval_mae = 0.4832
eval_runtime = 17.5179
eval_samples_per_second = 285.422
