eval_accuracy = 0.5062000155448914
eval_loss = 1.2280240058898926
eval_mae = 0.621
eval_runtime = 18.9882
eval_samples_per_second = 263.322
