eval_accuracy = 0.548799991607666
eval_loss = 1.147486686706543
eval_mae = 0.5824
eval_runtime = 17.3689
eval_samples_per_second = 287.87
