eval_accuracy = 0.4681999981403351
eval_loss = 1.3388490676879883
eval_mae = 0.6884
eval_runtime = 29.8046
eval_samples_per_second = 167.759
