eval_accuracy = 0.5935999751091003
eval_loss = 1.0062768459320068
eval_mae = 0.4676
eval_runtime = 17.2763
eval_samples_per_second = 289.414
