eval_accuracy = 0.5583999752998352
eval_loss = 1.078500509262085
eval_mae = 0.5312
eval_runtime = 32.9628
eval_samples_per_second = 151.686
