eval_accuracy = 0.46799999475479126
eval_loss = 1.3387068510055542
eval_mae = 0.6888
eval_runtime = 22.2095
eval_samples_per_second = 225.129
