eval_accuracy = 0.6366000175476074
eval_loss = 0.8896453976631165
eval_mae = 0.4142
eval_runtime = 19.5167
eval_samples_per_second = 256.191
