eval_accuracy = 0.579200029373169
eval_loss = 1.0177160501480103
eval_mae = 0.4822
eval_runtime = 17.5472
eval_samples_per_second = 284.946
