eval_accuracy = 0.4837999939918518
eval_loss = 1.3524004220962524
eval_mae = 0.6716
eval_runtime = 18.1033
eval_samples_per_second = 276.193
