eval_accuracy = 0.5612000226974487
eval_loss = 1.0457745790481567
eval_mae = 0.508
eval_runtime = 18.533
eval_samples_per_second = 269.79
