eval_accuracy = 0.5812000036239624
eval_loss = 1.0187158584594727
eval_mae = 0.4938
eval_runtime = 20.5964
eval_samples_per_second = 242.761
