eval_accuracy = 0.5486000180244446
eval_loss = 1.1478699445724487
eval_mae = 0.5816
eval_runtime = 17.2613
eval_samples_per_second = 289.666
