eval_accuracy = 0.578000009059906
eval_loss = 1.01724112033844
eval_mae = 0.4836
eval_runtime = 17.4388
eval_samples_per_second = 286.717
