eval_accuracy = 0.5587999820709229
eval_loss = 1.0786923170089722
eval_mae = 0.5306
eval_runtime = 18.1949
eval_samples_per_second = 274.802
