eval_accuracy = 0.5067999958992004
eval_loss = 1.2300232648849487
eval_mae = 0.6206
eval_runtime = 20.9466
eval_samples_per_second = 238.702
