eval_accuracy = 0.483599990606308
eval_loss = 1.3525017499923706
eval_mae = 0.6704
eval_runtime = 24.2836
eval_samples_per_second = 205.9
