eval_accuracy = 0.5275999903678894
eval_loss = 1.05405855178833
eval_mae = 0.5702
eval_runtime = 17.0614
eval_samples_per_second = 293.059
