eval_accuracy = 0.6014000177383423
eval_loss = 0.9357969760894775
eval_mae = 0.4552
eval_runtime = 17.0632
eval_samples_per_second = 293.028
