eval_accuracy = 0.5924000144004822
eval_loss = 0.9636101722717285
eval_mae = 0.4846
eval_runtime = 17.3587
eval_samples_per_second = 288.04
