eval_accuracy = 0.5720000267028809
eval_loss = 1.0828248262405396
eval_mae = 0.5142
eval_runtime = 16.0528
eval_samples_per_second = 311.473
