eval_accuracy = 0.5004000067710876
eval_loss = 1.1791812181472778
eval_mae = 0.5944
eval_runtime = 17.5194
eval_samples_per_second = 285.397
