eval_accuracy = 0.5546000003814697
eval_loss = 1.0250554084777832
eval_mae = 0.5374
eval_runtime = 17.2558
eval_samples_per_second = 289.758
