eval_accuracy = 0.604200005531311
eval_loss = 0.946479320526123
eval_mae = 0.4572
eval_runtime = 17.2258
eval_samples_per_second = 290.262
