eval_accuracy = 0.4997999966144562
eval_loss = 1.1556249856948853
eval_mae = 0.5908
eval_runtime = 17.5051
eval_samples_per_second = 285.631
