eval_accuracy = 0.4375999867916107
eval_loss = 1.4452322721481323
eval_mae = 0.7316
eval_runtime = 33.5207
eval_samples_per_second = 149.161
