eval_accuracy = 0.6043999791145325
eval_loss = 0.9468024373054504
eval_mae = 0.4578
eval_runtime = 17.3291
eval_samples_per_second = 288.532
