eval_accuracy = 0.5712000131607056
eval_loss = 0.9907236099243164
eval_mae = 0.5068
eval_runtime = 16.9653
eval_samples_per_second = 294.719
