eval_accuracy = 0.5063999891281128
eval_loss = 1.2290503978729248
eval_mae = 0.621
eval_runtime = 29.2056
eval_samples_per_second = 171.2
