eval_accuracy = 0.5703999996185303
eval_loss = 1.0215802192687988
eval_mae = 0.5076
eval_runtime = 17.2658
eval_samples_per_second = 289.59
