eval_accuracy = 0.47519999742507935
eval_loss = 1.3486719131469727
eval_mae = 0.6866
eval_runtime = 17.5326
eval_samples_per_second = 285.183
