eval_accuracy = 0.5063999891281128
eval_loss = 1.2294461727142334
eval_mae = 0.6214
eval_runtime = 19.0265
eval_samples_per_second = 262.792
