eval_accuracy = 0.5932000279426575
eval_loss = 0.9610726833343506
eval_mae = 0.4826
eval_runtime = 17.4056
eval_samples_per_second = 287.264
