eval_accuracy = 0.5763999819755554
eval_loss = 1.0856961011886597
eval_mae = 0.509
eval_runtime = 18.0735
eval_samples_per_second = 276.648
