eval_accuracy = 0.4819999933242798
eval_loss = 1.3544199466705322
eval_mae = 0.6734
eval_runtime = 18.3705
eval_samples_per_second = 272.175
