eval_accuracy = 0.545799970626831
eval_loss = 1.030104637145996
eval_mae = 0.5396
eval_runtime = 16.6867
eval_samples_per_second = 299.639
