eval_accuracy = 0.4968000054359436
eval_loss = 1.2539136409759521
eval_mae = 0.6086
eval_runtime = 18.4138
eval_samples_per_second = 271.536
