eval_accuracy = 0.5612000226974487
eval_loss = 1.0444673299789429
eval_mae = 0.5086
eval_runtime = 19.1595
eval_samples_per_second = 260.967
