eval_accuracy = 0.5932000279426575
eval_loss = 0.9459624886512756
eval_mae = 0.4686
eval_runtime = 18.3852
eval_samples_per_second = 271.958
