eval_accuracy = 0.5475999712944031
eval_loss = 1.0856379270553589
eval_mae = 0.542
eval_runtime = 18.4743
eval_samples_per_second = 270.646
