eval_accuracy = 0.5708000063896179
eval_loss = 0.9911839962005615
eval_mae = 0.5076
eval_runtime = 17.0861
eval_samples_per_second = 292.636
