eval_accuracy = 0.5807999968528748
eval_loss = 0.9791120886802673
eval_mae = 0.4896
eval_runtime = 16.568
eval_samples_per_second = 301.787
