eval_accuracy = 0.5559999942779541
eval_loss = 1.0804262161254883
eval_mae = 0.5658
eval_runtime = 18.4908
eval_samples_per_second = 270.405
