eval_accuracy = 0.5928000211715698
eval_loss = 0.9609073400497437
eval_mae = 0.4828
eval_runtime = 17.3679
eval_samples_per_second = 287.888
