eval_accuracy = 0.5907999873161316
eval_loss = 0.9490659236907959
eval_mae = 0.4626
eval_runtime = 17.159
eval_samples_per_second = 291.392
