eval_accuracy = 0.5917999744415283
eval_loss = 0.9472894668579102
eval_mae = 0.4702
eval_runtime = 18.4369
eval_samples_per_second = 271.195
