eval_accuracy = 0.5622000098228455
eval_loss = 1.0457206964492798
eval_mae = 0.5072
eval_runtime = 18.239
eval_samples_per_second = 274.138
