eval_accuracy = 0.5699999928474426
eval_loss = 0.9908334016799927
eval_mae = 0.5078
eval_runtime = 16.9522
eval_samples_per_second = 294.947
