eval_accuracy = 0.6069999933242798
eval_loss = 0.9509800672531128
eval_mae = 0.4486
eval_runtime = 21.6011
eval_samples_per_second = 231.47
