eval_accuracy = 0.545799970626831
eval_loss = 1.0300016403198242
eval_mae = 0.5396
eval_runtime = 16.3748
eval_samples_per_second = 305.347
