eval_accuracy = 0.5932000279426575
eval_loss = 1.0074195861816406
eval_mae = 0.4692
eval_runtime = 17.272
eval_samples_per_second = 289.485
