eval_accuracy = 0.5281999707221985
eval_loss = 1.053627848625183
eval_mae = 0.5684
eval_runtime = 16.0725
eval_samples_per_second = 311.09
