eval_accuracy = 0.5726000070571899
eval_loss = 1.0891361236572266
eval_mae = 0.5144
eval_runtime = 16.5218
eval_samples_per_second = 302.631
