eval_accuracy = 0.6215999722480774
eval_loss = 0.9540603756904602
eval_mae = 0.428
eval_runtime = 17.4758
eval_samples_per_second = 286.11
