eval_accuracy = 0.5493999719619751
eval_loss = 1.1476361751556396
eval_mae = 0.5808
eval_runtime = 17.4877
eval_samples_per_second = 285.915
