eval_accuracy = 0.5497999787330627
eval_loss = 1.1467279195785522
eval_mae = 0.5802
eval_runtime = 17.5313
eval_samples_per_second = 285.205
