eval_accuracy = 0.45739999413490295
eval_loss = 1.3650685548782349
eval_mae = 0.732
eval_runtime = 16.6684
eval_samples_per_second = 299.969
