eval_accuracy = 0.5472000241279602
eval_loss = 1.0857887268066406
eval_mae = 0.5414
eval_runtime = 23.228
eval_samples_per_second = 215.257
