eval_accuracy = 0.604200005531311
eval_loss = 0.951117753982544
eval_mae = 0.4538
eval_runtime = 19.5817
eval_samples_per_second = 255.34
