eval_accuracy = 0.4763999879360199
eval_loss = 1.3372902870178223
eval_mae = 0.6928
eval_runtime = 16.0101
eval_samples_per_second = 312.303
