eval_accuracy = 0.574999988079071
eval_loss = 1.083680272102356
eval_mae = 0.5092
eval_runtime = 16.3593
eval_samples_per_second = 305.636
