eval_accuracy = 0.5889999866485596
eval_loss = 0.9490755796432495
eval_mae = 0.4652
eval_runtime = 16.5121
eval_samples_per_second = 302.808
