eval_accuracy = 0.5935999751091003
eval_loss = 0.9481543898582458
eval_mae = 0.4686
eval_runtime = 18.8345
eval_samples_per_second = 265.471
