eval_accuracy = 0.5478000044822693
eval_loss = 1.0856995582580566
eval_mae = 0.5412
eval_runtime = 18.7468
eval_samples_per_second = 266.712
