eval_accuracy = 0.602400004863739
eval_loss = 0.9338825345039368
eval_mae = 0.452
eval_runtime = 16.4646
eval_samples_per_second = 303.681
