eval_accuracy = 0.5546000003814697
eval_loss = 1.0235636234283447
eval_mae = 0.5354
eval_runtime = 17.3433
eval_samples_per_second = 288.296
