eval_accuracy = 0.579200029373169
eval_loss = 1.0173670053482056
eval_mae = 0.4828
eval_runtime = 17.41
eval_samples_per_second = 287.191
