eval_accuracy = 0.5824000239372253
eval_loss = 0.9774675965309143
eval_mae = 0.4866
eval_runtime = 16.757
eval_samples_per_second = 298.383
