eval_accuracy = 0.49720001220703125
eval_loss = 1.2279789447784424
eval_mae = 0.6044
eval_runtime = 26.2606
eval_samples_per_second = 190.399
