eval_accuracy = 0.5095999836921692
eval_loss = 1.226125955581665
eval_mae = 0.6152
eval_runtime = 18.9713
eval_samples_per_second = 263.556
