eval_accuracy = 0.6370000243186951
eval_loss = 0.8882937431335449
eval_mae = 0.4168
eval_runtime = 21.2494
eval_samples_per_second = 235.301
