eval_accuracy = 0.5546000003814697
eval_loss = 1.0776262283325195
eval_mae = 0.5672
eval_runtime = 18.4363
eval_samples_per_second = 271.204
