eval_accuracy = 0.5812000036239624
eval_loss = 1.0297619104385376
eval_mae = 0.4974
eval_runtime = 18.4036
eval_samples_per_second = 271.686
