eval_accuracy = 0.5034000277519226
eval_loss = 1.17634117603302
eval_mae = 0.591
eval_runtime = 17.3716
eval_samples_per_second = 287.825
