eval_accuracy = 0.43959999084472656
eval_loss = 1.4432464838027954
eval_mae = 0.729
eval_runtime = 18.6244
eval_samples_per_second = 268.464
