eval_accuracy = 0.6362000107765198
eval_loss = 0.8896585702896118
eval_mae = 0.4148
eval_runtime = 24.3087
eval_samples_per_second = 205.688
