eval_accuracy = 0.5659999847412109
eval_loss = 1.015305995941162
eval_mae = 0.5066
eval_runtime = 17.2351
eval_samples_per_second = 290.106
