eval_accuracy = 0.5486000180244446
eval_loss = 1.1479592323303223
eval_mae = 0.5818
eval_runtime = 16.8246
eval_samples_per_second = 297.184
