eval_accuracy = 0.4684000015258789
eval_loss = 1.3390796184539795
eval_mae = 0.6882
eval_runtime = 24.0857
eval_samples_per_second = 207.592
