eval_accuracy = 0.5935999751091003
eval_loss = 1.0063608884811401
eval_mae = 0.468
eval_runtime = 17.349
eval_samples_per_second = 288.202
