eval_accuracy = 0.4970000088214874
eval_loss = 1.240090012550354
eval_mae = 0.6482
eval_runtime = 26.4144
eval_samples_per_second = 189.291
