eval_accuracy = 0.4812000095844269
eval_loss = 1.3921645879745483
eval_mae = 0.6734
eval_runtime = 36.1708
eval_samples_per_second = 138.233
