eval_accuracy = 0.5946000218391418
eval_loss = 0.949057400226593
eval_mae = 0.4584
eval_runtime = 16.5715
eval_samples_per_second = 301.722
