eval_accuracy = 0.5001999735832214
eval_loss = 1.1557484865188599
eval_mae = 0.5908
eval_runtime = 16.5884
eval_samples_per_second = 301.415
