eval_accuracy = 0.5546000003814697
eval_loss = 1.0249544382095337
eval_mae = 0.5364
eval_runtime = 17.4609
eval_samples_per_second = 286.355
