eval_accuracy = 0.49799999594688416
eval_loss = 1.1556347608566284
eval_mae = 0.5934
eval_runtime = 16.7416
eval_samples_per_second = 298.658
