eval_accuracy = 0.5496000051498413
eval_loss = 1.1471360921859741
eval_mae = 0.5814
eval_runtime = 17.4786
eval_samples_per_second = 286.064
