eval_accuracy = 0.5794000029563904
eval_loss = 1.0116325616836548
eval_mae = 0.4826
eval_runtime = 17.4834
eval_samples_per_second = 285.986
