eval_accuracy = 0.5461999773979187
eval_loss = 1.0299830436706543
eval_mae = 0.5396
eval_runtime = 16.5768
eval_samples_per_second = 301.627
