eval_accuracy = 0.4668000042438507
eval_loss = 1.3392529487609863
eval_mae = 0.69
eval_runtime = 18.5632
eval_samples_per_second = 269.351
