eval_accuracy = 0.5644000172615051
eval_loss = 1.014775037765503
eval_mae = 0.5082
eval_runtime = 17.1427
eval_samples_per_second = 291.669
