eval_accuracy = 0.5063999891281128
eval_loss = 1.229285478591919
eval_mae = 0.6212
eval_runtime = 24.0893
eval_samples_per_second = 207.561
