eval_accuracy = 0.46779999136924744
eval_loss = 1.3392966985702515
eval_mae = 0.6888
eval_runtime = 20.3154
eval_samples_per_second = 246.119
