eval_accuracy = 0.5812000036239624
eval_loss = 0.9787920117378235
eval_mae = 0.4884
eval_runtime = 16.4956
eval_samples_per_second = 303.11
