eval_accuracy = 0.5577999949455261
eval_loss = 1.0626877546310425
eval_mae = 0.521
eval_runtime = 18.3965
eval_samples_per_second = 271.791
