eval_accuracy = 0.5785999894142151
eval_loss = 1.017086148262024
eval_mae = 0.483
eval_runtime = 17.8563
eval_samples_per_second = 280.013
