eval_accuracy = 0.5839999914169312
eval_loss = 1.0189831256866455
eval_mae = 0.4906
eval_runtime = 18.4798
eval_samples_per_second = 270.565
