eval_accuracy = 0.6021999716758728
eval_loss = 0.9539802670478821
eval_mae = 0.4616
eval_runtime = 17.3681
eval_samples_per_second = 287.884
