eval_accuracy = 0.5455999970436096
eval_loss = 1.0256742238998413
eval_mae = 0.5388
eval_runtime = 16.7176
eval_samples_per_second = 299.086
