eval_accuracy = 0.4708000123500824
eval_loss = 1.3466582298278809
eval_mae = 0.6902
eval_runtime = 17.3769
eval_samples_per_second = 287.738
