eval_accuracy = 0.5008000135421753
eval_loss = 1.2272493839263916
eval_mae = 0.601
eval_runtime = 17.9917
eval_samples_per_second = 277.906
