eval_accuracy = 0.5971999764442444
eval_loss = 0.9562284350395203
eval_mae = 0.4652
eval_runtime = 17.4003
eval_samples_per_second = 287.351
