eval_accuracy = 0.5454000234603882
eval_loss = 1.0305876731872559
eval_mae = 0.5388
eval_runtime = 16.5379
eval_samples_per_second = 302.336
