eval_accuracy = 0.4691999852657318
eval_loss = 1.2973861694335938
eval_mae = 0.6796
eval_runtime = 25.7976
eval_samples_per_second = 193.817
