eval_accuracy = 0.5827999711036682
eval_loss = 0.9787183403968811
eval_mae = 0.4868
eval_runtime = 17.3281
eval_samples_per_second = 288.549
