eval_accuracy = 0.5907999873161316
eval_loss = 0.9481834173202515
eval_mae = 0.4626
eval_runtime = 16.3585
eval_samples_per_second = 305.651
