eval_accuracy = 0.579800009727478
eval_loss = 1.017311930656433
eval_mae = 0.4966
eval_runtime = 18.7847
eval_samples_per_second = 266.174
