eval_accuracy = 0.44040000438690186
eval_loss = 1.436508059501648
eval_mae = 0.7268
eval_runtime = 20.2464
eval_samples_per_second = 246.957
