eval_accuracy = 0.5062000155448914
eval_loss = 1.2285174131393433
eval_mae = 0.6212
eval_runtime = 32.316
eval_samples_per_second = 154.722
