eval_accuracy = 0.5496000051498413
eval_loss = 1.1459641456604004
eval_mae = 0.581
eval_runtime = 17.5572
eval_samples_per_second = 284.783
