eval_accuracy = 0.5756000280380249
eval_loss = 1.0839598178863525
eval_mae = 0.51
eval_runtime = 17.1031
eval_samples_per_second = 292.345
