eval_accuracy = 0.4666000008583069
eval_loss = 1.3410096168518066
eval_mae = 0.6906
eval_runtime = 18.5871
eval_samples_per_second = 269.004
