eval_accuracy = 0.5004000067710876
eval_loss = 1.242154836654663
eval_mae = 0.5952
eval_runtime = 21.5448
eval_samples_per_second = 232.075
