eval_accuracy = 0.6371999979019165
eval_loss = 0.8898441195487976
eval_mae = 0.414
eval_runtime = 22.0191
eval_samples_per_second = 227.076
