eval_accuracy = 0.47839999198913574
eval_loss = 1.3941172361373901
eval_mae = 0.6774
eval_runtime = 20.7238
eval_samples_per_second = 241.268
