eval_accuracy = 0.546999990940094
eval_loss = 1.0855817794799805
eval_mae = 0.5418
eval_runtime = 21.2713
eval_samples_per_second = 235.059
