eval_accuracy = 0.5809999704360962
eval_loss = 1.0144764184951782
eval_mae = 0.4942
eval_runtime = 19.4945
eval_samples_per_second = 256.483
