eval_accuracy = 0.4747999906539917
eval_loss = 1.3422399759292603
eval_mae = 0.694
eval_runtime = 16.9419
eval_samples_per_second = 295.127
