eval_accuracy = 0.5932000279426575
eval_loss = 0.9610130786895752
eval_mae = 0.4834
eval_runtime = 17.6944
eval_samples_per_second = 282.576
