eval_accuracy = 0.599399983882904
eval_loss = 0.9567606449127197
eval_mae = 0.4644
eval_runtime = 17.4542
eval_samples_per_second = 286.463
