eval_accuracy = 0.5479999780654907
eval_loss = 1.0860168933868408
eval_mae = 0.5408
eval_runtime = 18.8807
eval_samples_per_second = 264.82
