eval_accuracy = 0.487199991941452
eval_loss = 1.2352062463760376
eval_mae = 0.612
eval_runtime = 27.0172
eval_samples_per_second = 185.067
