eval_accuracy = 0.6362000107765198
eval_loss = 0.8886850476264954
eval_mae = 0.4146
eval_runtime = 19.0252
eval_samples_per_second = 262.81
