eval_accuracy = 0.4729999899864197
eval_loss = 1.3463554382324219
eval_mae = 0.7012
eval_runtime = 17.0169
eval_samples_per_second = 293.826
