eval_accuracy = 0.6079999804496765
eval_loss = 0.9486738443374634
eval_mae = 0.4488
eval_runtime = 18.5888
eval_samples_per_second = 268.98
