eval_accuracy = 0.620199978351593
eval_loss = 0.9510304927825928
eval_mae = 0.4302
eval_runtime = 17.359
eval_samples_per_second = 288.036
