eval_accuracy = 0.592199981212616
eval_loss = 1.0048561096191406
eval_mae = 0.4686
eval_runtime = 17.3205
eval_samples_per_second = 288.676
