eval_accuracy = 0.6061999797821045
eval_loss = 0.9459164142608643
eval_mae = 0.4556
eval_runtime = 17.2229
eval_samples_per_second = 290.312
