eval_accuracy = 0.503000020980835
eval_loss = 1.1769800186157227
eval_mae = 0.5908
eval_runtime = 16.7359
eval_samples_per_second = 298.76
