eval_accuracy = 0.4837999939918518
eval_loss = 1.3521629571914673
eval_mae = 0.6712
eval_runtime = 23.2546
eval_samples_per_second = 215.011
