eval_accuracy = 0.5490000247955322
eval_loss = 1.147064208984375
eval_mae = 0.5818
eval_runtime = 17.465
eval_samples_per_second = 286.287
