eval_accuracy = 0.574999988079071
eval_loss = 1.0050727128982544
eval_mae = 0.4966
eval_runtime = 17.1439
eval_samples_per_second = 291.649
