eval_accuracy = 0.5753999948501587
eval_loss = 1.084913730621338
eval_mae = 0.5096
eval_runtime = 16.9166
eval_samples_per_second = 295.568
