eval_accuracy = 0.46799999475479126
eval_loss = 1.3394560813903809
eval_mae = 0.6888
eval_runtime = 20.6916
eval_samples_per_second = 241.643
