eval_accuracy = 0.5027999877929688
eval_loss = 1.176472544670105
eval_mae = 0.591
eval_runtime = 17.4051
eval_samples_per_second = 287.272
