eval_accuracy = 0.5740000009536743
eval_loss = 1.0872081518173218
eval_mae = 0.5122
eval_runtime = 16.4197
eval_samples_per_second = 304.512
