eval_accuracy = 0.5564000010490417
eval_loss = 1.0802721977233887
eval_mae = 0.565
eval_runtime = 18.1563
eval_samples_per_second = 275.386
