eval_accuracy = 0.4837999939918518
eval_loss = 1.349702000617981
eval_mae = 0.6702
eval_runtime = 18.5315
eval_samples_per_second = 269.81
