eval_accuracy = 0.4758000075817108
eval_loss = 1.3439353704452515
eval_mae = 0.6932
eval_runtime = 16.9347
eval_samples_per_second = 295.253
