eval_accuracy = 0.4997999966144562
eval_loss = 1.2279382944107056
eval_mae = 0.603
eval_runtime = 18.3464
eval_samples_per_second = 272.533
