eval_accuracy = 0.5916000008583069
eval_loss = 0.9454846382141113
eval_mae = 0.471
eval_runtime = 18.8296
eval_samples_per_second = 265.539
