eval_accuracy = 0.5924000144004822
eval_loss = 1.0066581964492798
eval_mae = 0.469
eval_runtime = 17.2338
eval_samples_per_second = 290.128
