eval_accuracy = 0.5997999906539917
eval_loss = 0.9383326172828674
eval_mae = 0.455
eval_runtime = 17.0118
eval_samples_per_second = 293.913
