eval_accuracy = 0.6018000245094299
eval_loss = 0.9363210201263428
eval_mae = 0.4548
eval_runtime = 16.4045
eval_samples_per_second = 304.794
