eval_accuracy = 0.4675999879837036
eval_loss = 1.338302493095398
eval_mae = 0.6898
eval_runtime = 19.6212
eval_samples_per_second = 254.826
