eval_accuracy = 0.46799999475479126
eval_loss = 1.295690655708313
eval_mae = 0.6816
eval_runtime = 25.705
eval_samples_per_second = 194.515
