eval_accuracy = 0.6205999851226807
eval_loss = 0.9507452845573425
eval_mae = 0.4294
eval_runtime = 17.4236
eval_samples_per_second = 286.967
