eval_accuracy = 0.5594000220298767
eval_loss = 1.0798507928848267
eval_mae = 0.561
eval_runtime = 18.5929
eval_samples_per_second = 268.92
