eval_accuracy = 0.6051999926567078
eval_loss = 0.9463094472885132
eval_mae = 0.4566
eval_runtime = 17.4167
eval_samples_per_second = 287.081
