eval_accuracy = 0.4745999872684479
eval_loss = 1.3444185256958008
eval_mae = 0.6952
eval_runtime = 16.9286
eval_samples_per_second = 295.358
