eval_accuracy = 0.620199978351593
eval_loss = 0.950903594493866
eval_mae = 0.429
eval_runtime = 17.4547
eval_samples_per_second = 286.456
