eval_accuracy = 0.48339998722076416
eval_loss = 1.3509304523468018
eval_mae = 0.672
eval_runtime = 22.973
eval_samples_per_second = 217.647
