eval_accuracy = 0.5619999766349792
eval_loss = 1.0131183862686157
eval_mae = 0.5098
eval_runtime = 16.9286
eval_samples_per_second = 295.357
