eval_accuracy = 0.5546000003814697
eval_loss = 1.0240291357040405
eval_mae = 0.5362
eval_runtime = 17.1874
eval_samples_per_second = 290.91
