eval_accuracy = 0.5983999967575073
eval_loss = 0.9550408124923706
eval_mae = 0.4654
eval_runtime = 17.303
eval_samples_per_second = 288.967
