eval_accuracy = 0.5062000155448914
eval_loss = 1.2289819717407227
eval_mae = 0.621
eval_runtime = 34.4827
eval_samples_per_second = 145.0
