eval_accuracy = 0.5547999739646912
eval_loss = 1.0608668327331543
eval_mae = 0.525
eval_runtime = 18.3475
eval_samples_per_second = 272.517
