eval_accuracy = 0.592199981212616
eval_loss = 0.9475831985473633
eval_mae = 0.47
eval_runtime = 18.3527
eval_samples_per_second = 272.44
