eval_accuracy = 0.49959999322891235
eval_loss = 1.15518057346344
eval_mae = 0.591
eval_runtime = 17.3063
eval_samples_per_second = 288.911
