eval_accuracy = 0.6051999926567078
eval_loss = 0.9460257887840271
eval_mae = 0.4566
eval_runtime = 17.2822
eval_samples_per_second = 289.314
