eval_accuracy = 0.5483999848365784
eval_loss = 1.0844800472259521
eval_mae = 0.5408
eval_runtime = 21.3439
eval_samples_per_second = 234.259
