eval_accuracy = 0.4975999891757965
eval_loss = 1.2298585176467896
eval_mae = 0.6036
eval_runtime = 18.3925
eval_samples_per_second = 271.849
