eval_accuracy = 0.5929999947547913
eval_loss = 1.0070167779922485
eval_mae = 0.4682
eval_runtime = 17.236
eval_samples_per_second = 290.091
