eval_accuracy = 0.5699999928474426
eval_loss = 0.990576982498169
eval_mae = 0.5088
eval_runtime = 16.9943
eval_samples_per_second = 294.217
