eval_accuracy = 0.5708000063896179
eval_loss = 1.0215510129928589
eval_mae = 0.5068
eval_runtime = 17.4287
eval_samples_per_second = 286.884
