eval_accuracy = 0.5654000043869019
eval_loss = 1.0146042108535767
eval_mae = 0.5064
eval_runtime = 17.2764
eval_samples_per_second = 289.413
