eval_accuracy = 0.5482000112533569
eval_loss = 1.0854636430740356
eval_mae = 0.54
eval_runtime = 29.6604
eval_samples_per_second = 168.575
