eval_accuracy = 0.6362000107765198
eval_loss = 0.8894298672676086
eval_mae = 0.4148
eval_runtime = 29.6423
eval_samples_per_second = 168.678
