eval_accuracy = 0.5562000274658203
eval_loss = 1.0247310400009155
eval_mae = 0.5348
eval_runtime = 17.4297
eval_samples_per_second = 286.866
