eval_accuracy = 0.6367999911308289
eval_loss = 0.8893166780471802
eval_mae = 0.4142
eval_runtime = 20.1544
eval_samples_per_second = 248.084
