eval_accuracy = 0.5934000015258789
eval_loss = 0.9490761756896973
eval_mae = 0.469
eval_runtime = 20.0661
eval_samples_per_second = 249.177
