eval_accuracy = 0.4997999966144562
eval_loss = 1.176842212677002
eval_mae = 0.5942
eval_runtime = 17.2855
eval_samples_per_second = 289.259
