eval_accuracy = 0.6362000107765198
eval_loss = 0.8890584707260132
eval_mae = 0.415
eval_runtime = 18.3279
eval_samples_per_second = 272.808
