eval_accuracy = 0.5630000233650208
eval_loss = 1.0149351358413696
eval_mae = 0.5092
eval_runtime = 16.4004
eval_samples_per_second = 304.87
