eval_accuracy = 0.46799999475479126
eval_loss = 1.3387870788574219
eval_mae = 0.6886
eval_runtime = 18.3487
eval_samples_per_second = 272.499
