eval_accuracy = 0.6061999797821045
eval_loss = 0.946402907371521
eval_mae = 0.455
eval_runtime = 17.2735
eval_samples_per_second = 289.461
