eval_accuracy = 0.5703999996185303
eval_loss = 0.9898698925971985
eval_mae = 0.5076
eval_runtime = 16.2874
eval_samples_per_second = 306.986
