eval_accuracy = 0.5809999704360962
eval_loss = 1.0180273056030273
eval_mae = 0.4938
eval_runtime = 21.7197
eval_samples_per_second = 230.205
