eval_accuracy = 0.4675999879837036
eval_loss = 1.2964534759521484
eval_mae = 0.682
eval_runtime = 24.1646
eval_samples_per_second = 206.914
