eval_accuracy = 0.5590000152587891
eval_loss = 1.045046091079712
eval_mae = 0.5106
eval_runtime = 18.4326
eval_samples_per_second = 271.259
