eval_accuracy = 0.4968000054359436
eval_loss = 1.2394942045211792
eval_mae = 0.6472
eval_runtime = 28.5123
eval_samples_per_second = 175.363
