eval_accuracy = 0.6032000184059143
eval_loss = 0.9467874765396118
eval_mae = 0.4576
eval_runtime = 17.3013
eval_samples_per_second = 288.996
