eval_accuracy = 0.6000000238418579
eval_loss = 0.9557770490646362
eval_mae = 0.4628
eval_runtime = 17.4901
eval_samples_per_second = 285.875
