eval_accuracy = 0.5820000171661377
eval_loss = 0.9775947332382202
eval_mae = 0.4868
eval_runtime = 17.262
eval_samples_per_second = 289.654
