eval_accuracy = 0.4758000075817108
eval_loss = 1.3455287218093872
eval_mae = 0.6932
eval_runtime = 16.3955
eval_samples_per_second = 304.961
