eval_accuracy = 0.5925999879837036
eval_loss = 1.0053542852401733
eval_mae = 0.4684
eval_runtime = 17.2816
eval_samples_per_second = 289.324
