eval_accuracy = 0.6370000243186951
eval_loss = 0.8897396326065063
eval_mae = 0.4144
eval_runtime = 21.9338
eval_samples_per_second = 227.959
