eval_accuracy = 0.5916000008583069
eval_loss = 0.9604698419570923
eval_mae = 0.4842
eval_runtime = 17.3395
eval_samples_per_second = 288.359
