eval_accuracy = 0.4970000088214874
eval_loss = 1.2324507236480713
eval_mae = 0.6478
eval_runtime = 18.0479
eval_samples_per_second = 277.041
