eval_accuracy = 0.6050000190734863
eval_loss = 0.945554792881012
eval_mae = 0.4574
eval_runtime = 17.4224
eval_samples_per_second = 286.987
