eval_accuracy = 0.5712000131607056
eval_loss = 0.9908673763275146
eval_mae = 0.507
eval_runtime = 17.0769
eval_samples_per_second = 292.793
