eval_accuracy = 0.545199990272522
eval_loss = 1.0298560857772827
eval_mae = 0.5398
eval_runtime = 16.7177
eval_samples_per_second = 299.085
