eval_accuracy = 0.5934000015258789
eval_loss = 0.9474449157714844
eval_mae = 0.4594
eval_runtime = 16.204
eval_samples_per_second = 308.565
