eval_accuracy = 0.47540000081062317
eval_loss = 1.34346342086792
eval_mae = 0.6932
eval_runtime = 16.3533
eval_samples_per_second = 305.748
