eval_accuracy = 0.5275999903678894
eval_loss = 1.0538148880004883
eval_mae = 0.5698
eval_runtime = 16.9817
eval_samples_per_second = 294.434
