eval_accuracy = 0.6064000129699707
eval_loss = 0.95027756690979
eval_mae = 0.4494
eval_runtime = 17.9368
eval_samples_per_second = 278.756
