eval_accuracy = 0.5045999884605408
eval_loss = 1.230997920036316
eval_mae = 0.623
eval_runtime = 19.3022
eval_samples_per_second = 259.038
