eval_accuracy = 0.4986000061035156
eval_loss = 1.1557196378707886
eval_mae = 0.592
eval_runtime = 17.3393
eval_samples_per_second = 288.362
