eval_accuracy = 0.4578000009059906
eval_loss = 1.3664432764053345
eval_mae = 0.7308
eval_runtime = 17.3614
eval_samples_per_second = 287.995
