eval_accuracy = 0.47519999742507935
eval_loss = 1.345133662223816
eval_mae = 0.6932
eval_runtime = 16.9812
eval_samples_per_second = 294.443
