eval_accuracy = 0.5763999819755554
eval_loss = 1.0058759450912476
eval_mae = 0.495
eval_runtime = 16.5674
eval_samples_per_second = 301.798
