eval_accuracy = 0.5752000212669373
eval_loss = 1.0847725868225098
eval_mae = 0.5108
eval_runtime = 16.3874
eval_samples_per_second = 305.113
