eval_accuracy = 0.5577999949455261
eval_loss = 1.0629148483276367
eval_mae = 0.5214
eval_runtime = 18.4703
eval_samples_per_second = 270.705
