eval_accuracy = 0.5598000288009644
eval_loss = 1.0720411539077759
eval_mae = 0.5302
eval_runtime = 18.0138
eval_samples_per_second = 277.565
