eval_accuracy = 0.4713999927043915
eval_loss = 1.348588228225708
eval_mae = 0.691
eval_runtime = 17.3309
eval_samples_per_second = 288.501
