eval_accuracy = 0.5059999823570251
eval_loss = 1.2290221452713013
eval_mae = 0.6214
eval_runtime = 35.7085
eval_samples_per_second = 140.023
