eval_accuracy = 0.5651999711990356
eval_loss = 1.0150814056396484
eval_mae = 0.5072
eval_runtime = 16.3053
eval_samples_per_second = 306.649
