eval_accuracy = 0.527999997138977
eval_loss = 1.0535552501678467
eval_mae = 0.569
eval_runtime = 15.971
eval_samples_per_second = 313.068
