eval_accuracy = 0.45739999413490295
eval_loss = 1.3659785985946655
eval_mae = 0.7318
eval_runtime = 17.3609
eval_samples_per_second = 288.003
