eval_accuracy = 0.47679999470710754
eval_loss = 1.340638518333435
eval_mae = 0.6934
eval_runtime = 16.9303
eval_samples_per_second = 295.329
