eval_accuracy = 0.5794000029563904
eval_loss = 1.0172843933105469
eval_mae = 0.483
eval_runtime = 17.5536
eval_samples_per_second = 284.842
