eval_accuracy = 0.5583999752998352
eval_loss = 1.0788415670394897
eval_mae = 0.5308
eval_runtime = 18.2811
eval_samples_per_second = 273.507
