eval_accuracy = 0.578000009059906
eval_loss = 1.0190738439559937
eval_mae = 0.4836
eval_runtime = 17.4276
eval_samples_per_second = 286.902
