eval_accuracy = 0.4828000068664551
eval_loss = 1.353689432144165
eval_mae = 0.6716
eval_runtime = 18.0982
eval_samples_per_second = 276.271
