eval_accuracy = 0.5809999704360962
eval_loss = 1.0185877084732056
eval_mae = 0.4938
eval_runtime = 20.8205
eval_samples_per_second = 240.148
