eval_accuracy = 0.5777999758720398
eval_loss = 1.0180838108062744
eval_mae = 0.4846
eval_runtime = 17.4553
eval_samples_per_second = 286.446
