eval_accuracy = 0.5609999895095825
eval_loss = 1.045221209526062
eval_mae = 0.5088
eval_runtime = 22.5616
eval_samples_per_second = 221.616
