eval_accuracy = 0.5812000036239624
eval_loss = 1.0188117027282715
eval_mae = 0.4938
eval_runtime = 20.2229
eval_samples_per_second = 247.245
