eval_accuracy = 0.6011999845504761
eval_loss = 0.9358343482017517
eval_mae = 0.455
eval_runtime = 16.3726
eval_samples_per_second = 305.388
