eval_accuracy = 0.5712000131607056
eval_loss = 0.9901416897773743
eval_mae = 0.5058
eval_runtime = 16.9108
eval_samples_per_second = 295.668
