eval_accuracy = 0.6000000238418579
eval_loss = 0.9543911814689636
eval_mae = 0.4632
eval_runtime = 16.6477
eval_samples_per_second = 300.342
