eval_accuracy = 0.5938000082969666
eval_loss = 0.9623163342475891
eval_mae = 0.4816
eval_runtime = 16.6188
eval_samples_per_second = 300.863
