eval_accuracy = 0.4706000089645386
eval_loss = 1.3491039276123047
eval_mae = 0.6926
eval_runtime = 17.3158
eval_samples_per_second = 288.754
