eval_accuracy = 0.5806000232696533
eval_loss = 1.0185755491256714
eval_mae = 0.4944
eval_runtime = 33.9912
eval_samples_per_second = 147.097
