eval_accuracy = 0.4729999899864197
eval_loss = 1.3456707000732422
eval_mae = 0.689
eval_runtime = 17.3836
eval_samples_per_second = 287.627
