eval_accuracy = 0.4729999899864197
eval_loss = 1.3489990234375
eval_mae = 0.6876
eval_runtime = 17.5166
eval_samples_per_second = 285.443
