eval_accuracy = 0.4715999960899353
eval_loss = 1.3475322723388672
eval_mae = 0.6894
eval_runtime = 16.7856
eval_samples_per_second = 297.875
