eval_accuracy = 0.6001999974250793
eval_loss = 0.9362667798995972
eval_mae = 0.4536
eval_runtime = 17.0902
eval_samples_per_second = 292.565
