eval_accuracy = 0.5016000270843506
eval_loss = 1.227699637413025
eval_mae = 0.5998
eval_runtime = 18.4224
eval_samples_per_second = 271.408
