eval_accuracy = 0.5472000241279602
eval_loss = 1.0859978199005127
eval_mae = 0.5412
eval_runtime = 28.5882
eval_samples_per_second = 174.897
