eval_accuracy = 0.4675999879837036
eval_loss = 1.3396884202957153
eval_mae = 0.6892
eval_runtime = 18.6101
eval_samples_per_second = 268.671
