eval_accuracy = 0.48159998655319214
eval_loss = 1.3918402194976807
eval_mae = 0.6732
eval_runtime = 36.648
eval_samples_per_second = 136.433
