eval_accuracy = 0.5813999772071838
eval_loss = 1.0186161994934082
eval_mae = 0.493
eval_runtime = 19.0134
eval_samples_per_second = 262.973
