eval_accuracy = 0.5598000288009644
eval_loss = 1.0467033386230469
eval_mae = 0.5094
eval_runtime = 18.0962
eval_samples_per_second = 276.301
