eval_accuracy = 0.5712000131607056
eval_loss = 0.9907460808753967
eval_mae = 0.506
eval_runtime = 17.1041
eval_samples_per_second = 292.327
