eval_accuracy = 0.5019999742507935
eval_loss = 1.177026629447937
eval_mae = 0.5924
eval_runtime = 16.8525
eval_samples_per_second = 296.691
