eval_accuracy = 0.5727999806404114
eval_loss = 0.991381049156189
eval_mae = 0.5064
eval_runtime = 17.0276
eval_samples_per_second = 293.641
