eval_accuracy = 0.49959999322891235
eval_loss = 1.227845549583435
eval_mae = 0.603
eval_runtime = 18.5151
eval_samples_per_second = 270.049
