eval_accuracy = 0.5443999767303467
eval_loss = 1.0304421186447144
eval_mae = 0.541
eval_runtime = 16.7975
eval_samples_per_second = 297.663
