eval_accuracy = 0.5008000135421753
eval_loss = 1.241942048072815
eval_mae = 0.5944
eval_runtime = 19.5697
eval_samples_per_second = 255.497
