eval_accuracy = 0.5705999732017517
eval_loss = 0.9910896420478821
eval_mae = 0.5076
eval_runtime = 16.938
eval_samples_per_second = 295.194
