eval_accuracy = 0.5774000287055969
eval_loss = 1.004912257194519
eval_mae = 0.4948
eval_runtime = 17.2796
eval_samples_per_second = 289.359
