eval_accuracy = 0.46799999475479126
eval_loss = 1.3390494585037231
eval_mae = 0.6886
eval_runtime = 18.3753
eval_samples_per_second = 272.105
