eval_accuracy = 0.5034000277519226
eval_loss = 1.1765339374542236
eval_mae = 0.5914
eval_runtime = 17.7203
eval_samples_per_second = 282.162
