eval_accuracy = 0.4553999900817871
eval_loss = 1.3727201223373413
eval_mae = 0.7348
eval_runtime = 17.4171
eval_samples_per_second = 287.075
