eval_accuracy = 0.4397999942302704
eval_loss = 1.4442130327224731
eval_mae = 0.728
eval_runtime = 19.03
eval_samples_per_second = 262.743
