eval_accuracy = 0.5483999848365784
eval_loss = 1.0861247777938843
eval_mae = 0.5402
eval_runtime = 18.0648
eval_samples_per_second = 276.781
