eval_accuracy = 0.5809999704360962
eval_loss = 1.0195339918136597
eval_mae = 0.4938
eval_runtime = 28.8959
eval_samples_per_second = 173.035
