eval_accuracy = 0.5070000290870667
eval_loss = 1.2287086248397827
eval_mae = 0.6206
eval_runtime = 19.059
eval_samples_per_second = 262.344
