eval_accuracy = 0.5558000206947327
eval_loss = 1.0783367156982422
eval_mae = 0.5662
eval_runtime = 18.4832
eval_samples_per_second = 270.516
