eval_accuracy = 0.43939998745918274
eval_loss = 1.4430694580078125
eval_mae = 0.7296
eval_runtime = 33.9566
eval_samples_per_second = 147.247
