eval_accuracy = 0.4575999975204468
eval_loss = 1.3670482635498047
eval_mae = 0.7316
eval_runtime = 17.326
eval_samples_per_second = 288.584
