eval_accuracy = 0.5934000015258789
eval_loss = 1.0070390701293945
eval_mae = 0.468
eval_runtime = 17.3028
eval_samples_per_second = 288.971
