eval_accuracy = 0.47200000286102295
eval_loss = 1.3527575731277466
eval_mae = 0.6896
eval_runtime = 17.2989
eval_samples_per_second = 289.036
