eval_accuracy = 0.5946000218391418
eval_loss = 0.9468325972557068
eval_mae = 0.468
eval_runtime = 19.5407
eval_samples_per_second = 255.876
