eval_accuracy = 0.5475999712944031
eval_loss = 1.0860474109649658
eval_mae = 0.541
eval_runtime = 24.1983
eval_samples_per_second = 206.626
