eval_accuracy = 0.5022000074386597
eval_loss = 1.2421376705169678
eval_mae = 0.5928
eval_runtime = 18.3487
eval_samples_per_second = 272.499
