eval_accuracy = 0.5985999703407288
eval_loss = 0.9558318257331848
eval_mae = 0.465
eval_runtime = 16.3043
eval_samples_per_second = 306.668
