eval_accuracy = 0.5590000152587891
eval_loss = 1.0779556035995483
eval_mae = 0.5302
eval_runtime = 20.7238
eval_samples_per_second = 241.269
