eval_accuracy = 0.5576000213623047
eval_loss = 1.0790057182312012
eval_mae = 0.564
eval_runtime = 18.9461
eval_samples_per_second = 263.907
