eval_accuracy = 0.5727999806404114
eval_loss = 1.0827229022979736
eval_mae = 0.5124
eval_runtime = 16.3799
eval_samples_per_second = 305.253
