eval_accuracy = 0.5691999793052673
eval_loss = 1.0212280750274658
eval_mae = 0.509
eval_runtime = 17.2773
eval_samples_per_second = 289.396
