eval_accuracy = 0.4991999864578247
eval_loss = 1.2280380725860596
eval_mae = 0.604
eval_runtime = 18.3603
eval_samples_per_second = 272.327
