eval_accuracy = 0.4968000054359436
eval_loss = 1.235365390777588
eval_mae = 0.6068
eval_runtime = 30.7284
eval_samples_per_second = 162.716
