eval_accuracy = 0.5907999873161316
eval_loss = 0.9488877058029175
eval_mae = 0.463
eval_runtime = 16.224
eval_samples_per_second = 308.185
