eval_accuracy = 0.5699999928474426
eval_loss = 1.0213603973388672
eval_mae = 0.508
eval_runtime = 17.3741
eval_samples_per_second = 287.784
