eval_accuracy = 0.6366000175476074
eval_loss = 0.8895847797393799
eval_mae = 0.4144
eval_runtime = 19.5434
eval_samples_per_second = 255.841
