eval_accuracy = 0.571399986743927
eval_loss = 0.9917082786560059
eval_mae = 0.509
eval_runtime = 16.1755
eval_samples_per_second = 309.109
