eval_accuracy = 0.6362000107765198
eval_loss = 0.8898021578788757
eval_mae = 0.4152
eval_runtime = 23.5062
eval_samples_per_second = 212.71
