eval_accuracy = 0.600600004196167
eval_loss = 0.9356496930122375
eval_mae = 0.4552
eval_runtime = 16.9907
eval_samples_per_second = 294.278
