eval_accuracy = 0.5001999735832214
eval_loss = 1.2417691946029663
eval_mae = 0.5954
eval_runtime = 23.2505
eval_samples_per_second = 215.049
