eval_accuracy = 0.5266000032424927
eval_loss = 1.0536761283874512
eval_mae = 0.571
eval_runtime = 15.936
eval_samples_per_second = 313.756
