eval_accuracy = 0.5062000155448914
eval_loss = 1.2291256189346313
eval_mae = 0.6216
eval_runtime = 21.5756
eval_samples_per_second = 231.743
