eval_accuracy = 0.5907999873161316
eval_loss = 1.0054603815078735
eval_mae = 0.472
eval_runtime = 17.4166
eval_samples_per_second = 287.082
