eval_accuracy = 0.4392000138759613
eval_loss = 1.4425251483917236
eval_mae = 0.73
eval_runtime = 24.8338
eval_samples_per_second = 201.338
