eval_accuracy = 0.6075999736785889
eval_loss = 0.9507865309715271
eval_mae = 0.4494
eval_runtime = 18.5542
eval_samples_per_second = 269.481
