eval_accuracy = 0.4381999969482422
eval_loss = 1.4454296827316284
eval_mae = 0.7314
eval_runtime = 19.3032
eval_samples_per_second = 259.024
