eval_accuracy = 0.5450000166893005
eval_loss = 1.0300664901733398
eval_mae = 0.5402
eval_runtime = 16.8022
eval_samples_per_second = 297.58
