eval_accuracy = 0.5817999839782715
eval_loss = 0.9787123203277588
eval_mae = 0.488
eval_runtime = 17.3573
eval_samples_per_second = 288.063
