eval_accuracy = 0.5771999955177307
eval_loss = 1.0194669961929321
eval_mae = 0.4846
eval_runtime = 17.4216
eval_samples_per_second = 287.0
