eval_accuracy = 0.5996000170707703
eval_loss = 0.9559271335601807
eval_mae = 0.4638
eval_runtime = 16.6177
eval_samples_per_second = 300.884
