eval_accuracy = 0.4814000129699707
eval_loss = 1.3570964336395264
eval_mae = 0.6738
eval_runtime = 17.7893
eval_samples_per_second = 281.067
