eval_accuracy = 0.5641999840736389
eval_loss = 1.0143183469772339
eval_mae = 0.5084
eval_runtime = 16.9359
eval_samples_per_second = 295.23
