eval_accuracy = 0.4731999933719635
eval_loss = 1.3482555150985718
eval_mae = 0.6882
eval_runtime = 17.5422
eval_samples_per_second = 285.026
