eval_accuracy = 0.4575999975204468
eval_loss = 1.3671817779541016
eval_mae = 0.732
eval_runtime = 17.5194
eval_samples_per_second = 285.398
