eval_accuracy = 0.5789999961853027
eval_loss = 1.013285517692566
eval_mae = 0.4824
eval_runtime = 17.5784
eval_samples_per_second = 284.44
