eval_accuracy = 0.5785999894142151
eval_loss = 1.0180013179779053
eval_mae = 0.4838
eval_runtime = 16.8465
eval_samples_per_second = 296.797
