eval_accuracy = 0.4690000116825104
eval_loss = 1.2720229625701904
eval_mae = 0.6772
eval_runtime = 18.4176
eval_samples_per_second = 271.48
