eval_accuracy = 0.5004000067710876
eval_loss = 1.2420942783355713
eval_mae = 0.5952
eval_runtime = 19.4864
eval_samples_per_second = 256.589
