eval_accuracy = 0.5609999895095825
eval_loss = 1.0457404851913452
eval_mae = 0.5082
eval_runtime = 18.0478
eval_samples_per_second = 277.042
