eval_accuracy = 0.5767999887466431
eval_loss = 1.0063873529434204
eval_mae = 0.496
eval_runtime = 17.4643
eval_samples_per_second = 286.298
