eval_accuracy = 0.5741999745368958
eval_loss = 0.9894515872001648
eval_mae = 0.5032
eval_runtime = 17.0096
eval_samples_per_second = 293.952
