eval_accuracy = 0.5558000206947327
eval_loss = 1.061418890953064
eval_mae = 0.527
eval_runtime = 18.3606
eval_samples_per_second = 272.323
