eval_accuracy = 0.6046000123023987
eval_loss = 0.9466918706893921
eval_mae = 0.4566
eval_runtime = 16.4351
eval_samples_per_second = 304.227
