eval_accuracy = 0.4724000096321106
eval_loss = 1.3734806776046753
eval_mae = 0.6798
eval_runtime = 25.3459
eval_samples_per_second = 197.27
