eval_accuracy = 0.5608000159263611
eval_loss = 1.0453169345855713
eval_mae = 0.5088
eval_runtime = 23.7962
eval_samples_per_second = 210.118
