eval_accuracy = 0.4814000129699707
eval_loss = 1.3923615217208862
eval_mae = 0.6732
eval_runtime = 27.144
eval_samples_per_second = 184.202
