eval_accuracy = 0.6011999845504761
eval_loss = 0.9352872967720032
eval_mae = 0.4548
eval_runtime = 17.047
eval_samples_per_second = 293.306
