eval_accuracy = 0.5702000260353088
eval_loss = 1.0212831497192383
eval_mae = 0.5082
eval_runtime = 16.0217
eval_samples_per_second = 312.077
