eval_accuracy = 0.5253999829292297
eval_loss = 1.0542466640472412
eval_mae = 0.5742
eval_runtime = 16.239
eval_samples_per_second = 307.901
