eval_accuracy = 0.5582000017166138
eval_loss = 1.0618189573287964
eval_mae = 0.5214
eval_runtime = 18.3209
eval_samples_per_second = 272.912
