eval_accuracy = 0.6047999858856201
eval_loss = 0.9465980529785156
eval_mae = 0.4566
eval_runtime = 17.2573
eval_samples_per_second = 289.733
