eval_accuracy = 0.5982000231742859
eval_loss = 0.9568173885345459
eval_mae = 0.4658
eval_runtime = 17.3176
eval_samples_per_second = 288.724
