eval_accuracy = 0.5275999903678894
eval_loss = 1.0547316074371338
eval_mae = 0.5702
eval_runtime = 15.9767
eval_samples_per_second = 312.956
