eval_accuracy = 0.5023999810218811
eval_loss = 1.2405165433883667
eval_mae = 0.5932
eval_runtime = 26.6009
eval_samples_per_second = 187.964
