eval_accuracy = 0.5928000211715698
eval_loss = 0.9479972720146179
eval_mae = 0.4702
eval_runtime = 18.9443
eval_samples_per_second = 263.932
