eval_accuracy = 0.5604000091552734
eval_loss = 1.0777089595794678
eval_mae = 0.5276
eval_runtime = 30.2
eval_samples_per_second = 165.563
