eval_accuracy = 0.4726000130176544
eval_loss = 1.3489004373550415
eval_mae = 0.6906
eval_runtime = 16.8148
eval_samples_per_second = 297.356
