eval_accuracy = 0.4749999940395355
eval_loss = 1.3429380655288696
eval_mae = 0.6968
eval_runtime = 17.129
eval_samples_per_second = 291.902
