eval_accuracy = 0.5045999884605408
eval_loss = 1.1776903867721558
eval_mae = 0.5896
eval_runtime = 17.2508
eval_samples_per_second = 289.841
