eval_accuracy = 0.475600004196167
eval_loss = 1.346876621246338
eval_mae = 0.6954
eval_runtime = 16.8712
eval_samples_per_second = 296.363
