eval_accuracy = 0.5667999982833862
eval_loss = 1.0175542831420898
eval_mae = 0.5114
eval_runtime = 17.3427
eval_samples_per_second = 288.306
