eval_accuracy = 0.5785999894142151
eval_loss = 1.019869327545166
eval_mae = 0.4836
eval_runtime = 16.8334
eval_samples_per_second = 297.028
