eval_accuracy = 0.4747999906539917
eval_loss = 1.3451870679855347
eval_mae = 0.6978
eval_runtime = 17.023
eval_samples_per_second = 293.721
