eval_accuracy = 0.5812000036239624
eval_loss = 1.018699288368225
eval_mae = 0.4934
eval_runtime = 23.3552
eval_samples_per_second = 214.085
