eval_accuracy = 0.5022000074386597
eval_loss = 1.160422682762146
eval_mae = 0.5878
eval_runtime = 17.4433
eval_samples_per_second = 286.643
