eval_accuracy = 0.5705999732017517
eval_loss = 0.9905556440353394
eval_mae = 0.507
eval_runtime = 16.9196
eval_samples_per_second = 295.516
