eval_accuracy = 0.548799991607666
eval_loss = 1.1463381052017212
eval_mae = 0.5806
eval_runtime = 17.3681
eval_samples_per_second = 287.884
