eval_accuracy = 0.5012000203132629
eval_loss = 1.2413790225982666
eval_mae = 0.5936
eval_runtime = 18.5467
eval_samples_per_second = 269.59
