eval_accuracy = 0.48500001430511475
eval_loss = 1.3473488092422485
eval_mae = 0.668
eval_runtime = 17.7989
eval_samples_per_second = 280.917
