eval_accuracy = 0.5580000281333923
eval_loss = 1.0801808834075928
eval_mae = 0.5642
eval_runtime = 18.9719
eval_samples_per_second = 263.548
