eval_accuracy = 0.5004000067710876
eval_loss = 1.2426304817199707
eval_mae = 0.595
eval_runtime = 20.1679
eval_samples_per_second = 247.919
