eval_accuracy = 0.5559999942779541
eval_loss = 1.0800955295562744
eval_mae = 0.5652
eval_runtime = 33.3425
eval_samples_per_second = 149.959
