eval_accuracy = 0.5001999735832214
eval_loss = 1.156064510345459
eval_mae = 0.5906
eval_runtime = 17.3927
eval_samples_per_second = 287.476
