eval_accuracy = 0.47679999470710754
eval_loss = 1.4023336172103882
eval_mae = 0.681
eval_runtime = 20.1657
eval_samples_per_second = 247.945
