eval_accuracy = 0.5997999906539917
eval_loss = 0.955986499786377
eval_mae = 0.4632
eval_runtime = 17.3443
eval_samples_per_second = 288.278
