eval_accuracy = 0.49880000948905945
eval_loss = 1.224156141281128
eval_mae = 0.602
eval_runtime = 18.9713
eval_samples_per_second = 263.556
