eval_accuracy = 0.592199981212616
eval_loss = 0.9479485154151917
eval_mae = 0.4706
eval_runtime = 20.1259
eval_samples_per_second = 248.437
