eval_accuracy = 0.5893999934196472
eval_loss = 0.9474732279777527
eval_mae = 0.464
eval_runtime = 16.2071
eval_samples_per_second = 308.507
