eval_accuracy = 0.5558000206947327
eval_loss = 1.0242393016815186
eval_mae = 0.5352
eval_runtime = 17.3043
eval_samples_per_second = 288.945
