eval_accuracy = 0.545199990272522
eval_loss = 1.0298558473587036
eval_mae = 0.5406
eval_runtime = 17.3946
eval_samples_per_second = 287.445
