eval_accuracy = 0.6367999911308289
eval_loss = 0.8885756731033325
eval_mae = 0.4124
eval_runtime = 30.4504
eval_samples_per_second = 164.202
