eval_accuracy = 0.6000000238418579
eval_loss = 0.9556312561035156
eval_mae = 0.463
eval_runtime = 17.251
eval_samples_per_second = 289.838
