eval_accuracy = 0.5271999835968018
eval_loss = 1.0553622245788574
eval_mae = 0.5704
eval_runtime = 16.931
eval_samples_per_second = 295.317
