eval_accuracy = 0.4681999981403351
eval_loss = 1.2965431213378906
eval_mae = 0.6814
eval_runtime = 22.718
eval_samples_per_second = 220.089
