eval_accuracy = 0.46779999136924744
eval_loss = 1.3397818803787231
eval_mae = 0.689
eval_runtime = 25.5184
eval_samples_per_second = 195.937
