eval_accuracy = 0.5758000016212463
eval_loss = 1.0057945251464844
eval_mae = 0.496
eval_runtime = 17.206
eval_samples_per_second = 290.597
