eval_accuracy = 0.5271999835968018
eval_loss = 1.0524826049804688
eval_mae = 0.5706
eval_runtime = 16.2812
eval_samples_per_second = 307.103
