eval_accuracy = 0.5817999839782715
eval_loss = 1.020408034324646
eval_mae = 0.4946
eval_runtime = 31.1243
eval_samples_per_second = 160.646
