eval_accuracy = 0.5436000227928162
eval_loss = 1.0302921533584595
eval_mae = 0.5434
eval_runtime = 16.7687
eval_samples_per_second = 298.175
