eval_accuracy = 0.5907999873161316
eval_loss = 0.9470824003219604
eval_mae = 0.4628
eval_runtime = 16.2048
eval_samples_per_second = 308.55
