eval_accuracy = 0.5896000266075134
eval_loss = 0.9491716623306274
eval_mae = 0.4642
eval_runtime = 16.589
eval_samples_per_second = 301.404
