eval_accuracy = 0.5917999744415283
eval_loss = 0.9479516744613647
eval_mae = 0.4704
eval_runtime = 19.7206
eval_samples_per_second = 253.542
