eval_accuracy = 0.5022000074386597
eval_loss = 1.177930474281311
eval_mae = 0.5928
eval_runtime = 17.3027
eval_samples_per_second = 288.972
