eval_accuracy = 0.4814000129699707
eval_loss = 1.3533514738082886
eval_mae = 0.6722
eval_runtime = 18.5925
eval_samples_per_second = 268.925
