eval_accuracy = 0.5443999767303467
eval_loss = 1.0305132865905762
eval_mae = 0.5406
eval_runtime = 17.5097
eval_samples_per_second = 285.556
