eval_accuracy = 0.4593999981880188
eval_loss = 1.3660989999771118
eval_mae = 0.7292
eval_runtime = 16.7572
eval_samples_per_second = 298.38
