eval_accuracy = 0.4586000144481659
eval_loss = 1.366041660308838
eval_mae = 0.731
eval_runtime = 16.7096
eval_samples_per_second = 299.228
