eval_accuracy = 0.5756000280380249
eval_loss = 1.0847091674804688
eval_mae = 0.5094
eval_runtime = 17.1699
eval_samples_per_second = 291.207
