eval_accuracy = 0.6014000177383423
eval_loss = 0.9359949231147766
eval_mae = 0.4548
eval_runtime = 17.053
eval_samples_per_second = 293.204
