eval_accuracy = 0.5001999735832214
eval_loss = 1.2276687622070312
eval_mae = 0.603
eval_runtime = 18.443
eval_samples_per_second = 271.106
