eval_accuracy = 0.5482000112533569
eval_loss = 1.1460909843444824
eval_mae = 0.5822
eval_runtime = 17.5582
eval_samples_per_second = 284.767
