eval_accuracy = 0.599399983882904
eval_loss = 0.9556398391723633
eval_mae = 0.4636
eval_runtime = 17.4573
eval_samples_per_second = 286.414
