eval_accuracy = 0.5558000206947327
eval_loss = 1.0246880054473877
eval_mae = 0.535
eval_runtime = 17.3712
eval_samples_per_second = 287.833
