eval_accuracy = 0.5774000287055969
eval_loss = 1.0050369501113892
eval_mae = 0.4938
eval_runtime = 16.4888
eval_samples_per_second = 303.236
