eval_accuracy = 0.5784000158309937
eval_loss = 1.0172663927078247
eval_mae = 0.4838
eval_runtime = 17.4524
eval_samples_per_second = 286.494
