eval_accuracy = 0.5455999970436096
eval_loss = 1.0292474031448364
eval_mae = 0.541
eval_runtime = 16.7868
eval_samples_per_second = 297.853
