eval_accuracy = 0.5748000144958496
eval_loss = 1.0858622789382935
eval_mae = 0.5112
eval_runtime = 16.9523
eval_samples_per_second = 294.945
