eval_accuracy = 0.5455999970436096
eval_loss = 1.0298967361450195
eval_mae = 0.54
eval_runtime = 16.7596
eval_samples_per_second = 298.337
