eval_accuracy = 0.506600022315979
eval_loss = 1.2292474508285522
eval_mae = 0.621
eval_runtime = 19.6362
eval_samples_per_second = 254.632
