eval_accuracy = 0.5932000279426575
eval_loss = 1.006346583366394
eval_mae = 0.4684
eval_runtime = 17.2766
eval_samples_per_second = 289.408
