eval_accuracy = 0.5450000166893005
eval_loss = 1.030104637145996
eval_mae = 0.5398
eval_runtime = 17.3034
eval_samples_per_second = 288.961
