eval_accuracy = 0.6051999926567078
eval_loss = 0.9463543891906738
eval_mae = 0.4562
eval_runtime = 16.4658
eval_samples_per_second = 303.66
