eval_accuracy = 0.5564000010490417
eval_loss = 1.0801210403442383
eval_mae = 0.5656
eval_runtime = 36.1913
eval_samples_per_second = 138.155
