eval_accuracy = 0.5004000067710876
eval_loss = 1.2424858808517456
eval_mae = 0.595
eval_runtime = 18.6027
eval_samples_per_second = 268.778
