eval_accuracy = 0.5698000192642212
eval_loss = 1.0208386182785034
eval_mae = 0.5076
eval_runtime = 16.5325
eval_samples_per_second = 302.435
