eval_accuracy = 0.5934000015258789
eval_loss = 0.9476432800292969
eval_mae = 0.4686
eval_runtime = 18.4217
eval_samples_per_second = 271.419
