eval_accuracy = 0.5997999906539917
eval_loss = 0.9555513858795166
eval_mae = 0.463
eval_runtime = 17.2368
eval_samples_per_second = 290.076
