eval_accuracy = 0.5788000226020813
eval_loss = 1.0170378684997559
eval_mae = 0.4826
eval_runtime = 16.8792
eval_samples_per_second = 296.223
