eval_accuracy = 0.5759999752044678
eval_loss = 1.0845274925231934
eval_mae = 0.5096
eval_runtime = 16.5589
eval_samples_per_second = 301.953
