eval_accuracy = 0.5568000078201294
eval_loss = 1.079931616783142
eval_mae = 0.5644
eval_runtime = 17.8219
eval_samples_per_second = 280.554
