eval_accuracy = 0.6223999857902527
eval_loss = 0.9513825178146362
eval_mae = 0.4268
eval_runtime = 17.4198
eval_samples_per_second = 287.03
