eval_accuracy = 0.5067999958992004
eval_loss = 1.2308119535446167
eval_mae = 0.6216
eval_runtime = 34.6987
eval_samples_per_second = 144.098
