eval_accuracy = 0.5892000198364258
eval_loss = 0.9486020803451538
eval_mae = 0.4648
eval_runtime = 17.2239
eval_samples_per_second = 290.294
