eval_accuracy = 0.5587999820709229
eval_loss = 1.0785174369812012
eval_mae = 0.5306
eval_runtime = 19.2047
eval_samples_per_second = 260.353
