eval_accuracy = 0.5564000010490417
eval_loss = 1.0645999908447266
eval_mae = 0.524
eval_runtime = 18.295
eval_samples_per_second = 273.299
