eval_accuracy = 0.45680001378059387
eval_loss = 1.3659756183624268
eval_mae = 0.7314
eval_runtime = 16.7623
eval_samples_per_second = 298.289
