eval_accuracy = 0.607200026512146
eval_loss = 0.949711799621582
eval_mae = 0.449
eval_runtime = 18.7167
eval_samples_per_second = 267.142
