eval_accuracy = 0.571399986743927
eval_loss = 0.990276575088501
eval_mae = 0.5062
eval_runtime = 16.23
eval_samples_per_second = 308.072
