eval_accuracy = 0.5271999835968018
eval_loss = 1.053885817527771
eval_mae = 0.571
eval_runtime = 16.2951
eval_samples_per_second = 306.84
