eval_accuracy = 0.5655999779701233
eval_loss = 1.0162221193313599
eval_mae = 0.5064
eval_runtime = 16.3992
eval_samples_per_second = 304.894
