eval_accuracy = 0.4717999994754791
eval_loss = 1.3475760221481323
eval_mae = 0.6908
eval_runtime = 17.55
eval_samples_per_second = 284.9
