eval_accuracy = 0.5794000029563904
eval_loss = 1.0177174806594849
eval_mae = 0.4836
eval_runtime = 16.7844
eval_samples_per_second = 297.895
