eval_accuracy = 0.5580000281333923
eval_loss = 1.078050136566162
eval_mae = 0.5312
eval_runtime = 18.4165
eval_samples_per_second = 271.496
