eval_accuracy = 0.5473999977111816
eval_loss = 1.086039423942566
eval_mae = 0.541
eval_runtime = 18.3288
eval_samples_per_second = 272.794
