eval_accuracy = 0.5461999773979187
eval_loss = 1.0300118923187256
eval_mae = 0.538
eval_runtime = 16.4961
eval_samples_per_second = 303.102
