eval_accuracy = 0.5479999780654907
eval_loss = 1.1474559307098389
eval_mae = 0.5826
eval_runtime = 17.4849
eval_samples_per_second = 285.961
