eval_accuracy = 0.5475999712944031
eval_loss = 1.0803256034851074
eval_mae = 0.5426
eval_runtime = 23.7267
eval_samples_per_second = 210.733
