eval_accuracy = 0.49959999322891235
eval_loss = 1.1555393934249878
eval_mae = 0.5914
eval_runtime = 16.6414
eval_samples_per_second = 300.455
