eval_accuracy = 0.6057999730110168
eval_loss = 0.9500275254249573
eval_mae = 0.4508
eval_runtime = 18.2258
eval_samples_per_second = 274.336
