eval_accuracy = 0.5807999968528748
eval_loss = 1.0196741819381714
eval_mae = 0.4942
eval_runtime = 19.6187
eval_samples_per_second = 254.859
