eval_accuracy = 0.5026000142097473
eval_loss = 1.2308967113494873
eval_mae = 0.6002
eval_runtime = 18.2303
eval_samples_per_second = 274.269
