eval_accuracy = 0.5587999820709229
eval_loss = 1.0785459280014038
eval_mae = 0.5304
eval_runtime = 18.5652
eval_samples_per_second = 269.321
