eval_accuracy = 0.5935999751091003
eval_loss = 0.9470316171646118
eval_mae = 0.4688
eval_runtime = 19.5937
eval_samples_per_second = 255.184
