eval_accuracy = 0.548799991607666
eval_loss = 1.1467649936676025
eval_mae = 0.5812
eval_runtime = 17.6277
eval_samples_per_second = 283.645
