eval_accuracy = 0.5001999735832214
eval_loss = 1.2392094135284424
eval_mae = 0.5942
eval_runtime = 18.7675
eval_samples_per_second = 266.418
