eval_accuracy = 0.5803999900817871
eval_loss = 1.0104140043258667
eval_mae = 0.4822
eval_runtime = 17.5118
eval_samples_per_second = 285.522
