eval_accuracy = 0.4828000068664551
eval_loss = 1.3536607027053833
eval_mae = 0.6712
eval_runtime = 19.0766
eval_samples_per_second = 262.101
