eval_accuracy = 0.5776000022888184
eval_loss = 1.018868088722229
eval_mae = 0.4844
eval_runtime = 17.5
eval_samples_per_second = 285.714
