eval_accuracy = 0.4968000054359436
eval_loss = 1.238510012626648
eval_mae = 0.6476
eval_runtime = 20.1379
eval_samples_per_second = 248.288
