eval_accuracy = 0.557200014591217
eval_loss = 1.0776433944702148
eval_mae = 0.5322
eval_runtime = 27.2234
eval_samples_per_second = 183.666
