eval_accuracy = 0.43619999289512634
eval_loss = 1.4469029903411865
eval_mae = 0.7336
eval_runtime = 18.608
eval_samples_per_second = 268.702
