eval_accuracy = 0.5609999895095825
eval_loss = 1.0455955266952515
eval_mae = 0.5084
eval_runtime = 18.4577
eval_samples_per_second = 270.89
