eval_accuracy = 0.4699999988079071
eval_loss = 1.2947065830230713
eval_mae = 0.6804
eval_runtime = 33.0102
eval_samples_per_second = 151.468
