eval_accuracy = 0.5568000078201294
eval_loss = 1.0631396770477295
eval_mae = 0.5218
eval_runtime = 18.3019
eval_samples_per_second = 273.196
