eval_accuracy = 0.4844000041484833
eval_loss = 1.3486945629119873
eval_mae = 0.6696
eval_runtime = 18.1008
eval_samples_per_second = 276.232
