eval_accuracy = 0.5558000206947327
eval_loss = 1.0245939493179321
eval_mae = 0.5342
eval_runtime = 17.4745
eval_samples_per_second = 286.132
