eval_accuracy = 0.5008000135421753
eval_loss = 1.2429094314575195
eval_mae = 0.5952
eval_runtime = 23.7581
eval_samples_per_second = 210.454
