eval_accuracy = 0.5558000206947327
eval_loss = 1.0803546905517578
eval_mae = 0.5654
eval_runtime = 23.0961
eval_samples_per_second = 216.487
