eval_accuracy = 0.5558000206947327
eval_loss = 1.0802876949310303
eval_mae = 0.5656
eval_runtime = 26.0517
eval_samples_per_second = 191.926
