eval_accuracy = 0.483599990606308
eval_loss = 1.3548977375030518
eval_mae = 0.6712
eval_runtime = 21.5821
eval_samples_per_second = 231.674
