eval_accuracy = 0.5817999839782715
eval_loss = 0.9788888692855835
eval_mae = 0.488
eval_runtime = 16.8484
eval_samples_per_second = 296.765
