eval_accuracy = 0.49900001287460327
eval_loss = 1.1560001373291016
eval_mae = 0.5918
eval_runtime = 17.2385
eval_samples_per_second = 290.049
