eval_accuracy = 0.4997999966144562
eval_loss = 1.1557354927062988
eval_mae = 0.5906
eval_runtime = 16.678
eval_samples_per_second = 299.796
