eval_accuracy = 0.548799991607666
eval_loss = 1.1486438512802124
eval_mae = 0.5794
eval_runtime = 17.3742
eval_samples_per_second = 287.784
