eval_accuracy = 0.46939998865127563
eval_loss = 1.2825466394424438
eval_mae = 0.6794
eval_runtime = 20.5969
eval_samples_per_second = 242.755
