eval_accuracy = 0.47600001096725464
eval_loss = 1.3423495292663574
eval_mae = 0.6938
eval_runtime = 17.2595
eval_samples_per_second = 289.695
