eval_accuracy = 0.5577999949455261
eval_loss = 1.0798345804214478
eval_mae = 0.5636
eval_runtime = 18.1148
eval_samples_per_second = 276.018
