eval_accuracy = 0.5442000031471252
eval_loss = 1.0292268991470337
eval_mae = 0.5412
eval_runtime = 17.3601
eval_samples_per_second = 288.017
