eval_accuracy = 0.5623999834060669
eval_loss = 1.04555082321167
eval_mae = 0.507
eval_runtime = 18.4974
eval_samples_per_second = 270.308
