eval_accuracy = 0.5550000071525574
eval_loss = 1.02540123462677
eval_mae = 0.5368
eval_runtime = 17.2242
eval_samples_per_second = 290.29
