eval_accuracy = 0.6065999865531921
eval_loss = 0.9462193250656128
eval_mae = 0.4554
eval_runtime = 16.4631
eval_samples_per_second = 303.709
