eval_accuracy = 0.5095999836921692
eval_loss = 1.2304240465164185
eval_mae = 0.6192
eval_runtime = 20.7462
eval_samples_per_second = 241.008
