eval_accuracy = 0.47119998931884766
eval_loss = 1.3483116626739502
eval_mae = 0.6908
eval_runtime = 17.3005
eval_samples_per_second = 289.008
