eval_accuracy = 0.5914000272750854
eval_loss = 0.9477701187133789
eval_mae = 0.471
eval_runtime = 21.3749
eval_samples_per_second = 233.919
