eval_accuracy = 0.5576000213623047
eval_loss = 1.0811283588409424
eval_mae = 0.5638
eval_runtime = 18.9604
eval_samples_per_second = 263.708
