eval_accuracy = 0.5551999807357788
eval_loss = 1.0272318124771118
eval_mae = 0.5374
eval_runtime = 17.4743
eval_samples_per_second = 286.135
