eval_accuracy = 0.5478000044822693
eval_loss = 1.1471867561340332
eval_mae = 0.5822
eval_runtime = 16.8342
eval_samples_per_second = 297.014
