eval_accuracy = 0.5758000016212463
eval_loss = 1.006046175956726
eval_mae = 0.4954
eval_runtime = 16.5246
eval_samples_per_second = 302.579
