eval_accuracy = 0.5781999826431274
eval_loss = 1.0134825706481934
eval_mae = 0.4836
eval_runtime = 17.3509
eval_samples_per_second = 288.17
