eval_accuracy = 0.6051999926567078
eval_loss = 0.9462321996688843
eval_mae = 0.4564
eval_runtime = 17.2529
eval_samples_per_second = 289.807
