eval_accuracy = 0.5735999941825867
eval_loss = 1.0858732461929321
eval_mae = 0.5124
eval_runtime = 16.9375
eval_samples_per_second = 295.204
