eval_accuracy = 0.4837999939918518
eval_loss = 1.352432370185852
eval_mae = 0.6702
eval_runtime = 21.7013
eval_samples_per_second = 230.401
