eval_accuracy = 0.506600022315979
eval_loss = 1.22904372215271
eval_mae = 0.6206
eval_runtime = 19.7907
eval_samples_per_second = 252.643
