eval_accuracy = 0.5555999875068665
eval_loss = 1.080578327178955
eval_mae = 0.5656
eval_runtime = 18.1215
eval_samples_per_second = 275.915
