eval_accuracy = 0.5935999751091003
eval_loss = 0.9603583812713623
eval_mae = 0.4814
eval_runtime = 17.4245
eval_samples_per_second = 286.953
