eval_accuracy = 0.5809999704360962
eval_loss = 1.018328070640564
eval_mae = 0.494
eval_runtime = 18.7968
eval_samples_per_second = 266.003
