eval_accuracy = 0.5045999884605408
eval_loss = 1.177931547164917
eval_mae = 0.5908
eval_runtime = 17.3414
eval_samples_per_second = 288.328
