eval_accuracy = 0.4681999981403351
eval_loss = 1.29612398147583
eval_mae = 0.681
eval_runtime = 19.7245
eval_samples_per_second = 253.492
