eval_accuracy = 0.47839999198913574
eval_loss = 1.393630862236023
eval_mae = 0.6758
eval_runtime = 27.0411
eval_samples_per_second = 184.904
