eval_accuracy = 0.5612000226974487
eval_loss = 1.0466293096542358
eval_mae = 0.5076
eval_runtime = 21.3698
eval_samples_per_second = 233.975
