eval_accuracy = 0.4887999892234802
eval_loss = 1.3521608114242554
eval_mae = 0.6656
eval_runtime = 17.8645
eval_samples_per_second = 279.885
