eval_accuracy = 0.4749999940395355
eval_loss = 1.3429961204528809
eval_mae = 0.6944
eval_runtime = 16.5197
eval_samples_per_second = 302.669
