eval_accuracy = 0.557200014591217
eval_loss = 1.0815205574035645
eval_mae = 0.5636
eval_runtime = 20.6735
eval_samples_per_second = 241.856
