eval_accuracy = 0.46799999475479126
eval_loss = 1.339339256286621
eval_mae = 0.6886
eval_runtime = 25.5696
eval_samples_per_second = 195.545
