eval_accuracy = 0.47540000081062317
eval_loss = 1.3432140350341797
eval_mae = 0.693
eval_runtime = 16.2659
eval_samples_per_second = 307.391
