eval_accuracy = 0.5932000279426575
eval_loss = 1.006543755531311
eval_mae = 0.4682
eval_runtime = 17.4358
eval_samples_per_second = 286.766
