eval_accuracy = 0.5756000280380249
eval_loss = 1.0838744640350342
eval_mae = 0.5102
eval_runtime = 16.1505
eval_samples_per_second = 309.587
