eval_accuracy = 0.5613999962806702
eval_loss = 1.0450087785720825
eval_mae = 0.508
eval_runtime = 18.042
eval_samples_per_second = 277.131
