eval_accuracy = 0.4991999864578247
eval_loss = 1.2430940866470337
eval_mae = 0.5984
eval_runtime = 18.6446
eval_samples_per_second = 268.174
