eval_accuracy = 0.5598000288009644
eval_loss = 1.0809929370880127
eval_mae = 0.5302
eval_runtime = 25.3969
eval_samples_per_second = 196.874
