eval_accuracy = 0.5934000015258789
eval_loss = 1.008539080619812
eval_mae = 0.4682
eval_runtime = 17.1681
eval_samples_per_second = 291.238
