eval_accuracy = 0.579200029373169
eval_loss = 1.0179914236068726
eval_mae = 0.4832
eval_runtime = 17.6319
eval_samples_per_second = 283.577
