eval_accuracy = 0.5478000044822693
eval_loss = 1.0858303308486938
eval_mae = 0.5406
eval_runtime = 34.0946
eval_samples_per_second = 146.651
