eval_accuracy = 0.46779999136924744
eval_loss = 1.3403544425964355
eval_mae = 0.6898
eval_runtime = 19.027
eval_samples_per_second = 262.784
