eval_accuracy = 0.49639999866485596
eval_loss = 1.2386349439620972
eval_mae = 0.648
eval_runtime = 30.2484
eval_samples_per_second = 165.298
