eval_accuracy = 0.4580000042915344
eval_loss = 1.3671164512634277
eval_mae = 0.7318
eval_runtime = 16.7296
eval_samples_per_second = 298.872
