eval_accuracy = 0.5758000016212463
eval_loss = 1.0062702894210815
eval_mae = 0.4964
eval_runtime = 15.9101
eval_samples_per_second = 314.265
