eval_accuracy = 0.49939998984336853
eval_loss = 1.2267813682556152
eval_mae = 0.604
eval_runtime = 18.4819
eval_samples_per_second = 270.535
