eval_accuracy = 0.5795999765396118
eval_loss = 1.01834237575531
eval_mae = 0.4828
eval_runtime = 17.459
eval_samples_per_second = 286.385
