eval_accuracy = 0.4991999864578247
eval_loss = 1.1564412117004395
eval_mae = 0.5914
eval_runtime = 17.3899
eval_samples_per_second = 287.523
