eval_accuracy = 0.5008000135421753
eval_loss = 1.2414284944534302
eval_mae = 0.5942
eval_runtime = 20.1627
eval_samples_per_second = 247.982
