eval_accuracy = 0.46799999475479126
eval_loss = 1.2969824075698853
eval_mae = 0.6816
eval_runtime = 20.1389
eval_samples_per_second = 248.275
