eval_accuracy = 0.6366000175476074
eval_loss = 0.8895456194877625
eval_mae = 0.4144
eval_runtime = 23.6255
eval_samples_per_second = 211.636
