eval_accuracy = 0.5271999835968018
eval_loss = 1.0537792444229126
eval_mae = 0.5694
eval_runtime = 15.8974
eval_samples_per_second = 314.517
