eval_accuracy = 0.4758000075817108
eval_loss = 1.342540979385376
eval_mae = 0.695
eval_runtime = 16.2461
eval_samples_per_second = 307.766
