eval_accuracy = 0.6014000177383423
eval_loss = 0.9355247020721436
eval_mae = 0.4544
eval_runtime = 17.1203
eval_samples_per_second = 292.052
