eval_accuracy = 0.5809999704360962
eval_loss = 1.0111650228500366
eval_mae = 0.4806
eval_runtime = 16.7921
eval_samples_per_second = 297.759
