eval_accuracy = 0.5925999879837036
eval_loss = 0.9609524607658386
eval_mae = 0.4832
eval_runtime = 17.2967
eval_samples_per_second = 289.072
