eval_accuracy = 0.5564000010490417
eval_loss = 1.0243419408798218
eval_mae = 0.5344
eval_runtime = 17.3176
eval_samples_per_second = 288.724
