eval_accuracy = 0.5942000150680542
eval_loss = 0.9489631056785583
eval_mae = 0.4684
eval_runtime = 19.2147
eval_samples_per_second = 260.217
