eval_accuracy = 0.527999997138977
eval_loss = 1.0542879104614258
eval_mae = 0.571
eval_runtime = 16.3521
eval_samples_per_second = 305.771
