eval_accuracy = 0.5813999772071838
eval_loss = 0.9785104393959045
eval_mae = 0.4894
eval_runtime = 17.4076
eval_samples_per_second = 287.232
