eval_accuracy = 0.43939998745918274
eval_loss = 1.4431829452514648
eval_mae = 0.7294
eval_runtime = 26.7638
eval_samples_per_second = 186.82
