eval_accuracy = 0.46720001101493835
eval_loss = 1.3388937711715698
eval_mae = 0.6904
eval_runtime = 19.9391
eval_samples_per_second = 250.764
