eval_accuracy = 0.4731999933719635
eval_loss = 1.3875190019607544
eval_mae = 0.6866
eval_runtime = 31.5461
eval_samples_per_second = 158.498
