eval_accuracy = 0.5708000063896179
eval_loss = 0.9895115494728088
eval_mae = 0.5056
eval_runtime = 16.9712
eval_samples_per_second = 294.618
