eval_accuracy = 0.44020000100135803
eval_loss = 1.4438467025756836
eval_mae = 0.7286
eval_runtime = 18.8437
eval_samples_per_second = 265.341
