eval_accuracy = 0.5001999735832214
eval_loss = 1.2256947755813599
eval_mae = 0.6038
eval_runtime = 18.4421
eval_samples_per_second = 271.119
