eval_accuracy = 0.47279998660087585
eval_loss = 1.3423582315444946
eval_mae = 0.6974
eval_runtime = 15.9144
eval_samples_per_second = 314.181
