eval_accuracy = 0.6064000129699707
eval_loss = 0.9464594721794128
eval_mae = 0.4552
eval_runtime = 17.1518
eval_samples_per_second = 291.515
