eval_accuracy = 0.5266000032424927
eval_loss = 1.0536339282989502
eval_mae = 0.5708
eval_runtime = 15.9549
eval_samples_per_second = 313.383
