eval_accuracy = 0.49900001287460327
eval_loss = 1.2287243604660034
eval_mae = 0.6046
eval_runtime = 18.4777
eval_samples_per_second = 270.596
