eval_accuracy = 0.6001999974250793
eval_loss = 0.9557562470436096
eval_mae = 0.4646
eval_runtime = 17.2955
eval_samples_per_second = 289.092
