eval_accuracy = 0.527400016784668
eval_loss = 1.0542891025543213
eval_mae = 0.5704
eval_runtime = 16.9175
eval_samples_per_second = 295.552
