eval_accuracy = 0.5483999848365784
eval_loss = 1.0859519243240356
eval_mae = 0.5402
eval_runtime = 18.4243
eval_samples_per_second = 271.38
