eval_accuracy = 0.5527999997138977
eval_loss = 1.0250680446624756
eval_mae = 0.539
eval_runtime = 17.2273
eval_samples_per_second = 290.236
