eval_accuracy = 0.5605999827384949
eval_loss = 1.0461452007293701
eval_mae = 0.5088
eval_runtime = 20.169
eval_samples_per_second = 247.905
