eval_accuracy = 0.5493999719619751
eval_loss = 1.0664496421813965
eval_mae = 0.5374
eval_runtime = 22.5283
eval_samples_per_second = 221.943
