eval_accuracy = 0.6363999843597412
eval_loss = 0.8896244168281555
eval_mae = 0.4146
eval_runtime = 19.9883
eval_samples_per_second = 250.147
