eval_accuracy = 0.5583999752998352
eval_loss = 1.0785282850265503
eval_mae = 0.5308
eval_runtime = 28.5003
eval_samples_per_second = 175.437
