eval_accuracy = 0.6046000123023987
eval_loss = 0.9468991160392761
eval_mae = 0.4578
eval_runtime = 17.3133
eval_samples_per_second = 288.796
