eval_accuracy = 0.6065999865531921
eval_loss = 0.9493574500083923
eval_mae = 0.4498
eval_runtime = 21.2571
eval_samples_per_second = 235.215
