eval_accuracy = 0.6061999797821045
eval_loss = 0.946493923664093
eval_mae = 0.456
eval_runtime = 16.451
eval_samples_per_second = 303.933
