eval_accuracy = 0.5627999901771545
eval_loss = 1.0471903085708618
eval_mae = 0.5058
eval_runtime = 18.3416
eval_samples_per_second = 272.605
