eval_accuracy = 0.5925999879837036
eval_loss = 1.0066628456115723
eval_mae = 0.4686
eval_runtime = 17.2876
eval_samples_per_second = 289.225
