eval_accuracy = 0.4952000081539154
eval_loss = 1.242807149887085
eval_mae = 0.6478
eval_runtime = 17.8511
eval_samples_per_second = 280.095
