eval_accuracy = 0.5795999765396118
eval_loss = 1.0093820095062256
eval_mae = 0.4828
eval_runtime = 17.4642
eval_samples_per_second = 286.3
