eval_accuracy = 0.5925999879837036
eval_loss = 0.9607992172241211
eval_mae = 0.4836
eval_runtime = 17.2886
eval_samples_per_second = 289.207
