eval_accuracy = 0.5938000082969666
eval_loss = 0.9593833088874817
eval_mae = 0.4816
eval_runtime = 17.3102
eval_samples_per_second = 288.848
