eval_accuracy = 0.5703999996185303
eval_loss = 1.021225929260254
eval_mae = 0.507
eval_runtime = 16.5062
eval_samples_per_second = 302.916
