eval_accuracy = 0.5996000170707703
eval_loss = 0.9557045102119446
eval_mae = 0.4632
eval_runtime = 17.2774
eval_samples_per_second = 289.395
