eval_accuracy = 0.579800009727478
eval_loss = 1.0161601305007935
eval_mae = 0.4824
eval_runtime = 17.5827
eval_samples_per_second = 284.37
