eval_accuracy = 0.43939998745918274
eval_loss = 1.4433754682540894
eval_mae = 0.7274
eval_runtime = 20.6466
eval_samples_per_second = 242.17
