eval_accuracy = 0.5812000036239624
eval_loss = 0.978466808795929
eval_mae = 0.4886
eval_runtime = 17.348
eval_samples_per_second = 288.218
