eval_accuracy = 0.6061999797821045
eval_loss = 0.9499033093452454
eval_mae = 0.4502
eval_runtime = 18.7747
eval_samples_per_second = 266.316
