eval_accuracy = 0.4812000095844269
eval_loss = 1.3925374746322632
eval_mae = 0.6734
eval_runtime = 29.5374
eval_samples_per_second = 169.277
