eval_accuracy = 0.5752000212669373
eval_loss = 1.0850780010223389
eval_mae = 0.5096
eval_runtime = 17.2592
eval_samples_per_second = 289.701
