eval_accuracy = 0.5781999826431274
eval_loss = 1.0176432132720947
eval_mae = 0.4844
eval_runtime = 17.5473
eval_samples_per_second = 284.944
