eval_accuracy = 0.5576000213623047
eval_loss = 1.0617656707763672
eval_mae = 0.521
eval_runtime = 18.2985
eval_samples_per_second = 273.247
