eval_accuracy = 0.5559999942779541
eval_loss = 1.0805943012237549
eval_mae = 0.5648
eval_runtime = 18.436
eval_samples_per_second = 271.208
