eval_accuracy = 0.5946000218391418
eval_loss = 1.0069596767425537
eval_mae = 0.4668
eval_runtime = 17.1727
eval_samples_per_second = 291.16
