eval_accuracy = 0.46860000491142273
eval_loss = 1.2973697185516357
eval_mae = 0.6814
eval_runtime = 30.024
eval_samples_per_second = 166.534
