eval_accuracy = 0.5564000010490417
eval_loss = 1.0792431831359863
eval_mae = 0.5636
eval_runtime = 18.5485
eval_samples_per_second = 269.563
