eval_accuracy = 0.6370000243186951
eval_loss = 0.8891382813453674
eval_mae = 0.4136
eval_runtime = 19.4102
eval_samples_per_second = 257.597
