eval_accuracy = 0.5759999752044678
eval_loss = 1.003988265991211
eval_mae = 0.4956
eval_runtime = 16.6121
eval_samples_per_second = 300.986
