eval_accuracy = 0.5633999705314636
eval_loss = 1.015323281288147
eval_mae = 0.5078
eval_runtime = 17.1404
eval_samples_per_second = 291.709
