eval_accuracy = 0.4991999864578247
eval_loss = 1.228426218032837
eval_mae = 0.6046
eval_runtime = 18.3682
eval_samples_per_second = 272.21
