eval_accuracy = 0.45840001106262207
eval_loss = 1.3658006191253662
eval_mae = 0.7308
eval_runtime = 17.2774
eval_samples_per_second = 289.396
