eval_accuracy = 0.5479999780654907
eval_loss = 1.0858815908432007
eval_mae = 0.5406
eval_runtime = 22.9174
eval_samples_per_second = 218.175
