eval_accuracy = 0.5475999712944031
eval_loss = 1.0860366821289062
eval_mae = 0.5414
eval_runtime = 26.9274
eval_samples_per_second = 185.685
