eval_accuracy = 0.5595999956130981
eval_loss = 1.045182228088379
eval_mae = 0.51
eval_runtime = 18.4034
eval_samples_per_second = 271.69
