eval_accuracy = 0.5929999947547913
eval_loss = 0.9608784914016724
eval_mae = 0.4828
eval_runtime = 17.4605
eval_samples_per_second = 286.36
