eval_accuracy = 0.5893999934196472
eval_loss = 0.9488522410392761
eval_mae = 0.464
eval_runtime = 17.3189
eval_samples_per_second = 288.701
