eval_accuracy = 0.48159998655319214
eval_loss = 1.3928462266921997
eval_mae = 0.673
eval_runtime = 33.7831
eval_samples_per_second = 148.003
