eval_accuracy = 0.49939998984336853
eval_loss = 1.2257193326950073
eval_mae = 0.6022
eval_runtime = 18.3808
eval_samples_per_second = 272.024
