eval_accuracy = 0.6069999933242798
eval_loss = 0.9494481682777405
eval_mae = 0.455
eval_runtime = 17.2387
eval_samples_per_second = 290.044
