eval_accuracy = 0.5027999877929688
eval_loss = 1.1747254133224487
eval_mae = 0.5916
eval_runtime = 16.6008
eval_samples_per_second = 301.19
