eval_accuracy = 0.5486000180244446
eval_loss = 1.1470646858215332
eval_mae = 0.5836
eval_runtime = 17.5722
eval_samples_per_second = 284.54
