eval_accuracy = 0.5745999813079834
eval_loss = 1.0857919454574585
eval_mae = 0.511
eval_runtime = 17.2046
eval_samples_per_second = 290.621
