eval_accuracy = 0.6007999777793884
eval_loss = 0.9550710916519165
eval_mae = 0.462
eval_runtime = 16.8035
eval_samples_per_second = 297.558
