eval_accuracy = 0.5486000180244446
eval_loss = 1.0861948728561401
eval_mae = 0.5402
eval_runtime = 19.6315
eval_samples_per_second = 254.693
