eval_accuracy = 0.5576000213623047
eval_loss = 1.0629072189331055
eval_mae = 0.5208
eval_runtime = 18.316
eval_samples_per_second = 272.986
