eval_accuracy = 0.47040000557899475
eval_loss = 1.351379632949829
eval_mae = 0.6916
eval_runtime = 17.3639
eval_samples_per_second = 287.954
