eval_accuracy = 0.5275999903678894
eval_loss = 1.0535781383514404
eval_mae = 0.5694
eval_runtime = 16.2614
eval_samples_per_second = 307.476
