eval_accuracy = 0.5001999735832214
eval_loss = 1.2422407865524292
eval_mae = 0.5952
eval_runtime = 20.5001
eval_samples_per_second = 243.901
