eval_accuracy = 0.5587999820709229
eval_loss = 1.0785421133041382
eval_mae = 0.5304
eval_runtime = 19.1327
eval_samples_per_second = 261.333
