eval_accuracy = 0.5464000105857849
eval_loss = 1.029593586921692
eval_mae = 0.5392
eval_runtime = 17.2724
eval_samples_per_second = 289.479
