eval_accuracy = 0.4968000054359436
eval_loss = 1.238911747932434
eval_mae = 0.648
eval_runtime = 18.9051
eval_samples_per_second = 264.479
