eval_accuracy = 0.5924000144004822
eval_loss = 0.9426150321960449
eval_mae = 0.4686
eval_runtime = 20.0114
eval_samples_per_second = 249.857
