eval_accuracy = 0.5752000212669373
eval_loss = 1.0060123205184937
eval_mae = 0.4968
eval_runtime = 17.2589
eval_samples_per_second = 289.706
