eval_accuracy = 0.5712000131607056
eval_loss = 0.9909282922744751
eval_mae = 0.507
eval_runtime = 17.061
eval_samples_per_second = 293.066
