eval_accuracy = 0.5934000015258789
eval_loss = 1.0067130327224731
eval_mae = 0.4682
eval_runtime = 17.1301
eval_samples_per_second = 291.884
