eval_accuracy = 0.5472000241279602
eval_loss = 1.0858826637268066
eval_mae = 0.5416
eval_runtime = 30.6454
eval_samples_per_second = 163.157
