eval_accuracy = 0.6187999844551086
eval_loss = 0.9514909982681274
eval_mae = 0.4312
eval_runtime = 16.9455
eval_samples_per_second = 295.064
