eval_accuracy = 0.5562000274658203
eval_loss = 1.080453634262085
eval_mae = 0.5652
eval_runtime = 20.7268
eval_samples_per_second = 241.234
