eval_accuracy = 0.5820000171661377
eval_loss = 1.0116394758224487
eval_mae = 0.4802
eval_runtime = 17.4837
eval_samples_per_second = 285.981
