eval_accuracy = 0.5299999713897705
eval_loss = 1.052838683128357
eval_mae = 0.5672
eval_runtime = 16.6441
eval_samples_per_second = 300.407
