eval_accuracy = 0.550599992275238
eval_loss = 1.1475708484649658
eval_mae = 0.5806
eval_runtime = 16.8141
eval_samples_per_second = 297.37
