eval_accuracy = 0.5916000008583069
eval_loss = 0.946615993976593
eval_mae = 0.471
eval_runtime = 24.8652
eval_samples_per_second = 201.084
