eval_accuracy = 0.5478000044822693
eval_loss = 1.08601713180542
eval_mae = 0.541
eval_runtime = 17.9076
eval_samples_per_second = 279.211
