eval_accuracy = 0.47540000081062317
eval_loss = 1.3435027599334717
eval_mae = 0.6936
eval_runtime = 17.3403
eval_samples_per_second = 288.346
