eval_accuracy = 0.6205999851226807
eval_loss = 0.9522244334220886
eval_mae = 0.4288
eval_runtime = 17.5839
eval_samples_per_second = 284.35
