eval_accuracy = 0.5788000226020813
eval_loss = 1.0187795162200928
eval_mae = 0.4836
eval_runtime = 17.456
eval_samples_per_second = 286.434
