eval_accuracy = 0.5582000017166138
eval_loss = 1.0797511339187622
eval_mae = 0.531
eval_runtime = 20.7744
eval_samples_per_second = 240.681
