eval_accuracy = 0.5486000180244446
eval_loss = 1.1473520994186401
eval_mae = 0.5826
eval_runtime = 17.4558
eval_samples_per_second = 286.438
