eval_accuracy = 0.5813999772071838
eval_loss = 0.9786992073059082
eval_mae = 0.4896
eval_runtime = 16.6933
eval_samples_per_second = 299.522
