eval_accuracy = 0.5063999891281128
eval_loss = 1.230004072189331
eval_mae = 0.5876
eval_runtime = 30.2013
eval_samples_per_second = 165.556
