eval_accuracy = 0.58160001039505
eval_loss = 0.978938102722168
eval_mae = 0.4886
eval_runtime = 17.3616
eval_samples_per_second = 287.992
