eval_accuracy = 0.4731999933719635
eval_loss = 1.3485814332962036
eval_mae = 0.6886
eval_runtime = 17.1941
eval_samples_per_second = 290.797
