eval_accuracy = 0.5565999746322632
eval_loss = 1.0240858793258667
eval_mae = 0.534
eval_runtime = 17.2631
eval_samples_per_second = 289.636
