eval_accuracy = 0.4715999960899353
eval_loss = 1.3452837467193604
eval_mae = 0.6916
eval_runtime = 17.3718
eval_samples_per_second = 287.822
