eval_accuracy = 0.4814000129699707
eval_loss = 1.3918826580047607
eval_mae = 0.6734
eval_runtime = 23.4244
eval_samples_per_second = 213.452
