eval_accuracy = 0.5005999803543091
eval_loss = 1.2401773929595947
eval_mae = 0.595
eval_runtime = 21.0038
eval_samples_per_second = 238.053
