eval_accuracy = 0.6064000129699707
eval_loss = 0.9480205178260803
eval_mae = 0.4554
eval_runtime = 17.278
eval_samples_per_second = 289.385
