eval_accuracy = 0.5979999899864197
eval_loss = 0.9571613073348999
eval_mae = 0.4654
eval_runtime = 17.2491
eval_samples_per_second = 289.871
