eval_accuracy = 0.49959999322891235
eval_loss = 1.1557101011276245
eval_mae = 0.5902
eval_runtime = 16.6364
eval_samples_per_second = 300.546
