eval_accuracy = 0.46380001306533813
eval_loss = 1.3379793167114258
eval_mae = 0.6898
eval_runtime = 18.9412
eval_samples_per_second = 263.975
