eval_accuracy = 0.574999988079071
eval_loss = 1.0849534273147583
eval_mae = 0.5098
eval_runtime = 16.4388
eval_samples_per_second = 304.158
