eval_accuracy = 0.5558000206947327
eval_loss = 1.0242292881011963
eval_mae = 0.5354
eval_runtime = 17.1962
eval_samples_per_second = 290.763
