eval_accuracy = 0.5703999996185303
eval_loss = 0.9911357164382935
eval_mae = 0.5084
eval_runtime = 16.9447
eval_samples_per_second = 295.078
