eval_accuracy = 0.4814000129699707
eval_loss = 1.3908650875091553
eval_mae = 0.6736
eval_runtime = 29.4849
eval_samples_per_second = 169.579
