eval_accuracy = 0.4747999906539917
eval_loss = 1.3415111303329468
eval_mae = 0.6958
eval_runtime = 16.331
eval_samples_per_second = 306.167
