eval_accuracy = 0.545199990272522
eval_loss = 1.0859158039093018
eval_mae = 0.5438
eval_runtime = 27.2345
eval_samples_per_second = 183.591
