eval_accuracy = 0.5547999739646912
eval_loss = 1.0244892835617065
eval_mae = 0.5364
eval_runtime = 17.2526
eval_samples_per_second = 289.811
