eval_accuracy = 0.46779999136924744
eval_loss = 1.3383700847625732
eval_mae = 0.6874
eval_runtime = 17.7802
eval_samples_per_second = 281.211
