eval_accuracy = 0.46779999136924744
eval_loss = 1.2962487936019897
eval_mae = 0.6818
eval_runtime = 18.4265
eval_samples_per_second = 271.348
