eval_accuracy = 0.574999988079071
eval_loss = 1.0055533647537231
eval_mae = 0.4968
eval_runtime = 16.5063
eval_samples_per_second = 302.915
