eval_accuracy = 0.5613999962806702
eval_loss = 1.045488715171814
eval_mae = 0.5082
eval_runtime = 18.78
eval_samples_per_second = 266.24
