eval_accuracy = 0.4722000062465668
eval_loss = 1.3405447006225586
eval_mae = 0.699
eval_runtime = 17.0228
eval_samples_per_second = 293.724
