eval_accuracy = 0.5573999881744385
eval_loss = 1.0646017789840698
eval_mae = 0.5224
eval_runtime = 18.4202
eval_samples_per_second = 271.442
