eval_accuracy = 0.4828000068664551
eval_loss = 1.3529953956604004
eval_mae = 0.672
eval_runtime = 22.4642
eval_samples_per_second = 222.577
