eval_accuracy = 0.5827999711036682
eval_loss = 0.9774425029754639
eval_mae = 0.4872
eval_runtime = 16.7001
eval_samples_per_second = 299.4
