eval_accuracy = 0.49799999594688416
eval_loss = 1.244590163230896
eval_mae = 0.5964
eval_runtime = 18.7754
eval_samples_per_second = 266.307
