eval_accuracy = 0.6061999797821045
eval_loss = 0.945908784866333
eval_mae = 0.456
eval_runtime = 17.2418
eval_samples_per_second = 289.994
