eval_accuracy = 0.6057999730110168
eval_loss = 0.9461333751678467
eval_mae = 0.4562
eval_runtime = 17.318
eval_samples_per_second = 288.717
