eval_accuracy = 0.5824000239372253
eval_loss = 1.0180697441101074
eval_mae = 0.4932
eval_runtime = 25.7378
eval_samples_per_second = 194.267
