eval_accuracy = 0.4681999981403351
eval_loss = 1.2967495918273926
eval_mae = 0.6816
eval_runtime = 22.1055
eval_samples_per_second = 226.188
