eval_accuracy = 0.5569999814033508
eval_loss = 1.0807276964187622
eval_mae = 0.5646
eval_runtime = 19.5873
eval_samples_per_second = 255.268
