eval_accuracy = 0.5062000155448914
eval_loss = 1.2287182807922363
eval_mae = 0.6212
eval_runtime = 23.3571
eval_samples_per_second = 214.068
