eval_accuracy = 0.5669999718666077
eval_loss = 1.0143500566482544
eval_mae = 0.5046
eval_runtime = 16.5154
eval_samples_per_second = 302.747
