eval_accuracy = 0.5929999947547913
eval_loss = 0.9612131118774414
eval_mae = 0.4838
eval_runtime = 17.5047
eval_samples_per_second = 285.637
