eval_accuracy = 0.5925999879837036
eval_loss = 0.9476047158241272
eval_mae = 0.4698
eval_runtime = 18.7403
eval_samples_per_second = 266.804
