eval_accuracy = 0.5604000091552734
eval_loss = 1.0461496114730835
eval_mae = 0.5086
eval_runtime = 18.4768
eval_samples_per_second = 270.61
