eval_accuracy = 0.4991999864578247
eval_loss = 1.2286850214004517
eval_mae = 0.6032
eval_runtime = 18.5001
eval_samples_per_second = 270.269
