eval_accuracy = 0.5573999881744385
eval_loss = 1.0627204179763794
eval_mae = 0.5216
eval_runtime = 18.3506
eval_samples_per_second = 272.47
