eval_accuracy = 0.49939998984336853
eval_loss = 1.2272460460662842
eval_mae = 0.6032
eval_runtime = 18.4578
eval_samples_per_second = 270.888
