eval_accuracy = 0.5821999907493591
eval_loss = 0.9771713018417358
eval_mae = 0.4886
eval_runtime = 17.3661
eval_samples_per_second = 287.917
