eval_accuracy = 0.4742000102996826
eval_loss = 1.3453058004379272
eval_mae = 0.6962
eval_runtime = 15.9093
eval_samples_per_second = 314.281
