eval_accuracy = 0.5004000067710876
eval_loss = 1.2420381307601929
eval_mae = 0.5952
eval_runtime = 18.5268
eval_samples_per_second = 269.879
