eval_accuracy = 0.5005999803543091
eval_loss = 1.1545919179916382
eval_mae = 0.5906
eval_runtime = 17.3444
eval_samples_per_second = 288.277
