eval_accuracy = 0.5063999891281128
eval_loss = 1.2288988828659058
eval_mae = 0.6212
eval_runtime = 21.7661
eval_samples_per_second = 229.715
