eval_accuracy = 0.5753999948501587
eval_loss = 1.085115671157837
eval_mae = 0.5096
eval_runtime = 17.0605
eval_samples_per_second = 293.074
