eval_accuracy = 0.592199981212616
eval_loss = 0.9607831835746765
eval_mae = 0.4834
eval_runtime = 17.3576
eval_samples_per_second = 288.058
