eval_accuracy = 0.5809999704360962
eval_loss = 1.016922116279602
eval_mae = 0.4816
eval_runtime = 17.446
eval_samples_per_second = 286.598
