eval_accuracy = 0.45840001106262207
eval_loss = 1.367020845413208
eval_mae = 0.7316
eval_runtime = 16.4028
eval_samples_per_second = 304.826
