eval_accuracy = 0.5738000273704529
eval_loss = 1.020308494567871
eval_mae = 0.5034
eval_runtime = 17.2657
eval_samples_per_second = 289.592
