eval_accuracy = 0.5483999848365784
eval_loss = 1.147579312324524
eval_mae = 0.5826
eval_runtime = 17.3799
eval_samples_per_second = 287.688
