eval_accuracy = 0.5284000039100647
eval_loss = 1.052707314491272
eval_mae = 0.5676
eval_runtime = 16.9782
eval_samples_per_second = 294.495
