eval_accuracy = 0.5691999793052673
eval_loss = 0.9901754856109619
eval_mae = 0.5078
eval_runtime = 15.8328
eval_samples_per_second = 315.8
