eval_accuracy = 0.5982000231742859
eval_loss = 0.957065224647522
eval_mae = 0.4654
eval_runtime = 17.3144
eval_samples_per_second = 288.777
