eval_accuracy = 0.5802000164985657
eval_loss = 1.0118588209152222
eval_mae = 0.4812
eval_runtime = 16.8688
eval_samples_per_second = 296.405
