eval_accuracy = 0.49959999322891235
eval_loss = 1.2404905557632446
eval_mae = 0.5958
eval_runtime = 22.055
eval_samples_per_second = 226.706
