eval_accuracy = 0.5812000036239624
eval_loss = 1.0202031135559082
eval_mae = 0.4938
eval_runtime = 20.8429
eval_samples_per_second = 239.889
