eval_accuracy = 0.4787999987602234
eval_loss = 1.3948839902877808
eval_mae = 0.6776
eval_runtime = 18.1965
eval_samples_per_second = 274.777
