eval_accuracy = 0.48339998722076416
eval_loss = 1.3521664142608643
eval_mae = 0.6706
eval_runtime = 17.9988
eval_samples_per_second = 277.797
