eval_accuracy = 0.5546000003814697
eval_loss = 1.0243703126907349
eval_mae = 0.5366
eval_runtime = 17.5028
eval_samples_per_second = 285.669
