eval_accuracy = 0.5716000199317932
eval_loss = 0.9910619258880615
eval_mae = 0.5054
eval_runtime = 17.0729
eval_samples_per_second = 292.863
