eval_accuracy = 0.49939998984336853
eval_loss = 1.22754967212677
eval_mae = 0.6038
eval_runtime = 18.3546
eval_samples_per_second = 272.412
