eval_accuracy = 0.503000020980835
eval_loss = 1.1767746210098267
eval_mae = 0.5912
eval_runtime = 17.4055
eval_samples_per_second = 287.265
