eval_accuracy = 0.475600004196167
eval_loss = 1.3429843187332153
eval_mae = 0.6936
eval_runtime = 17.0481
eval_samples_per_second = 293.288
