eval_accuracy = 0.4830000102519989
eval_loss = 1.357226848602295
eval_mae = 0.6708
eval_runtime = 18.1397
eval_samples_per_second = 275.639
