eval_accuracy = 0.545799970626831
eval_loss = 1.0306507349014282
eval_mae = 0.5404
eval_runtime = 16.5128
eval_samples_per_second = 302.795
