eval_accuracy = 0.4745999872684479
eval_loss = 1.342835783958435
eval_mae = 0.6944
eval_runtime = 16.9299
eval_samples_per_second = 295.336
