eval_accuracy = 0.4997999966144562
eval_loss = 1.155545711517334
eval_mae = 0.591
eval_runtime = 17.3407
eval_samples_per_second = 288.34
