eval_accuracy = 0.5699999928474426
eval_loss = 1.020606279373169
eval_mae = 0.5082
eval_runtime = 17.3183
eval_samples_per_second = 288.712
