eval_accuracy = 0.4729999899864197
eval_loss = 1.3493417501449585
eval_mae = 0.6888
eval_runtime = 17.2996
eval_samples_per_second = 289.025
