eval_accuracy = 0.48100000619888306
eval_loss = 1.3724173307418823
eval_mae = 0.6746
eval_runtime = 28.2268
eval_samples_per_second = 177.136
