eval_accuracy = 0.49939998984336853
eval_loss = 1.1554579734802246
eval_mae = 0.5914
eval_runtime = 17.2823
eval_samples_per_second = 289.313
