eval_accuracy = 0.4966000020503998
eval_loss = 1.2393969297409058
eval_mae = 0.6484
eval_runtime = 18.6501
eval_samples_per_second = 268.095
