eval_accuracy = 0.4722000062465668
eval_loss = 1.3486437797546387
eval_mae = 0.6902
eval_runtime = 16.1051
eval_samples_per_second = 310.461
