eval_accuracy = 0.6205999851226807
eval_loss = 0.9524734616279602
eval_mae = 0.4304
eval_runtime = 17.4672
eval_samples_per_second = 286.251
