eval_accuracy = 0.4970000088214874
eval_loss = 1.2377727031707764
eval_mae = 0.647
eval_runtime = 19.1459
eval_samples_per_second = 261.153
