eval_accuracy = 0.5703999996185303
eval_loss = 1.0214688777923584
eval_mae = 0.5078
eval_runtime = 16.787
eval_samples_per_second = 297.849
