eval_accuracy = 0.4575999975204468
eval_loss = 1.3682198524475098
eval_mae = 0.7314
eval_runtime = 17.2121
eval_samples_per_second = 290.494
