eval_accuracy = 0.47119998931884766
eval_loss = 1.3290878534317017
eval_mae = 0.682
eval_runtime = 25.9534
eval_samples_per_second = 192.653
