eval_accuracy = 0.5756000280380249
eval_loss = 1.0841423273086548
eval_mae = 0.5104
eval_runtime = 16.1324
eval_samples_per_second = 309.934
