eval_accuracy = 0.5541999936103821
eval_loss = 1.0795950889587402
eval_mae = 0.565
eval_runtime = 18.7662
eval_samples_per_second = 266.437
