eval_accuracy = 0.531000018119812
eval_loss = 1.0524822473526
eval_mae = 0.566
eval_runtime = 16.3555
eval_samples_per_second = 305.707
