eval_accuracy = 0.598800003528595
eval_loss = 0.9553154110908508
eval_mae = 0.4642
eval_runtime = 16.6672
eval_samples_per_second = 299.991
