eval_accuracy = 0.5270000100135803
eval_loss = 1.0541867017745972
eval_mae = 0.5716
eval_runtime = 16.9004
eval_samples_per_second = 295.852
