eval_accuracy = 0.5577999949455261
eval_loss = 1.062408208847046
eval_mae = 0.5202
eval_runtime = 18.3187
eval_samples_per_second = 272.946
