eval_accuracy = 0.47540000081062317
eval_loss = 1.3430955410003662
eval_mae = 0.6936
eval_runtime = 17.0244
eval_samples_per_second = 293.696
