eval_accuracy = 0.6363999843597412
eval_loss = 0.8894948363304138
eval_mae = 0.4146
eval_runtime = 20.2765
eval_samples_per_second = 246.59
