eval_accuracy = 0.5723999738693237
eval_loss = 1.0207184553146362
eval_mae = 0.505
eval_runtime = 17.3584
eval_samples_per_second = 288.045
