eval_accuracy = 0.5709999799728394
eval_loss = 0.9904111623764038
eval_mae = 0.5068
eval_runtime = 17.3311
eval_samples_per_second = 288.499
