eval_accuracy = 0.5965999960899353
eval_loss = 0.9464345574378967
eval_mae = 0.4662
eval_runtime = 18.6038
eval_samples_per_second = 268.763
