eval_accuracy = 0.5293999910354614
eval_loss = 1.0539484024047852
eval_mae = 0.5692
eval_runtime = 16.8969
eval_samples_per_second = 295.912
