eval_accuracy = 0.5564000010490417
eval_loss = 1.078834056854248
eval_mae = 0.532
eval_runtime = 26.6111
eval_samples_per_second = 187.891
