eval_accuracy = 0.5631999969482422
eval_loss = 1.0149413347244263
eval_mae = 0.5104
eval_runtime = 17.0864
eval_samples_per_second = 292.63
