eval_accuracy = 0.5070000290870667
eval_loss = 1.2290937900543213
eval_mae = 0.6204
eval_runtime = 27.5364
eval_samples_per_second = 181.578
