eval_accuracy = 0.46799999475479126
eval_loss = 1.2974345684051514
eval_mae = 0.6824
eval_runtime = 18.6339
eval_samples_per_second = 268.329
