eval_accuracy = 0.5590000152587891
eval_loss = 1.0448533296585083
eval_mae = 0.5106
eval_runtime = 18.1221
eval_samples_per_second = 275.906
