eval_accuracy = 0.6069999933242798
eval_loss = 0.9456890821456909
eval_mae = 0.4554
eval_runtime = 17.5728
eval_samples_per_second = 284.531
