eval_accuracy = 0.5917999744415283
eval_loss = 1.0069488286972046
eval_mae = 0.4698
eval_runtime = 16.8082
eval_samples_per_second = 297.473
