eval_accuracy = 0.4675999879837036
eval_loss = 1.296642541885376
eval_mae = 0.682
eval_runtime = 29.2778
eval_samples_per_second = 170.778
