eval_accuracy = 0.5771999955177307
eval_loss = 1.0059386491775513
eval_mae = 0.4946
eval_runtime = 17.193
eval_samples_per_second = 290.815
