eval_accuracy = 0.6187999844551086
eval_loss = 0.9509580135345459
eval_mae = 0.4312
eval_runtime = 17.3264
eval_samples_per_second = 288.577
