eval_accuracy = 0.599399983882904
eval_loss = 0.9368512630462646
eval_mae = 0.458
eval_runtime = 16.3924
eval_samples_per_second = 305.02
