eval_accuracy = 0.5612000226974487
eval_loss = 1.0797820091247559
eval_mae = 0.528
eval_runtime = 18.2841
eval_samples_per_second = 273.461
