eval_accuracy = 0.5935999751091003
eval_loss = 1.0069575309753418
eval_mae = 0.4672
eval_runtime = 17.2507
eval_samples_per_second = 289.843
