eval_accuracy = 0.5803999900817871
eval_loss = 1.0189248323440552
eval_mae = 0.4812
eval_runtime = 19.6411
eval_samples_per_second = 254.569
