eval_accuracy = 0.5809999704360962
eval_loss = 1.0186823606491089
eval_mae = 0.494
eval_runtime = 25.4045
eval_samples_per_second = 196.816
