eval_accuracy = 0.6209999918937683
eval_loss = 0.9506352543830872
eval_mae = 0.4278
eval_runtime = 17.4603
eval_samples_per_second = 286.364
