eval_accuracy = 0.5809999704360962
eval_loss = 1.011839509010315
eval_mae = 0.4812
eval_runtime = 17.5225
eval_samples_per_second = 285.348
