eval_accuracy = 0.5925999879837036
eval_loss = 0.9609063267707825
eval_mae = 0.4836
eval_runtime = 17.3929
eval_samples_per_second = 287.473
