eval_accuracy = 0.5953999757766724
eval_loss = 0.9606755971908569
eval_mae = 0.4808
eval_runtime = 16.776
eval_samples_per_second = 298.045
