eval_accuracy = 0.5928000211715698
eval_loss = 1.006795883178711
eval_mae = 0.4692
eval_runtime = 16.1848
eval_samples_per_second = 308.932
