eval_accuracy = 0.4681999981403351
eval_loss = 1.3377689123153687
eval_mae = 0.6882
eval_runtime = 20.7383
eval_samples_per_second = 241.1
