eval_accuracy = 0.5559999942779541
eval_loss = 1.0235852003097534
eval_mae = 0.5332
eval_runtime = 17.3439
eval_samples_per_second = 288.286
