eval_accuracy = 0.553600013256073
eval_loss = 1.024207353591919
eval_mae = 0.5368
eval_runtime = 17.5105
eval_samples_per_second = 285.543
