eval_accuracy = 0.6204000115394592
eval_loss = 0.9509351849555969
eval_mae = 0.4292
eval_runtime = 17.405
eval_samples_per_second = 287.273
