eval_accuracy = 0.5645999908447266
eval_loss = 1.0146424770355225
eval_mae = 0.5084
eval_runtime = 17.2404
eval_samples_per_second = 290.016
