eval_accuracy = 0.5817999839782715
eval_loss = 0.9788047075271606
eval_mae = 0.4884
eval_runtime = 17.3725
eval_samples_per_second = 287.811
