eval_accuracy = 0.5001999735832214
eval_loss = 1.2283471822738647
eval_mae = 0.6026
eval_runtime = 18.4024
eval_samples_per_second = 271.703
