eval_accuracy = 0.5004000067710876
eval_loss = 1.242335557937622
eval_mae = 0.5952
eval_runtime = 18.6095
eval_samples_per_second = 268.679
