eval_accuracy = 0.5806000232696533
eval_loss = 0.9788548946380615
eval_mae = 0.4894
eval_runtime = 16.741
eval_samples_per_second = 298.668
