eval_accuracy = 0.5447999835014343
eval_loss = 1.0298739671707153
eval_mae = 0.5408
eval_runtime = 16.9106
eval_samples_per_second = 295.673
