eval_accuracy = 0.579800009727478
eval_loss = 1.0113862752914429
eval_mae = 0.4818
eval_runtime = 17.3187
eval_samples_per_second = 288.705
