eval_accuracy = 0.6000000238418579
eval_loss = 0.9555400609970093
eval_mae = 0.463
eval_runtime = 17.5338
eval_samples_per_second = 285.164
