eval_accuracy = 0.5559999942779541
eval_loss = 1.0614588260650635
eval_mae = 0.5236
eval_runtime = 18.32
eval_samples_per_second = 272.926
