eval_accuracy = 0.5759999752044678
eval_loss = 1.0069669485092163
eval_mae = 0.4962
eval_runtime = 17.1215
eval_samples_per_second = 292.03
