eval_accuracy = 0.5573999881744385
eval_loss = 1.062554955482483
eval_mae = 0.5214
eval_runtime = 18.2976
eval_samples_per_second = 273.26
