eval_accuracy = 0.6197999715805054
eval_loss = 0.951541006565094
eval_mae = 0.4298
eval_runtime = 18.2456
eval_samples_per_second = 274.038
