eval_accuracy = 0.49880000948905945
eval_loss = 1.1554481983184814
eval_mae = 0.591
eval_runtime = 17.6259
eval_samples_per_second = 283.674
