eval_accuracy = 0.571399986743927
eval_loss = 0.9907106161117554
eval_mae = 0.5066
eval_runtime = 16.1907
eval_samples_per_second = 308.819
