eval_accuracy = 0.5077999830245972
eval_loss = 1.2169939279556274
eval_mae = 0.6198
eval_runtime = 22.5561
eval_samples_per_second = 221.669
