eval_accuracy = 0.545199990272522
eval_loss = 1.0327785015106201
eval_mae = 0.5406
eval_runtime = 16.718
eval_samples_per_second = 299.078
