eval_accuracy = 0.46799999475479126
eval_loss = 1.3391618728637695
eval_mae = 0.6886
eval_runtime = 30.287
eval_samples_per_second = 165.087
