eval_accuracy = 0.6218000054359436
eval_loss = 0.9414458870887756
eval_mae = 0.4288
eval_runtime = 17.4121
eval_samples_per_second = 287.156
