eval_accuracy = 0.5759999752044678
eval_loss = 1.0856410264968872
eval_mae = 0.5106
eval_runtime = 17.1719
eval_samples_per_second = 291.173
