eval_accuracy = 0.483599990606308
eval_loss = 1.35203218460083
eval_mae = 0.6702
eval_runtime = 19.1528
eval_samples_per_second = 261.059
