eval_accuracy = 0.550000011920929
eval_loss = 1.1456642150878906
eval_mae = 0.5808
eval_runtime = 16.4493
eval_samples_per_second = 303.965
