eval_accuracy = 0.4397999942302704
eval_loss = 1.4428977966308594
eval_mae = 0.7288
eval_runtime = 19.0323
eval_samples_per_second = 262.711
