eval_accuracy = 0.47620001435279846
eval_loss = 1.338457465171814
eval_mae = 0.692
eval_runtime = 16.3014
eval_samples_per_second = 306.722
