eval_accuracy = 0.621399998664856
eval_loss = 0.9526511430740356
eval_mae = 0.4286
eval_runtime = 17.3133
eval_samples_per_second = 288.795
