eval_accuracy = 0.5812000036239624
eval_loss = 0.9792904257774353
eval_mae = 0.4878
eval_runtime = 16.6307
eval_samples_per_second = 300.648
