eval_accuracy = 0.6064000129699707
eval_loss = 0.950187623500824
eval_mae = 0.4494
eval_runtime = 18.5807
eval_samples_per_second = 269.097
