eval_accuracy = 0.5555999875068665
eval_loss = 1.0804063081741333
eval_mae = 0.5654
eval_runtime = 18.9052
eval_samples_per_second = 264.478
