eval_accuracy = 0.5278000235557556
eval_loss = 1.0476881265640259
eval_mae = 0.5696
eval_runtime = 16.2441
eval_samples_per_second = 307.804
