eval_accuracy = 0.5496000051498413
eval_loss = 1.1474758386611938
eval_mae = 0.5812
eval_runtime = 16.8286
eval_samples_per_second = 297.113
