eval_accuracy = 0.5564000010490417
eval_loss = 1.0802922248840332
eval_mae = 0.5652
eval_runtime = 24.9171
eval_samples_per_second = 200.665
