eval_accuracy = 0.49900001287460327
eval_loss = 1.1492934226989746
eval_mae = 0.5916
eval_runtime = 17.529
eval_samples_per_second = 285.242
