eval_accuracy = 0.574999988079071
eval_loss = 1.083652377128601
eval_mae = 0.5102
eval_runtime = 17.9054
eval_samples_per_second = 279.246
