eval_accuracy = 0.45840001106262207
eval_loss = 1.3671975135803223
eval_mae = 0.7312
eval_runtime = 17.3088
eval_samples_per_second = 288.871
