eval_accuracy = 0.5293999910354614
eval_loss = 1.0554817914962769
eval_mae = 0.57
eval_runtime = 16.9537
eval_samples_per_second = 294.922
