eval_accuracy = 0.5916000008583069
eval_loss = 0.9606035947799683
eval_mae = 0.4834
eval_runtime = 17.3175
eval_samples_per_second = 288.725
