eval_accuracy = 0.5622000098228455
eval_loss = 1.0135892629623413
eval_mae = 0.5108
eval_runtime = 17.0701
eval_samples_per_second = 292.909
