eval_accuracy = 0.5501999855041504
eval_loss = 1.147801160812378
eval_mae = 0.5804
eval_runtime = 16.7884
eval_samples_per_second = 297.824
