eval_accuracy = 0.4997999966144562
eval_loss = 1.2423803806304932
eval_mae = 0.5956
eval_runtime = 18.5244
eval_samples_per_second = 269.915
