eval_accuracy = 0.5455999970436096
eval_loss = 1.0299694538116455
eval_mae = 0.5396
eval_runtime = 16.6596
eval_samples_per_second = 300.127
