eval_accuracy = 0.5077999830245972
eval_loss = 1.2278823852539062
eval_mae = 0.6194
eval_runtime = 20.9085
eval_samples_per_second = 239.137
