eval_accuracy = 0.5565999746322632
eval_loss = 1.0629123449325562
eval_mae = 0.5222
eval_runtime = 18.3638
eval_samples_per_second = 272.274
