eval_accuracy = 0.4837999939918518
eval_loss = 1.339051604270935
eval_mae = 0.6672
eval_runtime = 18.4627
eval_samples_per_second = 270.816
