eval_accuracy = 0.4986000061035156
eval_loss = 1.160762906074524
eval_mae = 0.5906
eval_runtime = 17.2858
eval_samples_per_second = 289.255
