eval_accuracy = 0.5616000294685364
eval_loss = 1.046475887298584
eval_mae = 0.5078
eval_runtime = 19.9314
eval_samples_per_second = 250.86
