eval_accuracy = 0.5687999725341797
eval_loss = 1.0206466913223267
eval_mae = 0.5098
eval_runtime = 17.4234
eval_samples_per_second = 286.97
