eval_accuracy = 0.6064000129699707
eval_loss = 0.9495011568069458
eval_mae = 0.4498
eval_runtime = 18.609
eval_samples_per_second = 268.687
