eval_accuracy = 0.555400013923645
eval_loss = 1.0254192352294922
eval_mae = 0.5366
eval_runtime = 17.2884
eval_samples_per_second = 289.211
