eval_accuracy = 0.5928000211715698
eval_loss = 0.9609882831573486
eval_mae = 0.4838
eval_runtime = 17.5609
eval_samples_per_second = 284.723
