eval_accuracy = 0.5565999746322632
eval_loss = 1.0801923274993896
eval_mae = 0.565
eval_runtime = 25.2339
eval_samples_per_second = 198.146
