eval_accuracy = 0.498199999332428
eval_loss = 1.2284953594207764
eval_mae = 0.6038
eval_runtime = 18.429
eval_samples_per_second = 271.312
