eval_accuracy = 0.4674000144004822
eval_loss = 1.3518844842910767
eval_mae = 0.6914
eval_runtime = 18.2164
eval_samples_per_second = 274.477
