eval_accuracy = 0.5483999848365784
eval_loss = 1.086053490638733
eval_mae = 0.5402
eval_runtime = 20.4737
eval_samples_per_second = 244.216
