eval_accuracy = 0.5555999875068665
eval_loss = 1.0802631378173828
eval_mae = 0.5656
eval_runtime = 31.8822
eval_samples_per_second = 156.827
