eval_accuracy = 0.5562000274658203
eval_loss = 1.07960844039917
eval_mae = 0.565
eval_runtime = 22.4034
eval_samples_per_second = 223.18
