eval_accuracy = 0.4747999906539917
eval_loss = 1.3417640924453735
eval_mae = 0.6926
eval_runtime = 16.0032
eval_samples_per_second = 312.437
