eval_accuracy = 0.5264000296592712
eval_loss = 1.0530070066452026
eval_mae = 0.57
eval_runtime = 16.3362
eval_samples_per_second = 306.07
