eval_accuracy = 0.503000020980835
eval_loss = 1.1762332916259766
eval_mae = 0.5916
eval_runtime = 16.6187
eval_samples_per_second = 300.866
