eval_accuracy = 0.49720001220703125
eval_loss = 1.2388031482696533
eval_mae = 0.647
eval_runtime = 18.4625
eval_samples_per_second = 270.819
