eval_accuracy = 0.6019999980926514
eval_loss = 0.9351901412010193
eval_mae = 0.4538
eval_runtime = 16.9833
eval_samples_per_second = 294.407
