eval_accuracy = 0.592199981212616
eval_loss = 0.9586474895477295
eval_mae = 0.483
eval_runtime = 17.3175
eval_samples_per_second = 288.726
