eval_accuracy = 0.483599990606308
eval_loss = 1.3556822538375854
eval_mae = 0.6718
eval_runtime = 18.922
eval_samples_per_second = 264.243
