eval_accuracy = 0.5034000277519226
eval_loss = 1.176315188407898
eval_mae = 0.5918
eval_runtime = 16.6856
eval_samples_per_second = 299.66
