eval_accuracy = 0.5907999873161316
eval_loss = 1.0078016519546509
eval_mae = 0.4702
eval_runtime = 17.2879
eval_samples_per_second = 289.22
