eval_accuracy = 0.46860000491142273
eval_loss = 1.295092225074768
eval_mae = 0.6806
eval_runtime = 22.3026
eval_samples_per_second = 224.189
