eval_accuracy = 0.4832000136375427
eval_loss = 1.3442589044570923
eval_mae = 0.6726
eval_runtime = 18.4531
eval_samples_per_second = 270.957
