eval_accuracy = 0.5564000010490417
eval_loss = 1.0632548332214355
eval_mae = 0.5226
eval_runtime = 18.3237
eval_samples_per_second = 272.87
