eval_accuracy = 0.49900001287460327
eval_loss = 1.2283378839492798
eval_mae = 0.6044
eval_runtime = 18.3671
eval_samples_per_second = 272.226
