eval_accuracy = 0.6069999933242798
eval_loss = 0.9503821134567261
eval_mae = 0.449
eval_runtime = 18.6533
eval_samples_per_second = 268.05
