eval_accuracy = 0.5437999963760376
eval_loss = 1.0294030904769897
eval_mae = 0.5408
eval_runtime = 17.0935
eval_samples_per_second = 292.509
