eval_accuracy = 0.5817999839782715
eval_loss = 1.0097345113754272
eval_mae = 0.4828
eval_runtime = 16.4463
eval_samples_per_second = 304.019
