eval_accuracy = 0.5699999928474426
eval_loss = 0.9910004138946533
eval_mae = 0.5088
eval_runtime = 16.1236
eval_samples_per_second = 310.104
