eval_accuracy = 0.5806000232696533
eval_loss = 1.0193392038345337
eval_mae = 0.4942
eval_runtime = 36.2524
eval_samples_per_second = 137.922
