eval_accuracy = 0.49720001220703125
eval_loss = 1.2387266159057617
eval_mae = 0.6476
eval_runtime = 32.4358
eval_samples_per_second = 154.151
