eval_accuracy = 0.6340000033378601
eval_loss = 0.8892256021499634
eval_mae = 0.4176
eval_runtime = 18.864
eval_samples_per_second = 265.055
