eval_accuracy = 0.620199978351593
eval_loss = 0.9508982300758362
eval_mae = 0.4294
eval_runtime = 17.4196
eval_samples_per_second = 287.033
