eval_accuracy = 0.5558000206947327
eval_loss = 1.0803025960922241
eval_mae = 0.5654
eval_runtime = 24.6871
eval_samples_per_second = 202.535
