eval_accuracy = 0.620199978351593
eval_loss = 0.9503890872001648
eval_mae = 0.4292
eval_runtime = 16.4932
eval_samples_per_second = 303.156
