eval_accuracy = 0.6051999926567078
eval_loss = 0.9462924003601074
eval_mae = 0.4568
eval_runtime = 16.7126
eval_samples_per_second = 299.175
