eval_accuracy = 0.5577999949455261
eval_loss = 1.0615698099136353
eval_mae = 0.521
eval_runtime = 18.3076
eval_samples_per_second = 273.11
