eval_accuracy = 0.5712000131607056
eval_loss = 0.990732729434967
eval_mae = 0.5064
eval_runtime = 16.9852
eval_samples_per_second = 294.373
