eval_accuracy = 0.6015999913215637
eval_loss = 0.9547709226608276
eval_mae = 0.4606
eval_runtime = 17.2411
eval_samples_per_second = 290.005
