eval_accuracy = 0.5898000001907349
eval_loss = 0.9489769339561462
eval_mae = 0.464
eval_runtime = 16.5707
eval_samples_per_second = 301.738
