eval_accuracy = 0.46779999136924744
eval_loss = 1.3390945196151733
eval_mae = 0.6888
eval_runtime = 19.9085
eval_samples_per_second = 251.149
