eval_accuracy = 0.579200029373169
eval_loss = 1.0102616548538208
eval_mae = 0.4824
eval_runtime = 16.8335
eval_samples_per_second = 297.026
