eval_accuracy = 0.48240000009536743
eval_loss = 1.3515796661376953
eval_mae = 0.6722
eval_runtime = 20.4859
eval_samples_per_second = 244.07
