eval_accuracy = 0.5934000015258789
eval_loss = 0.9470763802528381
eval_mae = 0.469
eval_runtime = 19.3035
eval_samples_per_second = 259.021
