eval_accuracy = 0.5812000036239624
eval_loss = 0.9830659031867981
eval_mae = 0.4894
eval_runtime = 16.6893
eval_samples_per_second = 299.594
