eval_accuracy = 0.605400025844574
eval_loss = 0.9499802589416504
eval_mae = 0.451
eval_runtime = 21.1244
eval_samples_per_second = 236.693
