eval_accuracy = 0.5550000071525574
eval_loss = 1.0271292924880981
eval_mae = 0.537
eval_runtime = 17.415
eval_samples_per_second = 287.108
