eval_accuracy = 0.5680000185966492
eval_loss = 1.0215623378753662
eval_mae = 0.5086
eval_runtime = 16.6137
eval_samples_per_second = 300.956
