eval_accuracy = 0.5005999803543091
eval_loss = 1.241541862487793
eval_mae = 0.5946
eval_runtime = 19.382
eval_samples_per_second = 257.972
