eval_accuracy = 0.5070000290870667
eval_loss = 1.2283079624176025
eval_mae = 0.6202
eval_runtime = 18.9326
eval_samples_per_second = 264.095
