eval_accuracy = 0.4765999913215637
eval_loss = 1.3418179750442505
eval_mae = 0.6924
eval_runtime = 16.9413
eval_samples_per_second = 295.137
