eval_accuracy = 0.6363999843597412
eval_loss = 0.8898116946220398
eval_mae = 0.4148
eval_runtime = 27.1067
eval_samples_per_second = 184.457
