eval_accuracy = 0.5062000155448914
eval_loss = 1.2292137145996094
eval_mae = 0.6214
eval_runtime = 19.4497
eval_samples_per_second = 257.074
