eval_accuracy = 0.5483999848365784
eval_loss = 1.147382378578186
eval_mae = 0.5816
eval_runtime = 17.4766
eval_samples_per_second = 286.097
