eval_accuracy = 0.5932000279426575
eval_loss = 0.9479171633720398
eval_mae = 0.4692
eval_runtime = 18.6888
eval_samples_per_second = 267.54
