eval_accuracy = 0.5636000037193298
eval_loss = 1.039573073387146
eval_mae = 0.5082
eval_runtime = 18.2029
eval_samples_per_second = 274.681
