eval_accuracy = 0.5544000267982483
eval_loss = 1.024540662765503
eval_mae = 0.5368
eval_runtime = 17.0599
eval_samples_per_second = 293.084
