eval_accuracy = 0.49939998984336853
eval_loss = 1.2252789735794067
eval_mae = 0.6026
eval_runtime = 18.3468
eval_samples_per_second = 272.527
