eval_accuracy = 0.5569999814033508
eval_loss = 1.079832911491394
eval_mae = 0.5338
eval_runtime = 29.2049
eval_samples_per_second = 171.204
