eval_accuracy = 0.4749999940395355
eval_loss = 1.3428218364715576
eval_mae = 0.6942
eval_runtime = 16.3505
eval_samples_per_second = 305.801
