eval_accuracy = 0.5004000067710876
eval_loss = 1.1559947729110718
eval_mae = 0.59
eval_runtime = 17.2703
eval_samples_per_second = 289.514
