eval_accuracy = 0.5037999749183655
eval_loss = 1.1771934032440186
eval_mae = 0.591
eval_runtime = 17.3597
eval_samples_per_second = 288.023
