eval_accuracy = 0.5907999873161316
eval_loss = 0.9490634799003601
eval_mae = 0.4632
eval_runtime = 16.5514
eval_samples_per_second = 302.089
