eval_accuracy = 0.5415999889373779
eval_loss = 1.0283052921295166
eval_mae = 0.5408
eval_runtime = 17.4278
eval_samples_per_second = 286.898
