eval_accuracy = 0.46799999475479126
eval_loss = 1.297015905380249
eval_mae = 0.682
eval_runtime = 26.0254
eval_samples_per_second = 192.12
