eval_accuracy = 0.48100000619888306
eval_loss = 1.3903617858886719
eval_mae = 0.674
eval_runtime = 34.1486
eval_samples_per_second = 146.419
