eval_accuracy = 0.5285999774932861
eval_loss = 1.0536086559295654
eval_mae = 0.5684
eval_runtime = 16.897
eval_samples_per_second = 295.91
