eval_accuracy = 0.5777999758720398
eval_loss = 1.0110037326812744
eval_mae = 0.4846
eval_runtime = 17.2868
eval_samples_per_second = 289.238
