eval_accuracy = 0.6021999716758728
eval_loss = 0.9365184307098389
eval_mae = 0.4546
eval_runtime = 16.4021
eval_samples_per_second = 304.84
