eval_accuracy = 0.49959999322891235
eval_loss = 1.2290881872177124
eval_mae = 0.604
eval_runtime = 18.4884
eval_samples_per_second = 270.441
