eval_accuracy = 0.527999997138977
eval_loss = 1.0528857707977295
eval_mae = 0.5706
eval_runtime = 17.2226
eval_samples_per_second = 290.317
