eval_accuracy = 0.6212000250816345
eval_loss = 0.9510574340820312
eval_mae = 0.4282
eval_runtime = 17.4763
eval_samples_per_second = 286.102
