eval_accuracy = 0.4575999975204468
eval_loss = 1.3668723106384277
eval_mae = 0.732
eval_runtime = 17.353
eval_samples_per_second = 288.134
