eval_accuracy = 0.4975999891757965
eval_loss = 1.2384369373321533
eval_mae = 0.6464
eval_runtime = 33.6202
eval_samples_per_second = 148.72
