eval_accuracy = 0.5770000219345093
eval_loss = 1.0046732425689697
eval_mae = 0.4944
eval_runtime = 16.5519
eval_samples_per_second = 302.08
