eval_accuracy = 0.5813999772071838
eval_loss = 1.0186667442321777
eval_mae = 0.4934
eval_runtime = 24.6355
eval_samples_per_second = 202.959
