eval_accuracy = 0.6227999925613403
eval_loss = 0.9495968818664551
eval_mae = 0.427
eval_runtime = 17.4359
eval_samples_per_second = 286.765
