eval_accuracy = 0.6068000197410583
eval_loss = 0.949974000453949
eval_mae = 0.4494
eval_runtime = 18.2616
eval_samples_per_second = 273.798
