eval_accuracy = 0.5004000067710876
eval_loss = 1.1544727087020874
eval_mae = 0.5902
eval_runtime = 17.2756
eval_samples_per_second = 289.426
