eval_accuracy = 0.5562000274658203
eval_loss = 1.0243171453475952
eval_mae = 0.5356
eval_runtime = 16.3323
eval_samples_per_second = 306.141
