eval_accuracy = 0.4966000020503998
eval_loss = 1.2387113571166992
eval_mae = 0.6478
eval_runtime = 19.573
eval_samples_per_second = 255.454
