eval_accuracy = 0.4586000144481659
eval_loss = 1.369142770767212
eval_mae = 0.7322
eval_runtime = 17.2522
eval_samples_per_second = 289.818
