eval_accuracy = 0.483599990606308
eval_loss = 1.3546571731567383
eval_mae = 0.672
eval_runtime = 18.4979
eval_samples_per_second = 270.301
