eval_accuracy = 0.5789999961853027
eval_loss = 1.0113195180892944
eval_mae = 0.4828
eval_runtime = 17.3993
eval_samples_per_second = 287.368
