eval_accuracy = 0.49939998984336853
eval_loss = 1.1507457494735718
eval_mae = 0.5916
eval_runtime = 17.2653
eval_samples_per_second = 289.598
