eval_accuracy = 0.5648000240325928
eval_loss = 1.0174397230148315
eval_mae = 0.509
eval_runtime = 17.0236
eval_samples_per_second = 293.709
