eval_accuracy = 0.5699999928474426
eval_loss = 1.0225273370742798
eval_mae = 0.5088
eval_runtime = 17.3013
eval_samples_per_second = 288.996
