eval_accuracy = 0.4408000111579895
eval_loss = 1.4409563541412354
eval_mae = 0.7268
eval_runtime = 20.3362
eval_samples_per_second = 245.867
