eval_accuracy = 0.6046000123023987
eval_loss = 0.946118950843811
eval_mae = 0.4566
eval_runtime = 17.2063
eval_samples_per_second = 290.591
