eval_accuracy = 0.5690000057220459
eval_loss = 1.0158097743988037
eval_mae = 0.5028
eval_runtime = 17.1237
eval_samples_per_second = 291.994
