eval_accuracy = 0.593999981880188
eval_loss = 1.00642991065979
eval_mae = 0.4676
eval_runtime = 17.1973
eval_samples_per_second = 290.744
