eval_accuracy = 0.5037999749183655
eval_loss = 1.1758466958999634
eval_mae = 0.5916
eval_runtime = 17.3402
eval_samples_per_second = 288.347
