eval_accuracy = 0.526199996471405
eval_loss = 1.052760124206543
eval_mae = 0.5708
eval_runtime = 16.0116
eval_samples_per_second = 312.274
