eval_accuracy = 0.5558000206947327
eval_loss = 1.0802772045135498
eval_mae = 0.5654
eval_runtime = 19.2281
eval_samples_per_second = 260.037
