eval_accuracy = 0.576200008392334
eval_loss = 1.0848591327667236
eval_mae = 0.5092
eval_runtime = 16.9987
eval_samples_per_second = 294.14
