eval_accuracy = 0.6019999980926514
eval_loss = 0.9359636902809143
eval_mae = 0.454
eval_runtime = 17.032
eval_samples_per_second = 293.565
