eval_accuracy = 0.5928000211715698
eval_loss = 0.9619792103767395
eval_mae = 0.4846
eval_runtime = 17.2855
eval_samples_per_second = 289.26
