eval_accuracy = 0.5705999732017517
eval_loss = 1.0221587419509888
eval_mae = 0.5076
eval_runtime = 17.2934
eval_samples_per_second = 289.128
