eval_accuracy = 0.4675999879837036
eval_loss = 1.3387465476989746
eval_mae = 0.6892
eval_runtime = 18.2939
eval_samples_per_second = 273.315
