eval_accuracy = 0.6007999777793884
eval_loss = 0.9350380897521973
eval_mae = 0.4548
eval_runtime = 16.4461
eval_samples_per_second = 304.023
