eval_accuracy = 0.5738000273704529
eval_loss = 1.085195541381836
eval_mae = 0.511
eval_runtime = 16.2703
eval_samples_per_second = 307.308
