eval_accuracy = 0.555400013923645
eval_loss = 1.0627578496932983
eval_mae = 0.5236
eval_runtime = 18.3312
eval_samples_per_second = 272.759
