eval_accuracy = 0.5932000279426575
eval_loss = 1.006653070449829
eval_mae = 0.4682
eval_runtime = 17.2022
eval_samples_per_second = 290.66
