eval_accuracy = 0.5932000279426575
eval_loss = 1.0110021829605103
eval_mae = 0.469
eval_runtime = 17.2644
eval_samples_per_second = 289.613
