eval_accuracy = 0.5587999820709229
eval_loss = 1.0784817934036255
eval_mae = 0.5304
eval_runtime = 21.7605
eval_samples_per_second = 229.774
