eval_accuracy = 0.5475999712944031
eval_loss = 1.1429780721664429
eval_mae = 0.5822
eval_runtime = 17.4715
eval_samples_per_second = 286.181
