eval_accuracy = 0.545799970626831
eval_loss = 1.0299551486968994
eval_mae = 0.539
eval_runtime = 17.2799
eval_samples_per_second = 289.354
