eval_accuracy = 0.49880000948905945
eval_loss = 1.1557984352111816
eval_mae = 0.5926
eval_runtime = 16.6502
eval_samples_per_second = 300.297
