eval_accuracy = 0.5982000231742859
eval_loss = 0.9539585113525391
eval_mae = 0.464
eval_runtime = 17.3087
eval_samples_per_second = 288.872
