eval_accuracy = 0.47679999470710754
eval_loss = 1.3441070318222046
eval_mae = 0.6924
eval_runtime = 16.851
eval_samples_per_second = 296.718
