eval_accuracy = 0.5813999772071838
eval_loss = 1.0173935890197754
eval_mae = 0.4936
eval_runtime = 24.3762
eval_samples_per_second = 205.118
