eval_accuracy = 0.5794000029563904
eval_loss = 1.0177364349365234
eval_mae = 0.4824
eval_runtime = 17.5032
eval_samples_per_second = 285.662
