eval_accuracy = 0.5275999903678894
eval_loss = 1.0536208152770996
eval_mae = 0.5698
eval_runtime = 16.3962
eval_samples_per_second = 304.948
