eval_accuracy = 0.5651999711990356
eval_loss = 1.0139036178588867
eval_mae = 0.508
eval_runtime = 16.3281
eval_samples_per_second = 306.221
