eval_accuracy = 0.5564000010490417
eval_loss = 1.0813839435577393
eval_mae = 0.5648
eval_runtime = 26.2139
eval_samples_per_second = 190.739
