eval_accuracy = 0.5001999735832214
eval_loss = 1.2292412519454956
eval_mae = 0.6024
eval_runtime = 18.3638
eval_samples_per_second = 272.274
