eval_accuracy = 0.4722000062465668
eval_loss = 1.3486865758895874
eval_mae = 0.69
eval_runtime = 17.3105
eval_samples_per_second = 288.842
