eval_accuracy = 0.6362000107765198
eval_loss = 0.8894292712211609
eval_mae = 0.4148
eval_runtime = 22.3125
eval_samples_per_second = 224.09
