eval_accuracy = 0.4973999857902527
eval_loss = 1.237744927406311
eval_mae = 0.647
eval_runtime = 19.6609
eval_samples_per_second = 254.311
