eval_accuracy = 0.4837999939918518
eval_loss = 1.3559999465942383
eval_mae = 0.6702
eval_runtime = 18.0918
eval_samples_per_second = 276.369
