eval_accuracy = 0.4690000116825104
eval_loss = 1.3383374214172363
eval_mae = 0.6862
eval_runtime = 18.3204
eval_samples_per_second = 272.92
