eval_accuracy = 0.5648000240325928
eval_loss = 1.0146195888519287
eval_mae = 0.5076
eval_runtime = 17.1392
eval_samples_per_second = 291.728
