eval_accuracy = 0.5555999875068665
eval_loss = 1.0256240367889404
eval_mae = 0.5366
eval_runtime = 17.623
eval_samples_per_second = 283.72
