eval_accuracy = 0.46799999475479126
eval_loss = 1.297985315322876
eval_mae = 0.6818
eval_runtime = 19.641
eval_samples_per_second = 254.569
