eval_accuracy = 0.6373999714851379
eval_loss = 0.8890751004219055
eval_mae = 0.4136
eval_runtime = 18.8617
eval_samples_per_second = 265.087
