eval_accuracy = 0.43959999084472656
eval_loss = 1.4417310953140259
eval_mae = 0.729
eval_runtime = 33.9409
eval_samples_per_second = 147.315
