eval_accuracy = 0.5802000164985657
eval_loss = 1.0115115642547607
eval_mae = 0.4818
eval_runtime = 17.499
eval_samples_per_second = 285.73
