eval_accuracy = 0.5464000105857849
eval_loss = 1.0300050973892212
eval_mae = 0.5388
eval_runtime = 17.3114
eval_samples_per_second = 288.828
