eval_accuracy = 0.6000000238418579
eval_loss = 0.9558029174804688
eval_mae = 0.4622
eval_runtime = 17.3218
eval_samples_per_second = 288.654
