eval_accuracy = 0.5558000206947327
eval_loss = 1.0639762878417969
eval_mae = 0.5246
eval_runtime = 32.8541
eval_samples_per_second = 152.188
