eval_accuracy = 0.48420000076293945
eval_loss = 1.3546841144561768
eval_mae = 0.6704
eval_runtime = 18.4584
eval_samples_per_second = 270.879
