eval_accuracy = 0.5618000030517578
eval_loss = 1.0472913980484009
eval_mae = 0.5072
eval_runtime = 19.1361
eval_samples_per_second = 261.287
