eval_accuracy = 0.5702000260353088
eval_loss = 1.0215460062026978
eval_mae = 0.5076
eval_runtime = 17.3605
eval_samples_per_second = 288.01
