eval_accuracy = 0.5925999879837036
eval_loss = 0.9601566195487976
eval_mae = 0.4834
eval_runtime = 17.3155
eval_samples_per_second = 288.759
