eval_accuracy = 0.5748000144958496
eval_loss = 1.0057525634765625
eval_mae = 0.4964
eval_runtime = 16.4486
eval_samples_per_second = 303.978
