eval_accuracy = 0.569599986076355
eval_loss = 1.0213241577148438
eval_mae = 0.5082
eval_runtime = 17.3086
eval_samples_per_second = 288.873
