eval_accuracy = 0.4544000029563904
eval_loss = 1.2893877029418945
eval_mae = 0.6912
eval_runtime = 21.0576
eval_samples_per_second = 237.444
