eval_accuracy = 0.5820000171661377
eval_loss = 0.9791452884674072
eval_mae = 0.488
eval_runtime = 16.686
eval_samples_per_second = 299.652
