eval_accuracy = 0.47780001163482666
eval_loss = 1.3917654752731323
eval_mae = 0.6766
eval_runtime = 20.7059
eval_samples_per_second = 241.477
