eval_accuracy = 0.5555999875068665
eval_loss = 1.0809234380722046
eval_mae = 0.5658
eval_runtime = 20.6789
eval_samples_per_second = 241.792
