eval_accuracy = 0.6015999913215637
eval_loss = 0.9363253712654114
eval_mae = 0.4544
eval_runtime = 17.0491
eval_samples_per_second = 293.27
