eval_accuracy = 0.4392000138759613
eval_loss = 1.4424433708190918
eval_mae = 0.7298
eval_runtime = 18.8419
eval_samples_per_second = 265.367
