eval_accuracy = 0.5929999947547913
eval_loss = 1.0067996978759766
eval_mae = 0.4686
eval_runtime = 17.2294
eval_samples_per_second = 290.201
