eval_accuracy = 0.5932000279426575
eval_loss = 0.9609370827674866
eval_mae = 0.4832
eval_runtime = 18.1786
eval_samples_per_second = 275.049
