eval_accuracy = 0.5809999704360962
eval_loss = 1.0108184814453125
eval_mae = 0.4808
eval_runtime = 17.4477
eval_samples_per_second = 286.572
