eval_accuracy = 0.5580000281333923
eval_loss = 1.0787824392318726
eval_mae = 0.5312
eval_runtime = 27.4431
eval_samples_per_second = 182.195
