eval_accuracy = 0.46939998865127563
eval_loss = 1.3383435010910034
eval_mae = 0.686
eval_runtime = 18.1201
eval_samples_per_second = 275.937
