eval_accuracy = 0.47519999742507935
eval_loss = 1.3426525592803955
eval_mae = 0.6934
eval_runtime = 16.3175
eval_samples_per_second = 306.42
