eval_accuracy = 0.602400004863739
eval_loss = 0.9355945587158203
eval_mae = 0.4536
eval_runtime = 17.0474
eval_samples_per_second = 293.3
