eval_accuracy = 0.5580000281333923
eval_loss = 1.080562949180603
eval_mae = 0.5316
eval_runtime = 35.009
eval_samples_per_second = 142.82
