eval_accuracy = 0.574400007724762
eval_loss = 1.0851664543151855
eval_mae = 0.5116
eval_runtime = 17.1025
eval_samples_per_second = 292.356
