eval_accuracy = 0.5583999752998352
eval_loss = 1.0787479877471924
eval_mae = 0.5308
eval_runtime = 25.2091
eval_samples_per_second = 198.341
