eval_accuracy = 0.4684000015258789
eval_loss = 1.337571620941162
eval_mae = 0.6878
eval_runtime = 31.2183
eval_samples_per_second = 160.162
