eval_accuracy = 0.47920000553131104
eval_loss = 1.394365668296814
eval_mae = 0.679
eval_runtime = 18.6523
eval_samples_per_second = 268.063
