eval_accuracy = 0.5491999983787537
eval_loss = 1.1474334001541138
eval_mae = 0.5814
eval_runtime = 16.7473
eval_samples_per_second = 298.556
