eval_accuracy = 0.5446000099182129
eval_loss = 1.0312514305114746
eval_mae = 0.5426
eval_runtime = 17.2957
eval_samples_per_second = 289.088
