eval_accuracy = 0.5483999848365784
eval_loss = 1.0859947204589844
eval_mae = 0.5406
eval_runtime = 35.9101
eval_samples_per_second = 139.237
