eval_accuracy = 0.4699999988079071
eval_loss = 1.3545292615890503
eval_mae = 0.6932
eval_runtime = 17.2769
eval_samples_per_second = 289.404
