eval_accuracy = 0.5753999948501587
eval_loss = 1.0852857828140259
eval_mae = 0.5108
eval_runtime = 16.5072
eval_samples_per_second = 302.897
