eval_accuracy = 0.5613999962806702
eval_loss = 1.0457308292388916
eval_mae = 0.508
eval_runtime = 19.6641
eval_samples_per_second = 254.27
