eval_accuracy = 0.5708000063896179
eval_loss = 0.9902009963989258
eval_mae = 0.5076
eval_runtime = 17.1295
eval_samples_per_second = 291.894
