eval_accuracy = 0.5812000036239624
eval_loss = 1.0094795227050781
eval_mae = 0.4812
eval_runtime = 17.4639
eval_samples_per_second = 286.305
