eval_accuracy = 0.5803999900817871
eval_loss = 1.0116652250289917
eval_mae = 0.4814
eval_runtime = 17.4819
eval_samples_per_second = 286.01
