eval_accuracy = 0.5055999755859375
eval_loss = 1.2305177450180054
eval_mae = 0.6222
eval_runtime = 31.4131
eval_samples_per_second = 159.169
