eval_accuracy = 0.47540000081062317
eval_loss = 1.3430049419403076
eval_mae = 0.696
eval_runtime = 16.3171
eval_samples_per_second = 306.428
