eval_accuracy = 0.5974000096321106
eval_loss = 0.9545939564704895
eval_mae = 0.467
eval_runtime = 17.2625
eval_samples_per_second = 289.645
