eval_accuracy = 0.5454000234603882
eval_loss = 1.0300824642181396
eval_mae = 0.5404
eval_runtime = 17.3116
eval_samples_per_second = 288.824
