eval_accuracy = 0.5008000135421753
eval_loss = 1.2259193658828735
eval_mae = 0.6006
eval_runtime = 18.0335
eval_samples_per_second = 277.262
