eval_accuracy = 0.5564000010490417
eval_loss = 1.0800740718841553
eval_mae = 0.5648
eval_runtime = 23.1277
eval_samples_per_second = 216.191
