eval_accuracy = 0.5685999989509583
eval_loss = 1.014521598815918
eval_mae = 0.5032
eval_runtime = 17.003
eval_samples_per_second = 294.066
