eval_accuracy = 0.5558000206947327
eval_loss = 1.0251752138137817
eval_mae = 0.5364
eval_runtime = 17.2513
eval_samples_per_second = 289.834
