eval_accuracy = 0.4681999981403351
eval_loss = 1.295776128768921
eval_mae = 0.6812
eval_runtime = 27.2617
eval_samples_per_second = 183.408
