eval_accuracy = 0.48019999265670776
eval_loss = 1.3899641036987305
eval_mae = 0.674
eval_runtime = 19.3703
eval_samples_per_second = 258.127
