eval_accuracy = 0.592199981212616
eval_loss = 0.949201762676239
eval_mae = 0.4622
eval_runtime = 16.1864
eval_samples_per_second = 308.9
