eval_accuracy = 0.5703999996185303
eval_loss = 0.9905648231506348
eval_mae = 0.5074
eval_runtime = 17.093
eval_samples_per_second = 292.517
