eval_accuracy = 0.5928000211715698
eval_loss = 0.960951566696167
eval_mae = 0.4832
eval_runtime = 17.4852
eval_samples_per_second = 285.957
