eval_accuracy = 0.5767999887466431
eval_loss = 1.011797308921814
eval_mae = 0.4852
eval_runtime = 17.4045
eval_samples_per_second = 287.281
