eval_accuracy = 0.5562000274658203
eval_loss = 1.0248712301254272
eval_mae = 0.5354
eval_runtime = 17.4832
eval_samples_per_second = 285.989
