eval_accuracy = 0.6057999730110168
eval_loss = 0.9462161064147949
eval_mae = 0.4564
eval_runtime = 17.3045
eval_samples_per_second = 288.943
