eval_accuracy = 0.579800009727478
eval_loss = 1.0174894332885742
eval_mae = 0.4824
eval_runtime = 17.5011
eval_samples_per_second = 285.697
