eval_accuracy = 0.49900001287460327
eval_loss = 1.2299209833145142
eval_mae = 0.604
eval_runtime = 18.399
eval_samples_per_second = 271.753
