eval_accuracy = 0.47040000557899475
eval_loss = 1.3392695188522339
eval_mae = 0.689
eval_runtime = 19.0481
eval_samples_per_second = 262.493
