eval_accuracy = 0.5788000226020813
eval_loss = 1.0173529386520386
eval_mae = 0.483
eval_runtime = 17.5928
eval_samples_per_second = 284.207
