eval_accuracy = 0.4957999885082245
eval_loss = 1.2355657815933228
eval_mae = 0.6464
eval_runtime = 19.3273
eval_samples_per_second = 258.701
