eval_accuracy = 0.5009999871253967
eval_loss = 1.1816941499710083
eval_mae = 0.594
eval_runtime = 17.3845
eval_samples_per_second = 287.613
