eval_accuracy = 0.5472000241279602
eval_loss = 1.0292688608169556
eval_mae = 0.5372
eval_runtime = 17.3807
eval_samples_per_second = 287.676
