eval_accuracy = 0.5763999819755554
eval_loss = 1.004814624786377
eval_mae = 0.4952
eval_runtime = 17.1838
eval_samples_per_second = 290.972
