eval_accuracy = 0.4593999981880188
eval_loss = 1.3670624494552612
eval_mae = 0.7308
eval_runtime = 16.9197
eval_samples_per_second = 295.513
