eval_accuracy = 0.49900001287460327
eval_loss = 1.1556907892227173
eval_mae = 0.5916
eval_runtime = 17.3601
eval_samples_per_second = 288.018
