eval_accuracy = 0.5013999938964844
eval_loss = 1.2270233631134033
eval_mae = 0.6016
eval_runtime = 20.455
eval_samples_per_second = 244.439
