eval_accuracy = 0.5618000030517578
eval_loss = 1.0455751419067383
eval_mae = 0.5074
eval_runtime = 21.5694
eval_samples_per_second = 231.81
