eval_accuracy = 0.6069999933242798
eval_loss = 0.9489933848381042
eval_mae = 0.4486
eval_runtime = 18.3094
eval_samples_per_second = 273.084
