eval_accuracy = 0.4997999966144562
eval_loss = 1.1557586193084717
eval_mae = 0.5914
eval_runtime = 17.2686
eval_samples_per_second = 289.542
