eval_accuracy = 0.5735999941825867
eval_loss = 1.0844521522521973
eval_mae = 0.5122
eval_runtime = 16.3599
eval_samples_per_second = 305.625
