eval_accuracy = 0.5281999707221985
eval_loss = 1.0536922216415405
eval_mae = 0.569
eval_runtime = 16.8806
eval_samples_per_second = 296.198
