eval_accuracy = 0.5001999735832214
eval_loss = 1.2364401817321777
eval_mae = 0.641
eval_runtime = 21.2016
eval_samples_per_second = 235.831
