eval_accuracy = 0.6014000177383423
eval_loss = 0.9468631148338318
eval_mae = 0.4612
eval_runtime = 16.2888
eval_samples_per_second = 306.96
