eval_accuracy = 0.4934000074863434
eval_loss = 1.244247317314148
eval_mae = 0.6512
eval_runtime = 21.9319
eval_samples_per_second = 227.978
