eval_accuracy = 0.5799999833106995
eval_loss = 1.0171244144439697
eval_mae = 0.4942
eval_runtime = 28.4919
eval_samples_per_second = 175.489
