eval_accuracy = 0.4747999906539917
eval_loss = 1.342289686203003
eval_mae = 0.6956
eval_runtime = 16.3662
eval_samples_per_second = 305.507
