eval_accuracy = 0.43959999084472656
eval_loss = 1.4429781436920166
eval_mae = 0.729
eval_runtime = 18.8648
eval_samples_per_second = 265.044
