eval_accuracy = 0.5802000164985657
eval_loss = 1.0190564393997192
eval_mae = 0.4944
eval_runtime = 18.5366
eval_samples_per_second = 269.737
