eval_accuracy = 0.5551999807357788
eval_loss = 1.024229645729065
eval_mae = 0.5358
eval_runtime = 17.2923
eval_samples_per_second = 289.147
