eval_accuracy = 0.5591999888420105
eval_loss = 1.0477728843688965
eval_mae = 0.5118
eval_runtime = 17.9695
eval_samples_per_second = 278.249
