eval_accuracy = 0.5943999886512756
eval_loss = 0.9596238136291504
eval_mae = 0.4804
eval_runtime = 17.3098
eval_samples_per_second = 288.853
