eval_accuracy = 0.5803999900817871
eval_loss = 1.019663691520691
eval_mae = 0.4952
eval_runtime = 21.9992
eval_samples_per_second = 227.281
