eval_accuracy = 0.5684000253677368
eval_loss = 1.0224288702011108
eval_mae = 0.5092
eval_runtime = 17.5424
eval_samples_per_second = 285.024
