eval_accuracy = 0.4580000042915344
eval_loss = 1.3624056577682495
eval_mae = 0.7292
eval_runtime = 17.3319
eval_samples_per_second = 288.486
