eval_accuracy = 0.5812000036239624
eval_loss = 0.9806542992591858
eval_mae = 0.4894
eval_runtime = 16.7414
eval_samples_per_second = 298.661
