eval_accuracy = 0.5997999906539917
eval_loss = 0.9555301070213318
eval_mae = 0.4634
eval_runtime = 17.424
eval_samples_per_second = 286.961
