eval_accuracy = 0.5582000017166138
eval_loss = 1.0656213760375977
eval_mae = 0.5208
eval_runtime = 18.6299
eval_samples_per_second = 268.385
