eval_accuracy = 0.607200026512146
eval_loss = 0.9491358399391174
eval_mae = 0.4492
eval_runtime = 18.5993
eval_samples_per_second = 268.827
