eval_accuracy = 0.5271999835968018
eval_loss = 1.0536081790924072
eval_mae = 0.5702
eval_runtime = 16.298
eval_samples_per_second = 306.786
