eval_accuracy = 0.49900001287460327
eval_loss = 1.2286823987960815
eval_mae = 0.604
eval_runtime = 18.359
eval_samples_per_second = 272.346
