eval_accuracy = 0.46799999475479126
eval_loss = 1.2968389987945557
eval_mae = 0.6814
eval_runtime = 31.5937
eval_samples_per_second = 158.26
