eval_accuracy = 0.6018000245094299
eval_loss = 0.9353726506233215
eval_mae = 0.4542
eval_runtime = 16.3825
eval_samples_per_second = 305.205
