eval_accuracy = 0.5461999773979187
eval_loss = 1.0300711393356323
eval_mae = 0.5384
eval_runtime = 16.8105
eval_samples_per_second = 297.432
