eval_accuracy = 0.6204000115394592
eval_loss = 0.9509013891220093
eval_mae = 0.4284
eval_runtime = 17.5129
eval_samples_per_second = 285.504
