eval_accuracy = 0.47920000553131104
eval_loss = 1.3884071111679077
eval_mae = 0.6764
eval_runtime = 24.1605
eval_samples_per_second = 206.949
