eval_accuracy = 0.5479999780654907
eval_loss = 1.0861908197402954
eval_mae = 0.541
eval_runtime = 18.5985
eval_samples_per_second = 268.839
