eval_accuracy = 0.506600022315979
eval_loss = 1.229021430015564
eval_mae = 0.6212
eval_runtime = 18.936
eval_samples_per_second = 264.047
