eval_accuracy = 0.5479999780654907
eval_loss = 1.0860682725906372
eval_mae = 0.5408
eval_runtime = 27.5976
eval_samples_per_second = 181.175
