eval_accuracy = 0.571399986743927
eval_loss = 0.990530252456665
eval_mae = 0.5064
eval_runtime = 16.9979
eval_samples_per_second = 294.154
