eval_accuracy = 0.46799999475479126
eval_loss = 1.339499592781067
eval_mae = 0.6886
eval_runtime = 30.0669
eval_samples_per_second = 166.296
