eval_accuracy = 0.5698000192642212
eval_loss = 1.021772027015686
eval_mae = 0.5078
eval_runtime = 16.0901
eval_samples_per_second = 310.751
