eval_accuracy = 0.527400016784668
eval_loss = 1.0550804138183594
eval_mae = 0.5712
eval_runtime = 16.9518
eval_samples_per_second = 294.955
