eval_accuracy = 0.4957999885082245
eval_loss = 1.239572286605835
eval_mae = 0.6492
eval_runtime = 19.5585
eval_samples_per_second = 255.644
