eval_accuracy = 0.5932000279426575
eval_loss = 0.9599896669387817
eval_mae = 0.4824
eval_runtime = 17.4219
eval_samples_per_second = 286.994
