eval_accuracy = 0.5806000232696533
eval_loss = 0.9780794978141785
eval_mae = 0.489
eval_runtime = 17.6495
eval_samples_per_second = 283.294
