eval_accuracy = 0.459199994802475
eval_loss = 1.3689656257629395
eval_mae = 0.731
eval_runtime = 16.7561
eval_samples_per_second = 298.399
