eval_accuracy = 0.5807999968528748
eval_loss = 1.0189502239227295
eval_mae = 0.494
eval_runtime = 21.4897
eval_samples_per_second = 232.67
