eval_accuracy = 0.5898000001907349
eval_loss = 0.9492347836494446
eval_mae = 0.464
eval_runtime = 16.5786
eval_samples_per_second = 301.594
