eval_accuracy = 0.5813999772071838
eval_loss = 0.9776932597160339
eval_mae = 0.4886
eval_runtime = 17.3755
eval_samples_per_second = 287.761
