eval_accuracy = 0.4659999907016754
eval_loss = 1.3384963274002075
eval_mae = 0.6928
eval_runtime = 29.5278
eval_samples_per_second = 169.332
