eval_accuracy = 0.5943999886512756
eval_loss = 0.9475290775299072
eval_mae = 0.4684
eval_runtime = 18.6633
eval_samples_per_second = 267.905
