eval_accuracy = 0.5709999799728394
eval_loss = 1.0201612710952759
eval_mae = 0.507
eval_runtime = 16.5256
eval_samples_per_second = 302.561
