eval_accuracy = 0.5475999712944031
eval_loss = 1.0859867334365845
eval_mae = 0.5412
eval_runtime = 18.3526
eval_samples_per_second = 272.441
