eval_accuracy = 0.47440001368522644
eval_loss = 1.3437719345092773
eval_mae = 0.695
eval_runtime = 16.3294
eval_samples_per_second = 306.196
