eval_accuracy = 0.5806000232696533
eval_loss = 0.9777501225471497
eval_mae = 0.488
eval_runtime = 17.4268
eval_samples_per_second = 286.914
