eval_accuracy = 0.5630000233650208
eval_loss = 1.0443581342697144
eval_mae = 0.5064
eval_runtime = 19.2565
eval_samples_per_second = 259.653
