eval_accuracy = 0.6371999979019165
eval_loss = 0.8896361589431763
eval_mae = 0.4138
eval_runtime = 18.9896
eval_samples_per_second = 263.302
