eval_accuracy = 0.5702000260353088
eval_loss = 1.0211740732192993
eval_mae = 0.5082
eval_runtime = 17.318
eval_samples_per_second = 288.717
