eval_accuracy = 0.6363999843597412
eval_loss = 0.8894779086112976
eval_mae = 0.4146
eval_runtime = 20.4886
eval_samples_per_second = 244.038
