eval_accuracy = 0.5807999968528748
eval_loss = 1.0113365650177002
eval_mae = 0.4808
eval_runtime = 17.315
eval_samples_per_second = 288.766
