eval_accuracy = 0.6068000197410583
eval_loss = 0.9494218826293945
eval_mae = 0.449
eval_runtime = 20.7189
eval_samples_per_second = 241.325
