eval_accuracy = 0.5605999827384949
eval_loss = 1.04659903049469
eval_mae = 0.5086
eval_runtime = 18.3286
eval_samples_per_second = 272.797
