eval_accuracy = 0.5809999704360962
eval_loss = 1.0188747644424438
eval_mae = 0.495
eval_runtime = 29.5616
eval_samples_per_second = 169.138
