eval_accuracy = 0.49939998984336853
eval_loss = 1.2294013500213623
eval_mae = 0.6036
eval_runtime = 18.3592
eval_samples_per_second = 272.343
