eval_accuracy = 0.5073999762535095
eval_loss = 1.228926420211792
eval_mae = 0.6206
eval_runtime = 18.9335
eval_samples_per_second = 264.082
