eval_accuracy = 0.5550000071525574
eval_loss = 1.0247745513916016
eval_mae = 0.5358
eval_runtime = 17.3087
eval_samples_per_second = 288.871
