eval_accuracy = 0.593999981880188
eval_loss = 0.960602343082428
eval_mae = 0.4816
eval_runtime = 17.4292
eval_samples_per_second = 286.875
