eval_accuracy = 0.46860000491142273
eval_loss = 1.2947232723236084
eval_mae = 0.6808
eval_runtime = 20.0909
eval_samples_per_second = 248.869
