eval_accuracy = 0.6373999714851379
eval_loss = 0.890160322189331
eval_mae = 0.4146
eval_runtime = 21.4836
eval_samples_per_second = 232.736
