eval_accuracy = 0.5935999751091003
eval_loss = 0.9603866934776306
eval_mae = 0.4816
eval_runtime = 17.4341
eval_samples_per_second = 286.794
