eval_accuracy = 0.5490000247955322
eval_loss = 1.147670865058899
eval_mae = 0.5818
eval_runtime = 16.8898
eval_samples_per_second = 296.037
