eval_accuracy = 0.45739999413490295
eval_loss = 1.3678410053253174
eval_mae = 0.7326
eval_runtime = 17.2573
eval_samples_per_second = 289.733
