eval_accuracy = 0.5009999871253967
eval_loss = 1.1554402112960815
eval_mae = 0.5896
eval_runtime = 17.3459
eval_samples_per_second = 288.253
