eval_accuracy = 0.526199996471405
eval_loss = 1.0520647764205933
eval_mae = 0.5714
eval_runtime = 16.6188
eval_samples_per_second = 300.865
