eval_accuracy = 0.46779999136924744
eval_loss = 1.2967002391815186
eval_mae = 0.6818
eval_runtime = 19.4628
eval_samples_per_second = 256.9
