eval_accuracy = 0.5813999772071838
eval_loss = 1.0188775062561035
eval_mae = 0.4934
eval_runtime = 22.8679
eval_samples_per_second = 218.647
