eval_accuracy = 0.5928000211715698
eval_loss = 0.9487602710723877
eval_mae = 0.4698
eval_runtime = 20.9185
eval_samples_per_second = 239.023
