eval_accuracy = 0.5934000015258789
eval_loss = 1.0039591789245605
eval_mae = 0.4674
eval_runtime = 17.2473
eval_samples_per_second = 289.901
