eval_accuracy = 0.5899999737739563
eval_loss = 0.9491515755653381
eval_mae = 0.4636
eval_runtime = 16.5832
eval_samples_per_second = 301.51
