eval_accuracy = 0.6371999979019165
eval_loss = 0.8898225426673889
eval_mae = 0.4138
eval_runtime = 19.3064
eval_samples_per_second = 258.981
