eval_accuracy = 0.5702000260353088
eval_loss = 1.021286964416504
eval_mae = 0.5074
eval_runtime = 17.2768
eval_samples_per_second = 289.405
