eval_accuracy = 0.5631999969482422
eval_loss = 1.0146087408065796
eval_mae = 0.5102
eval_runtime = 16.9459
eval_samples_per_second = 295.057
