eval_accuracy = 0.46779999136924744
eval_loss = 1.3392611742019653
eval_mae = 0.689
eval_runtime = 31.7152
eval_samples_per_second = 157.653
