eval_accuracy = 0.49459999799728394
eval_loss = 1.239837646484375
eval_mae = 0.6496
eval_runtime = 33.5975
eval_samples_per_second = 148.82
