eval_accuracy = 0.5450000166893005
eval_loss = 1.0271183252334595
eval_mae = 0.5366
eval_runtime = 17.5391
eval_samples_per_second = 285.077
