eval_accuracy = 0.5699999928474426
eval_loss = 1.021644115447998
eval_mae = 0.5078
eval_runtime = 16.6172
eval_samples_per_second = 300.893
