eval_accuracy = 0.5595999956130981
eval_loss = 1.078366756439209
eval_mae = 0.5292
eval_runtime = 22.3006
eval_samples_per_second = 224.21
