eval_accuracy = 0.5582000017166138
eval_loss = 1.078476905822754
eval_mae = 0.531
eval_runtime = 28.701
eval_samples_per_second = 174.21
