eval_accuracy = 0.5586000084877014
eval_loss = 1.063854455947876
eval_mae = 0.5206
eval_runtime = 18.2992
eval_samples_per_second = 273.236
