eval_accuracy = 0.5569999814033508
eval_loss = 1.0799031257629395
eval_mae = 0.5646
eval_runtime = 18.5078
eval_samples_per_second = 270.156
