eval_accuracy = 0.5935999751091003
eval_loss = 0.9602381587028503
eval_mae = 0.482
eval_runtime = 17.4724
eval_samples_per_second = 286.166
