eval_accuracy = 0.49720001220703125
eval_loss = 1.2386099100112915
eval_mae = 0.6474
eval_runtime = 34.5488
eval_samples_per_second = 144.723
