eval_accuracy = 0.5932000279426575
eval_loss = 0.9478011727333069
eval_mae = 0.47
eval_runtime = 18.5723
eval_samples_per_second = 269.219
