eval_accuracy = 0.5479999780654907
eval_loss = 1.0867831707000732
eval_mae = 0.541
eval_runtime = 20.9561
eval_samples_per_second = 238.594
