eval_accuracy = 0.4970000088214874
eval_loss = 1.2387089729309082
eval_mae = 0.6474
eval_runtime = 18.5398
eval_samples_per_second = 269.689
