eval_accuracy = 0.5063999891281128
eval_loss = 1.2288603782653809
eval_mae = 0.6208
eval_runtime = 19.5825
eval_samples_per_second = 255.33
