eval_accuracy = 0.49720001220703125
eval_loss = 1.2336559295654297
eval_mae = 0.6452
eval_runtime = 21.2952
eval_samples_per_second = 234.794
