eval_accuracy = 0.47839999198913574
eval_loss = 1.3939499855041504
eval_mae = 0.6782
eval_runtime = 22.7346
eval_samples_per_second = 219.929
