eval_accuracy = 0.45840001106262207
eval_loss = 1.3666983842849731
eval_mae = 0.7318
eval_runtime = 16.847
eval_samples_per_second = 296.789
