eval_accuracy = 0.5938000082969666
eval_loss = 1.006946325302124
eval_mae = 0.4672
eval_runtime = 17.2797
eval_samples_per_second = 289.356
