eval_accuracy = 0.4560000002384186
eval_loss = 1.3671963214874268
eval_mae = 0.735
eval_runtime = 17.5758
eval_samples_per_second = 284.482
