eval_accuracy = 0.5577999949455261
eval_loss = 1.0620763301849365
eval_mae = 0.52
eval_runtime = 18.44
eval_samples_per_second = 271.149
