eval_accuracy = 0.48179998993873596
eval_loss = 1.35298490524292
eval_mae = 0.6718
eval_runtime = 22.678
eval_samples_per_second = 220.478
