eval_accuracy = 0.6011999845504761
eval_loss = 0.9358412027359009
eval_mae = 0.4548
eval_runtime = 17.1183
eval_samples_per_second = 292.085
