eval_accuracy = 0.6007999777793884
eval_loss = 0.9560067653656006
eval_mae = 0.4622
eval_runtime = 17.3197
eval_samples_per_second = 288.689
