eval_accuracy = 0.5601999759674072
eval_loss = 1.0483537912368774
eval_mae = 0.509
eval_runtime = 18.1077
eval_samples_per_second = 276.125
