eval_accuracy = 0.5820000171661377
eval_loss = 1.0126668214797974
eval_mae = 0.48
eval_runtime = 16.712
eval_samples_per_second = 299.186
