eval_accuracy = 0.5881999731063843
eval_loss = 0.9488401412963867
eval_mae = 0.4652
eval_runtime = 16.6567
eval_samples_per_second = 300.179
