eval_accuracy = 0.6195999979972839
eval_loss = 0.9516577124595642
eval_mae = 0.4298
eval_runtime = 17.3952
eval_samples_per_second = 287.435
