eval_accuracy = 0.5601999759674072
eval_loss = 1.0455710887908936
eval_mae = 0.5092
eval_runtime = 24.8695
eval_samples_per_second = 201.049
