eval_accuracy = 0.6371999979019165
eval_loss = 0.889449417591095
eval_mae = 0.4138
eval_runtime = 18.8147
eval_samples_per_second = 265.75
