eval_accuracy = 0.5741999745368958
eval_loss = 1.083357572555542
eval_mae = 0.5114
eval_runtime = 16.4057
eval_samples_per_second = 304.773
