eval_accuracy = 0.557200014591217
eval_loss = 1.0809828042984009
eval_mae = 0.5644
eval_runtime = 18.4733
eval_samples_per_second = 270.661
