eval_accuracy = 0.6001999974250793
eval_loss = 0.9553329944610596
eval_mae = 0.463
eval_runtime = 17.4422
eval_samples_per_second = 286.661
