eval_accuracy = 0.5698000192642212
eval_loss = 1.0215152502059937
eval_mae = 0.5084
eval_runtime = 17.2828
eval_samples_per_second = 289.305
