eval_accuracy = 0.48260000348091125
eval_loss = 1.3522515296936035
eval_mae = 0.6716
eval_runtime = 22.6626
eval_samples_per_second = 220.628
