eval_accuracy = 0.4575999975204468
eval_loss = 1.3653408288955688
eval_mae = 0.7306
eval_runtime = 17.2733
eval_samples_per_second = 289.465
