eval_accuracy = 0.45879998803138733
eval_loss = 1.366719126701355
eval_mae = 0.7326
eval_runtime = 16.7733
eval_samples_per_second = 298.092
