eval_accuracy = 0.5555999875068665
eval_loss = 1.0243717432022095
eval_mae = 0.5352
eval_runtime = 17.3059
eval_samples_per_second = 288.918
