eval_accuracy = 0.4970000088214874
eval_loss = 1.238673210144043
eval_mae = 0.647
eval_runtime = 17.7683
eval_samples_per_second = 281.399
