eval_accuracy = 0.579800009727478
eval_loss = 1.016679048538208
eval_mae = 0.4822
eval_runtime = 17.4398
eval_samples_per_second = 286.701
