eval_accuracy = 0.5809999704360962
eval_loss = 1.0181692838668823
eval_mae = 0.4944
eval_runtime = 18.5184
eval_samples_per_second = 270.002
