eval_accuracy = 0.6011999845504761
eval_loss = 0.9552080035209656
eval_mae = 0.463
eval_runtime = 17.1936
eval_samples_per_second = 290.805
