eval_accuracy = 0.5925999879837036
eval_loss = 0.9476478695869446
eval_mae = 0.4694
eval_runtime = 19.1241
eval_samples_per_second = 261.451
