eval_accuracy = 0.5583999752998352
eval_loss = 1.0755908489227295
eval_mae = 0.531
eval_runtime = 18.3919
eval_samples_per_second = 271.859
