eval_accuracy = 0.4968000054359436
eval_loss = 1.2374980449676514
eval_mae = 0.6466
eval_runtime = 25.721
eval_samples_per_second = 194.394
