eval_accuracy = 0.5802000164985657
eval_loss = 1.0107184648513794
eval_mae = 0.4814
eval_runtime = 17.4282
eval_samples_per_second = 286.892
