eval_accuracy = 0.5946000218391418
eval_loss = 0.9459068179130554
eval_mae = 0.4668
eval_runtime = 18.1757
eval_samples_per_second = 275.092
