eval_accuracy = 0.5013999938964844
eval_loss = 1.2272530794143677
eval_mae = 0.6
eval_runtime = 18.2027
eval_samples_per_second = 274.685
