eval_accuracy = 0.527400016784668
eval_loss = 1.0539023876190186
eval_mae = 0.57
eval_runtime = 16.9729
eval_samples_per_second = 294.587
