eval_accuracy = 0.5601999759674072
eval_loss = 1.0460388660430908
eval_mae = 0.5102
eval_runtime = 18.5372
eval_samples_per_second = 269.728
