eval_accuracy = 0.5496000051498413
eval_loss = 1.1470366716384888
eval_mae = 0.5806
eval_runtime = 17.4247
eval_samples_per_second = 286.948
