eval_accuracy = 0.4375999867916107
eval_loss = 1.4308329820632935
eval_mae = 0.7258
eval_runtime = 18.6854
eval_samples_per_second = 267.588
