eval_accuracy = 0.526199996471405
eval_loss = 1.0538946390151978
eval_mae = 0.5706
eval_runtime = 16.2768
eval_samples_per_second = 307.186
