eval_accuracy = 0.550000011920929
eval_loss = 1.1457805633544922
eval_mae = 0.5808
eval_runtime = 17.3663
eval_samples_per_second = 287.914
