eval_accuracy = 0.46799999475479126
eval_loss = 1.2963489294052124
eval_mae = 0.6818
eval_runtime = 22.541
eval_samples_per_second = 221.818
