eval_accuracy = 0.605400025844574
eval_loss = 0.9456239938735962
eval_mae = 0.4558
eval_runtime = 17.4349
eval_samples_per_second = 286.782
