eval_accuracy = 0.592199981212616
eval_loss = 1.007649302482605
eval_mae = 0.469
eval_runtime = 16.5428
eval_samples_per_second = 302.246
