eval_accuracy = 0.5803999900817871
eval_loss = 0.978615403175354
eval_mae = 0.4902
eval_runtime = 17.3132
eval_samples_per_second = 288.797
