eval_accuracy = 0.5447999835014343
eval_loss = 1.0293997526168823
eval_mae = 0.5388
eval_runtime = 16.2162
eval_samples_per_second = 308.334
