eval_accuracy = 0.5745999813079834
eval_loss = 1.0053980350494385
eval_mae = 0.497
eval_runtime = 17.2422
eval_samples_per_second = 289.986
