eval_accuracy = 0.5478000044822693
eval_loss = 1.0860226154327393
eval_mae = 0.541
eval_runtime = 18.5857
eval_samples_per_second = 269.024
