eval_accuracy = 0.5651999711990356
eval_loss = 1.0148200988769531
eval_mae = 0.5074
eval_runtime = 17.0246
eval_samples_per_second = 293.693
