eval_accuracy = 0.4758000075817108
eval_loss = 1.3356584310531616
eval_mae = 0.6848
eval_runtime = 16.3459
eval_samples_per_second = 305.886
