eval_accuracy = 0.5088000297546387
eval_loss = 1.227536678314209
eval_mae = 0.6198
eval_runtime = 18.9727
eval_samples_per_second = 263.537
