eval_accuracy = 0.4805999994277954
eval_loss = 1.3590713739395142
eval_mae = 0.675
eval_runtime = 18.0468
eval_samples_per_second = 277.057
