eval_accuracy = 0.5807999968528748
eval_loss = 1.0186314582824707
eval_mae = 0.494
eval_runtime = 28.4276
eval_samples_per_second = 175.885
