eval_accuracy = 0.5264000296592712
eval_loss = 1.0543534755706787
eval_mae = 0.5704
eval_runtime = 15.9601
eval_samples_per_second = 313.281
