eval_accuracy = 0.5785999894142151
eval_loss = 1.0175691843032837
eval_mae = 0.4842
eval_runtime = 17.4682
eval_samples_per_second = 286.234
