eval_accuracy = 0.5460000038146973
eval_loss = 1.139624834060669
eval_mae = 0.5784
eval_runtime = 16.4978
eval_samples_per_second = 303.071
