eval_accuracy = 0.5920000076293945
eval_loss = 0.9477992057800293
eval_mae = 0.4704
eval_runtime = 19.1915
eval_samples_per_second = 260.531
