eval_accuracy = 0.5788000226020813
eval_loss = 1.0106842517852783
eval_mae = 0.4836
eval_runtime = 17.495
eval_samples_per_second = 285.795
