eval_accuracy = 0.5752000212669373
eval_loss = 1.006651520729065
eval_mae = 0.496
eval_runtime = 16.5355
eval_samples_per_second = 302.38
