eval_accuracy = 0.5802000164985657
eval_loss = 1.0167899131774902
eval_mae = 0.4952
eval_runtime = 22.2887
eval_samples_per_second = 224.329
