eval_accuracy = 0.5636000037193298
eval_loss = 1.0143849849700928
eval_mae = 0.5084
eval_runtime = 16.9759
eval_samples_per_second = 294.536
