eval_accuracy = 0.43959999084472656
eval_loss = 1.44148588180542
eval_mae = 0.7292
eval_runtime = 18.9223
eval_samples_per_second = 264.239
