eval_accuracy = 0.4722000062465668
eval_loss = 1.3493154048919678
eval_mae = 0.6898
eval_runtime = 17.3462
eval_samples_per_second = 288.247
