eval_accuracy = 0.4397999942302704
eval_loss = 1.4428937435150146
eval_mae = 0.7292
eval_runtime = 19.6801
eval_samples_per_second = 254.063
