eval_accuracy = 0.6021999716758728
eval_loss = 0.9514445066452026
eval_mae = 0.462
eval_runtime = 17.2009
eval_samples_per_second = 290.683
