eval_accuracy = 0.4399999976158142
eval_loss = 1.4426424503326416
eval_mae = 0.7288
eval_runtime = 21.2493
eval_samples_per_second = 235.301
