eval_accuracy = 0.6046000123023987
eval_loss = 0.9459378123283386
eval_mae = 0.4578
eval_runtime = 17.2393
eval_samples_per_second = 290.035
