eval_accuracy = 0.4805999994277954
eval_loss = 1.3931597471237183
eval_mae = 0.6762
eval_runtime = 22.6281
eval_samples_per_second = 220.965
