eval_accuracy = 0.43880000710487366
eval_loss = 1.451719880104065
eval_mae = 0.7298
eval_runtime = 18.7322
eval_samples_per_second = 266.92
