eval_accuracy = 0.506600022315979
eval_loss = 1.229006052017212
eval_mae = 0.6208
eval_runtime = 18.8647
eval_samples_per_second = 265.045
