eval_accuracy = 0.5587999820709229
eval_loss = 1.0785294771194458
eval_mae = 0.5308
eval_runtime = 24.3923
eval_samples_per_second = 204.983
