eval_accuracy = 0.5911999940872192
eval_loss = 0.9464607238769531
eval_mae = 0.4622
eval_runtime = 18.0599
eval_samples_per_second = 276.856
