eval_accuracy = 0.43880000710487366
eval_loss = 1.4438035488128662
eval_mae = 0.729
eval_runtime = 18.5844
eval_samples_per_second = 269.043
