eval_accuracy = 0.5932000279426575
eval_loss = 1.0064857006072998
eval_mae = 0.468
eval_runtime = 17.2373
eval_samples_per_second = 290.069
