eval_accuracy = 0.5479999780654907
eval_loss = 1.087782621383667
eval_mae = 0.5406
eval_runtime = 20.109
eval_samples_per_second = 248.645
