eval_accuracy = 0.5795999765396118
eval_loss = 1.0175691843032837
eval_mae = 0.4826
eval_runtime = 17.797
eval_samples_per_second = 280.947
