eval_accuracy = 0.5809999704360962
eval_loss = 0.9798948168754578
eval_mae = 0.4894
eval_runtime = 16.3462
eval_samples_per_second = 305.882
