eval_accuracy = 0.6000000238418579
eval_loss = 0.9561160206794739
eval_mae = 0.4648
eval_runtime = 17.3961
eval_samples_per_second = 287.421
