eval_accuracy = 0.5019999742507935
eval_loss = 1.1770179271697998
eval_mae = 0.592
eval_runtime = 17.3317
eval_samples_per_second = 288.489
