eval_accuracy = 0.545799970626831
eval_loss = 1.0304750204086304
eval_mae = 0.539
eval_runtime = 16.9029
eval_samples_per_second = 295.806
