eval_accuracy = 0.574999988079071
eval_loss = 1.0056605339050293
eval_mae = 0.497
eval_runtime = 17.2308
eval_samples_per_second = 290.178
