eval_accuracy = 0.5938000082969666
eval_loss = 0.9607812762260437
eval_mae = 0.4826
eval_runtime = 17.2709
eval_samples_per_second = 289.505
