eval_accuracy = 0.4381999969482422
eval_loss = 1.4431092739105225
eval_mae = 0.731
eval_runtime = 18.544
eval_samples_per_second = 269.629
