eval_accuracy = 0.5659999847412109
eval_loss = 1.0167392492294312
eval_mae = 0.5074
eval_runtime = 17.5227
eval_samples_per_second = 285.344
