eval_accuracy = 0.5573999881744385
eval_loss = 1.080230712890625
eval_mae = 0.5644
eval_runtime = 29.7242
eval_samples_per_second = 168.213
