eval_accuracy = 0.5558000206947327
eval_loss = 1.024546504020691
eval_mae = 0.5342
eval_runtime = 17.5222
eval_samples_per_second = 285.353
