eval_accuracy = 0.5917999744415283
eval_loss = 0.9482449293136597
eval_mae = 0.4706
eval_runtime = 18.8702
eval_samples_per_second = 264.968
