eval_accuracy = 0.4968000054359436
eval_loss = 1.2386207580566406
eval_mae = 0.647
eval_runtime = 18.1881
eval_samples_per_second = 274.906
