eval_accuracy = 0.4699999988079071
eval_loss = 1.3374943733215332
eval_mae = 0.686
eval_runtime = 24.9588
eval_samples_per_second = 200.33
