eval_accuracy = 0.5812000036239624
eval_loss = 1.0189260244369507
eval_mae = 0.4936
eval_runtime = 18.7489
eval_samples_per_second = 266.682
