eval_accuracy = 0.5623999834060669
eval_loss = 1.0458381175994873
eval_mae = 0.5084
eval_runtime = 18.5756
eval_samples_per_second = 269.171
