eval_accuracy = 0.5884000062942505
eval_loss = 0.9466081857681274
eval_mae = 0.4648
eval_runtime = 17.2149
eval_samples_per_second = 290.445
