eval_accuracy = 0.48260000348091125
eval_loss = 1.352447271347046
eval_mae = 0.6714
eval_runtime = 18.3693
eval_samples_per_second = 272.194
