eval_accuracy = 0.47679999470710754
eval_loss = 1.3677754402160645
eval_mae = 0.6762
eval_runtime = 19.071
eval_samples_per_second = 262.179
