eval_accuracy = 0.6050000190734863
eval_loss = 0.9461814165115356
eval_mae = 0.4566
eval_runtime = 16.3749
eval_samples_per_second = 305.345
