eval_accuracy = 0.5555999875068665
eval_loss = 1.0804868936538696
eval_mae = 0.5662
eval_runtime = 22.8035
eval_samples_per_second = 219.265
