eval_accuracy = 0.5924000144004822
eval_loss = 0.9616703391075134
eval_mae = 0.4838
eval_runtime = 17.3023
eval_samples_per_second = 288.979
