eval_accuracy = 0.6362000107765198
eval_loss = 0.8894786834716797
eval_mae = 0.4144
eval_runtime = 20.8199
eval_samples_per_second = 240.155
