eval_accuracy = 0.6014000177383423
eval_loss = 0.9358782172203064
eval_mae = 0.4546
eval_runtime = 17.016
eval_samples_per_second = 293.841
