eval_accuracy = 0.4991999864578247
eval_loss = 1.2285406589508057
eval_mae = 0.6038
eval_runtime = 18.4651
eval_samples_per_second = 270.781
