eval_accuracy = 0.6011999845504761
eval_loss = 0.9354302883148193
eval_mae = 0.4534
eval_runtime = 17.076
eval_samples_per_second = 292.809
