eval_accuracy = 0.5932000279426575
eval_loss = 0.9475559592247009
eval_mae = 0.4692
eval_runtime = 19.6845
eval_samples_per_second = 254.007
