eval_accuracy = 0.4970000088214874
eval_loss = 1.2386935949325562
eval_mae = 0.6476
eval_runtime = 24.1224
eval_samples_per_second = 207.276
