eval_accuracy = 0.5464000105857849
eval_loss = 1.0298093557357788
eval_mae = 0.5382
eval_runtime = 17.3104
eval_samples_per_second = 288.843
