eval_accuracy = 0.5702000260353088
eval_loss = 1.0219228267669678
eval_mae = 0.508
eval_runtime = 17.3103
eval_samples_per_second = 288.846
