eval_accuracy = 0.5052000284194946
eval_loss = 1.2210273742675781
eval_mae = 0.6264
eval_runtime = 19.0886
eval_samples_per_second = 261.937
