eval_accuracy = 0.6363999843597412
eval_loss = 0.8895470499992371
eval_mae = 0.4146
eval_runtime = 19.3754
eval_samples_per_second = 258.059
