eval_accuracy = 0.4674000144004822
eval_loss = 1.2971261739730835
eval_mae = 0.6822
eval_runtime = 19.5934
eval_samples_per_second = 255.187
