eval_accuracy = 0.5741999745368958
eval_loss = 1.0833704471588135
eval_mae = 0.5118
eval_runtime = 16.9886
eval_samples_per_second = 294.314
