eval_accuracy = 0.527999997138977
eval_loss = 1.0518755912780762
eval_mae = 0.5684
eval_runtime = 16.2214
eval_samples_per_second = 308.235
