eval_accuracy = 0.579800009727478
eval_loss = 1.0178592205047607
eval_mae = 0.4828
eval_runtime = 17.5909
eval_samples_per_second = 284.238
