eval_accuracy = 0.5257999897003174
eval_loss = 1.0538052320480347
eval_mae = 0.5714
eval_runtime = 16.0162
eval_samples_per_second = 312.184
