eval_accuracy = 0.5491999983787537
eval_loss = 1.147873044013977
eval_mae = 0.5822
eval_runtime = 16.8402
eval_samples_per_second = 296.908
