eval_accuracy = 0.4399999976158142
eval_loss = 1.4429690837860107
eval_mae = 0.7288
eval_runtime = 29.9654
eval_samples_per_second = 166.859
