eval_accuracy = 0.546999990940094
eval_loss = 1.0861848592758179
eval_mae = 0.5418
eval_runtime = 32.419
eval_samples_per_second = 154.231
