eval_accuracy = 0.4381999969482422
eval_loss = 1.442505121231079
eval_mae = 0.73
eval_runtime = 28.1697
eval_samples_per_second = 177.496
