eval_accuracy = 0.5099999904632568
eval_loss = 1.2285672426223755
eval_mae = 0.6188
eval_runtime = 19.6541
eval_samples_per_second = 254.4
