eval_accuracy = 0.6060000061988831
eval_loss = 0.9451919794082642
eval_mae = 0.4558
eval_runtime = 17.2443
eval_samples_per_second = 289.951
