eval_accuracy = 0.49720001220703125
eval_loss = 1.2385936975479126
eval_mae = 0.6474
eval_runtime = 19.5853
eval_samples_per_second = 255.293
