eval_accuracy = 0.6051999926567078
eval_loss = 0.9463070034980774
eval_mae = 0.4566
eval_runtime = 17.2788
eval_samples_per_second = 289.373
