eval_accuracy = 0.4740000069141388
eval_loss = 1.3484218120574951
eval_mae = 0.6874
eval_runtime = 17.3785
eval_samples_per_second = 287.712
