eval_accuracy = 0.43959999084472656
eval_loss = 1.443034291267395
eval_mae = 0.7294
eval_runtime = 22.2732
eval_samples_per_second = 224.485
