eval_accuracy = 0.548799991607666
eval_loss = 1.1484891176223755
eval_mae = 0.5828
eval_runtime = 17.4808
eval_samples_per_second = 286.029
