eval_accuracy = 0.46799999475479126
eval_loss = 1.3391711711883545
eval_mae = 0.6886
eval_runtime = 26.9571
eval_samples_per_second = 185.48
