eval_accuracy = 0.5472000241279602
eval_loss = 1.085018515586853
eval_mae = 0.5412
eval_runtime = 23.6817
eval_samples_per_second = 211.133
