eval_accuracy = 0.5809999704360962
eval_loss = 0.9789074063301086
eval_mae = 0.4884
eval_runtime = 16.8505
eval_samples_per_second = 296.726
