eval_accuracy = 0.6208000183105469
eval_loss = 0.9509642720222473
eval_mae = 0.4284
eval_runtime = 17.3753
eval_samples_per_second = 287.764
