eval_accuracy = 0.5559999942779541
eval_loss = 1.02533757686615
eval_mae = 0.5356
eval_runtime = 16.5836
eval_samples_per_second = 301.503
