eval_accuracy = 0.5582000017166138
eval_loss = 1.0785928964614868
eval_mae = 0.531
eval_runtime = 18.5207
eval_samples_per_second = 269.968
