eval_accuracy = 0.5062000155448914
eval_loss = 1.2291786670684814
eval_mae = 0.6212
eval_runtime = 19.2793
eval_samples_per_second = 259.345
