eval_accuracy = 0.5817999839782715
eval_loss = 1.008994460105896
eval_mae = 0.4802
eval_runtime = 16.3759
eval_samples_per_second = 305.327
