eval_accuracy = 0.6037999987602234
eval_loss = 0.9449838995933533
eval_mae = 0.4576
eval_runtime = 17.1287
eval_samples_per_second = 291.908
