eval_accuracy = 0.5803999900817871
eval_loss = 1.0106158256530762
eval_mae = 0.4816
eval_runtime = 17.4348
eval_samples_per_second = 286.782
