eval_accuracy = 0.5708000063896179
eval_loss = 1.0215306282043457
eval_mae = 0.5088
eval_runtime = 17.2437
eval_samples_per_second = 289.961
