eval_accuracy = 0.5730000138282776
eval_loss = 1.0064367055892944
eval_mae = 0.4992
eval_runtime = 17.1691
eval_samples_per_second = 291.22
