eval_accuracy = 0.5478000044822693
eval_loss = 1.0859512090682983
eval_mae = 0.541
eval_runtime = 18.3755
eval_samples_per_second = 272.102
