eval_accuracy = 0.49939998984336853
eval_loss = 1.2263396978378296
eval_mae = 0.6032
eval_runtime = 18.3714
eval_samples_per_second = 272.163
