eval_accuracy = 0.4562000036239624
eval_loss = 1.3633754253387451
eval_mae = 0.7324
eval_runtime = 17.4311
eval_samples_per_second = 286.844
