eval_accuracy = 0.5924000144004822
eval_loss = 0.948233962059021
eval_mae = 0.4698
eval_runtime = 18.8118
eval_samples_per_second = 265.79
