eval_accuracy = 0.590399980545044
eval_loss = 0.9488471746444702
eval_mae = 0.4632
eval_runtime = 16.8141
eval_samples_per_second = 297.37
