eval_accuracy = 0.5608000159263611
eval_loss = 1.0458118915557861
eval_mae = 0.5082
eval_runtime = 21.7985
eval_samples_per_second = 229.374
