eval_accuracy = 0.5807999968528748
eval_loss = 1.0174400806427002
eval_mae = 0.4812
eval_runtime = 17.4547
eval_samples_per_second = 286.455
