eval_accuracy = 0.5699999928474426
eval_loss = 0.9910804629325867
eval_mae = 0.5096
eval_runtime = 16.8331
eval_samples_per_second = 297.035
