eval_accuracy = 0.5703999996185303
eval_loss = 0.9922689199447632
eval_mae = 0.5082
eval_runtime = 16.2326
eval_samples_per_second = 308.023
