eval_accuracy = 0.5058000087738037
eval_loss = 1.2290571928024292
eval_mae = 0.6228
eval_runtime = 31.365
eval_samples_per_second = 159.414
