eval_accuracy = 0.6366000175476074
eval_loss = 0.8894937634468079
eval_mae = 0.4144
eval_runtime = 20.2495
eval_samples_per_second = 246.919
