eval_accuracy = 0.49959999322891235
eval_loss = 1.1560437679290771
eval_mae = 0.5912
eval_runtime = 17.4753
eval_samples_per_second = 286.118
