eval_accuracy = 0.5831999778747559
eval_loss = 0.9786285161972046
eval_mae = 0.4864
eval_runtime = 16.787
eval_samples_per_second = 297.849
