eval_accuracy = 0.5562000274658203
eval_loss = 1.0806668996810913
eval_mae = 0.5622
eval_runtime = 18.4767
eval_samples_per_second = 270.612
