eval_accuracy = 0.635200023651123
eval_loss = 0.8894944190979004
eval_mae = 0.416
eval_runtime = 26.927
eval_samples_per_second = 185.687
