eval_accuracy = 0.5565999746322632
eval_loss = 1.0802127122879028
eval_mae = 0.5642
eval_runtime = 19.3421
eval_samples_per_second = 258.504
