eval_accuracy = 0.4986000061035156
eval_loss = 1.2253659963607788
eval_mae = 0.6042
eval_runtime = 18.4572
eval_samples_per_second = 270.897
