eval_accuracy = 0.5001999735832214
eval_loss = 1.2461178302764893
eval_mae = 0.5958
eval_runtime = 18.0312
eval_samples_per_second = 277.297
