eval_accuracy = 0.5059999823570251
eval_loss = 1.2292935848236084
eval_mae = 0.6214
eval_runtime = 20.4397
eval_samples_per_second = 244.622
