eval_accuracy = 0.593999981880188
eval_loss = 0.9605891704559326
eval_mae = 0.4818
eval_runtime = 17.4192
eval_samples_per_second = 287.04
