eval_accuracy = 0.5608000159263611
eval_loss = 1.0448511838912964
eval_mae = 0.5086
eval_runtime = 19.8087
eval_samples_per_second = 252.415
