eval_accuracy = 0.46799999475479126
eval_loss = 1.3399382829666138
eval_mae = 0.6886
eval_runtime = 18.2924
eval_samples_per_second = 273.337
