eval_accuracy = 0.5558000206947327
eval_loss = 1.080297827720642
eval_mae = 0.5654
eval_runtime = 21.0011
eval_samples_per_second = 238.083
