eval_accuracy = 0.5616000294685364
eval_loss = 1.0449998378753662
eval_mae = 0.509
eval_runtime = 18.4478
eval_samples_per_second = 271.035
