eval_accuracy = 0.5753999948501587
eval_loss = 1.0877068042755127
eval_mae = 0.51
eval_runtime = 16.9918
eval_samples_per_second = 294.259
