eval_accuracy = 0.5270000100135803
eval_loss = 1.053508996963501
eval_mae = 0.571
eval_runtime = 16.9856
eval_samples_per_second = 294.367
