eval_accuracy = 0.5483999848365784
eval_loss = 1.0860055685043335
eval_mae = 0.5406
eval_runtime = 35.6229
eval_samples_per_second = 140.359
