eval_accuracy = 0.6371999979019165
eval_loss = 0.8906614184379578
eval_mae = 0.4142
eval_runtime = 25.8952
eval_samples_per_second = 193.086
