eval_accuracy = 0.5938000082969666
eval_loss = 0.961585521697998
eval_mae = 0.4818
eval_runtime = 17.4024
eval_samples_per_second = 287.316
