eval_accuracy = 0.5248000025749207
eval_loss = 1.0543439388275146
eval_mae = 0.5724
eval_runtime = 16.36
eval_samples_per_second = 305.623
