eval_accuracy = 0.5925999879837036
eval_loss = 0.9611941576004028
eval_mae = 0.4834
eval_runtime = 17.3674
eval_samples_per_second = 287.896
