eval_accuracy = 0.5812000036239624
eval_loss = 1.0186991691589355
eval_mae = 0.4938
eval_runtime = 20.0834
eval_samples_per_second = 248.961
