eval_accuracy = 0.590399980545044
eval_loss = 0.9487472772598267
eval_mae = 0.4632
eval_runtime = 16.5043
eval_samples_per_second = 302.952
