eval_accuracy = 0.5717999935150146
eval_loss = 0.9909111261367798
eval_mae = 0.5064
eval_runtime = 16.1497
eval_samples_per_second = 309.602
