eval_accuracy = 0.5296000242233276
eval_loss = 1.0522751808166504
eval_mae = 0.5668
eval_runtime = 16.9528
eval_samples_per_second = 294.936
