eval_accuracy = 0.5924000144004822
eval_loss = 0.9478978514671326
eval_mae = 0.4696
eval_runtime = 30.6269
eval_samples_per_second = 163.255
