eval_accuracy = 0.5591999888420105
eval_loss = 1.0450553894042969
eval_mae = 0.5132
eval_runtime = 18.2027
eval_samples_per_second = 274.685
