eval_accuracy = 0.46799999475479126
eval_loss = 1.296675205230713
eval_mae = 0.6812
eval_runtime = 22.1556
eval_samples_per_second = 225.677
