eval_accuracy = 0.5925999879837036
eval_loss = 1.0071293115615845
eval_mae = 0.4686
eval_runtime = 17.2246
eval_samples_per_second = 290.282
