eval_accuracy = 0.4984000027179718
eval_loss = 1.228358507156372
eval_mae = 0.6042
eval_runtime = 18.498
eval_samples_per_second = 270.299
