eval_accuracy = 0.503000020980835
eval_loss = 1.1769139766693115
eval_mae = 0.5906
eval_runtime = 16.7616
eval_samples_per_second = 298.301
