eval_accuracy = 0.5812000036239624
eval_loss = 1.0187933444976807
eval_mae = 0.4936
eval_runtime = 24.0709
eval_samples_per_second = 207.72
