eval_accuracy = 0.4997999966144562
eval_loss = 1.2277393341064453
eval_mae = 0.6034
eval_runtime = 18.38
eval_samples_per_second = 272.035
