eval_accuracy = 0.599399983882904
eval_loss = 0.9552797675132751
eval_mae = 0.4626
eval_runtime = 17.2548
eval_samples_per_second = 289.774
