eval_accuracy = 0.605400025844574
eval_loss = 0.9499205946922302
eval_mae = 0.4508
eval_runtime = 18.6111
eval_samples_per_second = 268.656
