eval_accuracy = 0.5925999879837036
eval_loss = 0.9473098516464233
eval_mae = 0.4702
eval_runtime = 18.5691
eval_samples_per_second = 269.264
