eval_accuracy = 0.49320000410079956
eval_loss = 1.2421822547912598
eval_mae = 0.6516
eval_runtime = 35.5674
eval_samples_per_second = 140.578
