eval_accuracy = 0.6037999987602234
eval_loss = 0.9460261464118958
eval_mae = 0.458
eval_runtime = 18.2514
eval_samples_per_second = 273.951
