eval_accuracy = 0.592199981212616
eval_loss = 0.9609073996543884
eval_mae = 0.4836
eval_runtime = 17.3813
eval_samples_per_second = 287.665
