eval_accuracy = 0.48100000619888306
eval_loss = 1.3921442031860352
eval_mae = 0.6736
eval_runtime = 18.288
eval_samples_per_second = 273.403
