eval_accuracy = 0.5587999820709229
eval_loss = 1.0754015445709229
eval_mae = 0.532
eval_runtime = 17.9372
eval_samples_per_second = 278.751
