eval_accuracy = 0.5917999744415283
eval_loss = 0.9478278160095215
eval_mae = 0.4704
eval_runtime = 18.4393
eval_samples_per_second = 271.16
