eval_accuracy = 0.510200023651123
eval_loss = 1.2228814363479614
eval_mae = 0.6166
eval_runtime = 20.2259
eval_samples_per_second = 247.207
