eval_accuracy = 0.6032000184059143
eval_loss = 0.9417375922203064
eval_mae = 0.4562
eval_runtime = 17.1882
eval_samples_per_second = 290.896
