eval_accuracy = 0.506600022315979
eval_loss = 1.2314465045928955
eval_mae = 0.6202
eval_runtime = 20.104
eval_samples_per_second = 248.707
