eval_accuracy = 0.5605999827384949
eval_loss = 1.0462795495986938
eval_mae = 0.5088
eval_runtime = 18.4204
eval_samples_per_second = 271.438
