eval_accuracy = 0.571399986743927
eval_loss = 0.9908924102783203
eval_mae = 0.507
eval_runtime = 16.9561
eval_samples_per_second = 294.879
