eval_accuracy = 0.49900001287460327
eval_loss = 1.2291287183761597
eval_mae = 0.6044
eval_runtime = 31.6285
eval_samples_per_second = 158.086
