eval_accuracy = 0.5910000205039978
eval_loss = 0.9481699466705322
eval_mae = 0.4632
eval_runtime = 16.5914
eval_samples_per_second = 301.362
