eval_accuracy = 0.5902000069618225
eval_loss = 0.9485800862312317
eval_mae = 0.4634
eval_runtime = 16.4673
eval_samples_per_second = 303.632
