eval_accuracy = 0.555400013923645
eval_loss = 1.0247864723205566
eval_mae = 0.5362
eval_runtime = 17.2488
eval_samples_per_second = 289.876
