eval_accuracy = 0.48019999265670776
eval_loss = 1.3518564701080322
eval_mae = 0.6728
eval_runtime = 18.3949
eval_samples_per_second = 271.815
