eval_accuracy = 0.6069999933242798
eval_loss = 0.9496819376945496
eval_mae = 0.4492
eval_runtime = 31.8816
eval_samples_per_second = 156.83
