eval_accuracy = 0.5490000247955322
eval_loss = 1.1446503400802612
eval_mae = 0.5808
eval_runtime = 17.441
eval_samples_per_second = 286.68
