eval_accuracy = 0.5583999752998352
eval_loss = 1.0790244340896606
eval_mae = 0.5308
eval_runtime = 18.5807
eval_samples_per_second = 269.096
