eval_accuracy = 0.6021999716758728
eval_loss = 0.935534656047821
eval_mae = 0.4536
eval_runtime = 16.3823
eval_samples_per_second = 305.208
