eval_accuracy = 0.47279998660087585
eval_loss = 1.3483684062957764
eval_mae = 0.6884
eval_runtime = 16.6847
eval_samples_per_second = 299.677
