eval_accuracy = 0.6208000183105469
eval_loss = 0.9528490304946899
eval_mae = 0.4294
eval_runtime = 17.4819
eval_samples_per_second = 286.01
