eval_accuracy = 0.599399983882904
eval_loss = 0.9562224745750427
eval_mae = 0.4638
eval_runtime = 16.6412
eval_samples_per_second = 300.46
