eval_accuracy = 0.5655999779701233
eval_loss = 1.0142258405685425
eval_mae = 0.5052
eval_runtime = 17.0678
eval_samples_per_second = 292.95
