eval_accuracy = 0.5896000266075134
eval_loss = 0.9490339756011963
eval_mae = 0.4638
eval_runtime = 16.5563
eval_samples_per_second = 302.0
