eval_accuracy = 0.4666000008583069
eval_loss = 1.2982749938964844
eval_mae = 0.6848
eval_runtime = 17.6286
eval_samples_per_second = 283.63
