eval_accuracy = 0.5509999990463257
eval_loss = 1.0736767053604126
eval_mae = 0.5346
eval_runtime = 20.8461
eval_samples_per_second = 239.853
