eval_accuracy = 0.6344000101089478
eval_loss = 0.8901931643486023
eval_mae = 0.4172
eval_runtime = 19.8039
eval_samples_per_second = 252.476
