eval_accuracy = 0.4966000020503998
eval_loss = 1.2381970882415771
eval_mae = 0.6482
eval_runtime = 26.1164
eval_samples_per_second = 191.451
