eval_accuracy = 0.6001999974250793
eval_loss = 0.9356566667556763
eval_mae = 0.4556
eval_runtime = 17.0591
eval_samples_per_second = 293.098
