eval_accuracy = 0.5917999744415283
eval_loss = 0.9601746201515198
eval_mae = 0.484
eval_runtime = 17.4261
eval_samples_per_second = 286.926
