eval_accuracy = 0.5576000213623047
eval_loss = 1.062929630279541
eval_mae = 0.5212
eval_runtime = 18.4442
eval_samples_per_second = 271.088
