eval_accuracy = 0.5781999826431274
eval_loss = 1.0172486305236816
eval_mae = 0.4846
eval_runtime = 17.4534
eval_samples_per_second = 286.478
