eval_accuracy = 0.5019999742507935
eval_loss = 1.1769804954528809
eval_mae = 0.5936
eval_runtime = 16.8931
eval_samples_per_second = 295.978
