eval_accuracy = 0.5045999884605408
eval_loss = 1.1745920181274414
eval_mae = 0.5906
eval_runtime = 17.5374
eval_samples_per_second = 285.104
