eval_accuracy = 0.5016000270843506
eval_loss = 1.177396535873413
eval_mae = 0.5932
eval_runtime = 17.3857
eval_samples_per_second = 287.593
