eval_accuracy = 0.58160001039505
eval_loss = 1.0180070400238037
eval_mae = 0.4808
eval_runtime = 17.4724
eval_samples_per_second = 286.165
