eval_accuracy = 0.6011999845504761
eval_loss = 0.9365376830101013
eval_mae = 0.454
eval_runtime = 15.9956
eval_samples_per_second = 312.586
