eval_accuracy = 0.5756000280380249
eval_loss = 1.0056813955307007
eval_mae = 0.4956
eval_runtime = 16.1766
eval_samples_per_second = 309.089
