eval_accuracy = 0.4763999879360199
eval_loss = 1.3430181741714478
eval_mae = 0.6932
eval_runtime = 17.0587
eval_samples_per_second = 293.105
