eval_accuracy = 0.5633999705314636
eval_loss = 1.0138485431671143
eval_mae = 0.5086
eval_runtime = 16.9845
eval_samples_per_second = 294.387
