eval_accuracy = 0.5992000102996826
eval_loss = 0.9558607339859009
eval_mae = 0.4636
eval_runtime = 17.1184
eval_samples_per_second = 292.084
