eval_accuracy = 0.5785999894142151
eval_loss = 1.0174732208251953
eval_mae = 0.4842
eval_runtime = 16.9229
eval_samples_per_second = 295.457
