eval_accuracy = 0.5924000144004822
eval_loss = 0.9472830891609192
eval_mae = 0.4698
eval_runtime = 18.6787
eval_samples_per_second = 267.685
