eval_accuracy = 0.45660001039505005
eval_loss = 1.3680675029754639
eval_mae = 0.732
eval_runtime = 17.3504
eval_samples_per_second = 288.178
