eval_accuracy = 0.49939998984336853
eval_loss = 1.157837152481079
eval_mae = 0.5914
eval_runtime = 17.4432
eval_samples_per_second = 286.645
