eval_accuracy = 0.5698000192642212
eval_loss = 1.0213959217071533
eval_mae = 0.5084
eval_runtime = 16.4235
eval_samples_per_second = 304.441
