eval_accuracy = 0.5076000094413757
eval_loss = 1.2287832498550415
eval_mae = 0.6198
eval_runtime = 33.44
eval_samples_per_second = 149.522
