eval_accuracy = 0.5559999942779541
eval_loss = 1.0803327560424805
eval_mae = 0.5652
eval_runtime = 24.608
eval_samples_per_second = 203.186
