eval_accuracy = 0.5694000124931335
eval_loss = 1.021193027496338
eval_mae = 0.5084
eval_runtime = 17.3688
eval_samples_per_second = 287.873
