eval_accuracy = 0.5062000155448914
eval_loss = 1.2291792631149292
eval_mae = 0.6214
eval_runtime = 23.0607
eval_samples_per_second = 216.819
