eval_accuracy = 0.44040000438690186
eval_loss = 1.443026065826416
eval_mae = 0.7284
eval_runtime = 30.1922
eval_samples_per_second = 165.606
