eval_accuracy = 0.5806000232696533
eval_loss = 1.019304871559143
eval_mae = 0.4816
eval_runtime = 16.8361
eval_samples_per_second = 296.981
