eval_accuracy = 0.579800009727478
eval_loss = 1.0116584300994873
eval_mae = 0.4822
eval_runtime = 16.857
eval_samples_per_second = 296.612
