eval_accuracy = 0.5491999983787537
eval_loss = 1.146544098854065
eval_mae = 0.5818
eval_runtime = 17.3617
eval_samples_per_second = 287.989
