eval_accuracy = 0.5794000029563904
eval_loss = 0.9775679707527161
eval_mae = 0.4906
eval_runtime = 16.6788
eval_samples_per_second = 299.783
