eval_accuracy = 0.5450000166893005
eval_loss = 1.0285141468048096
eval_mae = 0.54
eval_runtime = 17.3107
eval_samples_per_second = 288.838
