eval_accuracy = 0.4814000129699707
eval_loss = 1.3922698497772217
eval_mae = 0.6732
eval_runtime = 23.7383
eval_samples_per_second = 210.63
