eval_accuracy = 0.6064000129699707
eval_loss = 0.9499502182006836
eval_mae = 0.4514
eval_runtime = 19.8806
eval_samples_per_second = 251.502
