eval_accuracy = 0.47859999537467957
eval_loss = 1.3355109691619873
eval_mae = 0.6908
eval_runtime = 16.3029
eval_samples_per_second = 306.694
