eval_accuracy = 0.6003999710083008
eval_loss = 0.955376148223877
eval_mae = 0.4624
eval_runtime = 16.7818
eval_samples_per_second = 297.942
