eval_accuracy = 0.4862000048160553
eval_loss = 1.3521199226379395
eval_mae = 0.6668
eval_runtime = 18.5378
eval_samples_per_second = 269.72
