eval_accuracy = 0.5935999751091003
eval_loss = 1.006853699684143
eval_mae = 0.4676
eval_runtime = 17.2225
eval_samples_per_second = 290.319
