eval_accuracy = 0.5562000274658203
eval_loss = 1.0254162549972534
eval_mae = 0.5354
eval_runtime = 17.2567
eval_samples_per_second = 289.743
