eval_accuracy = 0.5595999956130981
eval_loss = 1.0801633596420288
eval_mae = 0.5298
eval_runtime = 33.2261
eval_samples_per_second = 150.484
