eval_accuracy = 0.5073999762535095
eval_loss = 1.2197091579437256
eval_mae = 0.6198
eval_runtime = 19.0828
eval_samples_per_second = 262.017
