eval_accuracy = 0.5005999803543091
eval_loss = 1.2280396223068237
eval_mae = 0.6032
eval_runtime = 18.3524
eval_samples_per_second = 272.444
