eval_accuracy = 0.6074000000953674
eval_loss = 0.9501873254776001
eval_mae = 0.4484
eval_runtime = 26.4908
eval_samples_per_second = 188.745
