eval_accuracy = 0.47519999742507935
eval_loss = 1.3325450420379639
eval_mae = 0.6944
eval_runtime = 17.0367
eval_samples_per_second = 293.484
