eval_accuracy = 0.5812000036239624
eval_loss = 1.0186998844146729
eval_mae = 0.4934
eval_runtime = 18.52
eval_samples_per_second = 269.979
