eval_accuracy = 0.5508000254631042
eval_loss = 1.1465933322906494
eval_mae = 0.5798
eval_runtime = 16.9205
eval_samples_per_second = 295.499
