eval_accuracy = 0.5702000260353088
eval_loss = 0.990653395652771
eval_mae = 0.5084
eval_runtime = 16.8852
eval_samples_per_second = 296.118
