eval_accuracy = 0.5989999771118164
eval_loss = 0.9558562636375427
eval_mae = 0.4642
eval_runtime = 17.2589
eval_samples_per_second = 289.706
