eval_accuracy = 0.5540000200271606
eval_loss = 1.080754280090332
eval_mae = 0.5664
eval_runtime = 19.8171
eval_samples_per_second = 252.308
