eval_accuracy = 0.5813999772071838
eval_loss = 0.9787794947624207
eval_mae = 0.4888
eval_runtime = 16.4418
eval_samples_per_second = 304.104
