eval_accuracy = 0.5293999910354614
eval_loss = 1.053909182548523
eval_mae = 0.5676
eval_runtime = 16.2531
eval_samples_per_second = 307.634
