eval_accuracy = 0.4986000061035156
eval_loss = 1.2297534942626953
eval_mae = 0.6046
eval_runtime = 18.3617
eval_samples_per_second = 272.306
