eval_accuracy = 0.5989999771118164
eval_loss = 0.9555968046188354
eval_mae = 0.464
eval_runtime = 17.2948
eval_samples_per_second = 289.104
