eval_accuracy = 0.5550000071525574
eval_loss = 1.0249050855636597
eval_mae = 0.5364
eval_runtime = 16.3048
eval_samples_per_second = 306.657
