eval_accuracy = 0.5938000082969666
eval_loss = 0.9496425986289978
eval_mae = 0.4596
eval_runtime = 19.3179
eval_samples_per_second = 258.827
