eval_accuracy = 0.6007999777793884
eval_loss = 0.9358243942260742
eval_mae = 0.455
eval_runtime = 16.3028
eval_samples_per_second = 306.696
