eval_accuracy = 0.46799999475479126
eval_loss = 1.3401646614074707
eval_mae = 0.6884
eval_runtime = 25.9042
eval_samples_per_second = 193.019
