eval_accuracy = 0.5703999996185303
eval_loss = 1.021514892578125
eval_mae = 0.5074
eval_runtime = 18.1149
eval_samples_per_second = 276.016
