eval_accuracy = 0.5613999962806702
eval_loss = 1.0454317331314087
eval_mae = 0.5078
eval_runtime = 18.0323
eval_samples_per_second = 277.28
