eval_accuracy = 0.5591999888420105
eval_loss = 1.0215212106704712
eval_mae = 0.5292
eval_runtime = 17.1141
eval_samples_per_second = 292.156
