eval_accuracy = 0.5925999879837036
eval_loss = 0.9604523181915283
eval_mae = 0.4836
eval_runtime = 17.5829
eval_samples_per_second = 284.366
