eval_accuracy = 0.5479999780654907
eval_loss = 1.0856870412826538
eval_mae = 0.541
eval_runtime = 21.6501
eval_samples_per_second = 230.945
