eval_accuracy = 0.6051999926567078
eval_loss = 0.9495159387588501
eval_mae = 0.451
eval_runtime = 18.7165
eval_samples_per_second = 267.143
