eval_accuracy = 0.5583999752998352
eval_loss = 1.0785661935806274
eval_mae = 0.5308
eval_runtime = 18.6474
eval_samples_per_second = 268.133
