eval_accuracy = 0.5809999704360962
eval_loss = 1.0121651887893677
eval_mae = 0.4806
eval_runtime = 17.4552
eval_samples_per_second = 286.448
