eval_accuracy = 0.49939998984336853
eval_loss = 1.2284703254699707
eval_mae = 0.6034
eval_runtime = 18.3964
eval_samples_per_second = 271.793
