eval_accuracy = 0.5008000135421753
eval_loss = 1.2286113500595093
eval_mae = 0.6024
eval_runtime = 18.3694
eval_samples_per_second = 272.192
