eval_accuracy = 0.6037999987602234
eval_loss = 0.950323224067688
eval_mae = 0.4554
eval_runtime = 19.3815
eval_samples_per_second = 257.978
