eval_accuracy = 0.6197999715805054
eval_loss = 0.9509069323539734
eval_mae = 0.4306
eval_runtime = 17.3516
eval_samples_per_second = 288.157
