eval_accuracy = 0.5896000266075134
eval_loss = 0.949246883392334
eval_mae = 0.4642
eval_runtime = 17.2328
eval_samples_per_second = 290.144
