eval_accuracy = 0.5753999948501587
eval_loss = 1.0061413049697876
eval_mae = 0.497
eval_runtime = 17.2353
eval_samples_per_second = 290.102
