eval_accuracy = 0.4675999879837036
eval_loss = 1.3385390043258667
eval_mae = 0.6898
eval_runtime = 24.8987
eval_samples_per_second = 200.813
