eval_accuracy = 0.5001999735832214
eval_loss = 1.1558626890182495
eval_mae = 0.5904
eval_runtime = 17.2514
eval_samples_per_second = 289.831
