eval_accuracy = 0.5699999928474426
eval_loss = 1.022269606590271
eval_mae = 0.5084
eval_runtime = 17.5333
eval_samples_per_second = 285.172
