eval_accuracy = 0.593999981880188
eval_loss = 0.9492186307907104
eval_mae = 0.4576
eval_runtime = 16.2273
eval_samples_per_second = 308.122
