eval_accuracy = 0.5478000044822693
eval_loss = 1.0860971212387085
eval_mae = 0.541
eval_runtime = 32.1132
eval_samples_per_second = 155.699
