eval_accuracy = 0.5001999735832214
eval_loss = 1.2419668436050415
eval_mae = 0.5954
eval_runtime = 19.5883
eval_samples_per_second = 255.254
