eval_accuracy = 0.5745999813079834
eval_loss = 1.0858465433120728
eval_mae = 0.511
eval_runtime = 17.0393
eval_samples_per_second = 293.439
