eval_accuracy = 0.45719999074935913
eval_loss = 1.3685996532440186
eval_mae = 0.7328
eval_runtime = 16.717
eval_samples_per_second = 299.097
