eval_accuracy = 0.5694000124931335
eval_loss = 1.0203622579574585
eval_mae = 0.5076
eval_runtime = 17.271
eval_samples_per_second = 289.502
