eval_accuracy = 0.6358000040054321
eval_loss = 0.8889037370681763
eval_mae = 0.4158
eval_runtime = 27.7606
eval_samples_per_second = 180.112
