eval_accuracy = 0.5482000112533569
eval_loss = 1.1440377235412598
eval_mae = 0.5828
eval_runtime = 17.3705
eval_samples_per_second = 287.845
