eval_accuracy = 0.5271999835968018
eval_loss = 1.0537419319152832
eval_mae = 0.5708
eval_runtime = 15.9312
eval_samples_per_second = 313.85
