eval_accuracy = 0.5684000253677368
eval_loss = 0.9903388619422913
eval_mae = 0.5086
eval_runtime = 16.9056
eval_samples_per_second = 295.76
