eval_accuracy = 0.5663999915122986
eval_loss = 1.0136829614639282
eval_mae = 0.5056
eval_runtime = 17.0962
eval_samples_per_second = 292.463
