eval_accuracy = 0.6014000177383423
eval_loss = 0.9358351826667786
eval_mae = 0.4546
eval_runtime = 17.0326
eval_samples_per_second = 293.555
