eval_accuracy = 0.5756000280380249
eval_loss = 1.0851893424987793
eval_mae = 0.5086
eval_runtime = 16.3933
eval_samples_per_second = 305.002
