eval_accuracy = 0.5613999962806702
eval_loss = 1.0440950393676758
eval_mae = 0.508
eval_runtime = 18.4677
eval_samples_per_second = 270.743
