eval_accuracy = 0.4749999940395355
eval_loss = 1.3431518077850342
eval_mae = 0.6948
eval_runtime = 16.9521
eval_samples_per_second = 294.949
