eval_accuracy = 0.5644000172615051
eval_loss = 1.0159406661987305
eval_mae = 0.508
eval_runtime = 17.0844
eval_samples_per_second = 292.664
