eval_accuracy = 0.483599990606308
eval_loss = 1.3513394594192505
eval_mae = 0.6718
eval_runtime = 18.3696
eval_samples_per_second = 272.189
