eval_accuracy = 0.5587999820709229
eval_loss = 1.0791364908218384
eval_mae = 0.5304
eval_runtime = 24.9213
eval_samples_per_second = 200.632
