eval_accuracy = 0.607200026512146
eval_loss = 0.9494248032569885
eval_mae = 0.4488
eval_runtime = 18.4547
eval_samples_per_second = 270.934
