eval_accuracy = 0.5559999942779541
eval_loss = 1.0251511335372925
eval_mae = 0.5352
eval_runtime = 17.4668
eval_samples_per_second = 286.258
