eval_accuracy = 0.5708000063896179
eval_loss = 0.9907349348068237
eval_mae = 0.5074
eval_runtime = 16.9999
eval_samples_per_second = 294.12
