eval_accuracy = 0.5813999772071838
eval_loss = 1.0186384916305542
eval_mae = 0.493
eval_runtime = 24.4906
eval_samples_per_second = 204.16
