eval_accuracy = 0.46860000491142273
eval_loss = 1.2954272031784058
eval_mae = 0.68
eval_runtime = 20.3726
eval_samples_per_second = 245.428
