eval_accuracy = 0.5533999800682068
eval_loss = 1.0216612815856934
eval_mae = 0.5342
eval_runtime = 17.4731
eval_samples_per_second = 286.154
