eval_accuracy = 0.4681999981403351
eval_loss = 1.2966091632843018
eval_mae = 0.6812
eval_runtime = 22.9843
eval_samples_per_second = 217.54
