eval_accuracy = 0.5898000001907349
eval_loss = 0.9480697512626648
eval_mae = 0.464
eval_runtime = 17.3585
eval_samples_per_second = 288.043
