eval_accuracy = 0.5727999806404114
eval_loss = 0.9886974692344666
eval_mae = 0.5042
eval_runtime = 16.1396
eval_samples_per_second = 309.798
