eval_accuracy = 0.5058000087738037
eval_loss = 1.1744723320007324
eval_mae = 0.59
eval_runtime = 17.2193
eval_samples_per_second = 290.372
