eval_accuracy = 0.47200000286102295
eval_loss = 1.3475033044815063
eval_mae = 0.6884
eval_runtime = 16.6517
eval_samples_per_second = 300.27
