eval_accuracy = 0.5766000151634216
eval_loss = 1.0853737592697144
eval_mae = 0.5082
eval_runtime = 16.4402
eval_samples_per_second = 304.133
