eval_accuracy = 0.5812000036239624
eval_loss = 1.0174952745437622
eval_mae = 0.4932
eval_runtime = 35.5773
eval_samples_per_second = 140.539
