eval_accuracy = 0.5708000063896179
eval_loss = 0.9910017848014832
eval_mae = 0.5074
eval_runtime = 16.9581
eval_samples_per_second = 294.844
