eval_accuracy = 0.5830000042915344
eval_loss = 0.9792100787162781
eval_mae = 0.4876
eval_runtime = 17.3935
eval_samples_per_second = 287.463
