eval_accuracy = 0.5564000010490417
eval_loss = 1.062626600265503
eval_mae = 0.5224
eval_runtime = 18.4105
eval_samples_per_second = 271.584
