eval_accuracy = 0.5555999875068665
eval_loss = 1.0796549320220947
eval_mae = 0.565
eval_runtime = 18.4616
eval_samples_per_second = 270.832
