eval_accuracy = 0.4575999975204468
eval_loss = 1.3667700290679932
eval_mae = 0.7316
eval_runtime = 16.3969
eval_samples_per_second = 304.936
