eval_accuracy = 0.4970000088214874
eval_loss = 1.2385501861572266
eval_mae = 0.6058
eval_runtime = 18.3884
eval_samples_per_second = 271.91
