eval_accuracy = 0.5996000170707703
eval_loss = 0.955512523651123
eval_mae = 0.4632
eval_runtime = 17.4614
eval_samples_per_second = 286.346
