eval_accuracy = 0.5996000170707703
eval_loss = 0.9553924798965454
eval_mae = 0.4636
eval_runtime = 16.6747
eval_samples_per_second = 299.856
