eval_accuracy = 0.4821999967098236
eval_loss = 1.3523929119110107
eval_mae = 0.6726
eval_runtime = 18.3801
eval_samples_per_second = 272.033
