eval_accuracy = 0.4681999981403351
eval_loss = 1.2967665195465088
eval_mae = 0.6814
eval_runtime = 25.9203
eval_samples_per_second = 192.899
