eval_accuracy = 0.5595999956130981
eval_loss = 1.0810184478759766
eval_mae = 0.5326
eval_runtime = 18.6226
eval_samples_per_second = 268.491
