eval_accuracy = 0.5637999773025513
eval_loss = 1.0135449171066284
eval_mae = 0.5088
eval_runtime = 17.0479
eval_samples_per_second = 293.29
