eval_accuracy = 0.46779999136924744
eval_loss = 1.2956421375274658
eval_mae = 0.6814
eval_runtime = 30.908
eval_samples_per_second = 161.77
