eval_accuracy = 0.5956000089645386
eval_loss = 1.0058687925338745
eval_mae = 0.4652
eval_runtime = 17.2032
eval_samples_per_second = 290.644
