eval_accuracy = 0.5928000211715698
eval_loss = 0.9605154395103455
eval_mae = 0.4824
eval_runtime = 17.2813
eval_samples_per_second = 289.33
