eval_accuracy = 0.5012000203132629
eval_loss = 1.2275820970535278
eval_mae = 0.601
eval_runtime = 18.3448
eval_samples_per_second = 272.557
