eval_accuracy = 0.526199996471405
eval_loss = 1.0538190603256226
eval_mae = 0.5734
eval_runtime = 15.9351
eval_samples_per_second = 313.773
