eval_accuracy = 0.4837999939918518
eval_loss = 1.351011872291565
eval_mae = 0.67
eval_runtime = 18.0858
eval_samples_per_second = 276.46
