eval_accuracy = 0.4837999939918518
eval_loss = 1.3525736331939697
eval_mae = 0.6704
eval_runtime = 19.4945
eval_samples_per_second = 256.483
