eval_accuracy = 0.5906000137329102
eval_loss = 0.9481298923492432
eval_mae = 0.4634
eval_runtime = 16.5599
eval_samples_per_second = 301.934
