eval_accuracy = 0.4968000054359436
eval_loss = 1.2385618686676025
eval_mae = 0.6478
eval_runtime = 34.1503
eval_samples_per_second = 146.412
