eval_accuracy = 0.45680001378059387
eval_loss = 1.3679465055465698
eval_mae = 0.733
eval_runtime = 17.5689
eval_samples_per_second = 284.594
