eval_accuracy = 0.5709999799728394
eval_loss = 0.9909263849258423
eval_mae = 0.5084
eval_runtime = 17.1461
eval_samples_per_second = 291.612
