eval_accuracy = 0.5812000036239624
eval_loss = 1.0182256698608398
eval_mae = 0.4934
eval_runtime = 20.5057
eval_samples_per_second = 243.835
