eval_accuracy = 0.46779999136924744
eval_loss = 1.3392990827560425
eval_mae = 0.6888
eval_runtime = 18.3924
eval_samples_per_second = 271.852
