eval_accuracy = 0.5004000067710876
eval_loss = 1.180879831314087
eval_mae = 0.5954
eval_runtime = 17.4033
eval_samples_per_second = 287.302
