eval_accuracy = 0.501800000667572
eval_loss = 1.1760728359222412
eval_mae = 0.5934
eval_runtime = 17.3844
eval_samples_per_second = 287.614
