eval_accuracy = 0.5580000281333923
eval_loss = 1.0628494024276733
eval_mae = 0.5194
eval_runtime = 18.3416
eval_samples_per_second = 272.604
