eval_accuracy = 0.5917999744415283
eval_loss = 0.9481650590896606
eval_mae = 0.4708
eval_runtime = 18.3072
eval_samples_per_second = 273.116
