eval_accuracy = 0.5911999940872192
eval_loss = 0.9475646615028381
eval_mae = 0.4614
eval_runtime = 16.6004
eval_samples_per_second = 301.197
