eval_accuracy = 0.4564000070095062
eval_loss = 1.3691555261611938
eval_mae = 0.7316
eval_runtime = 16.6467
eval_samples_per_second = 300.361
