eval_accuracy = 0.5612000226974487
eval_loss = 1.044759750366211
eval_mae = 0.5096
eval_runtime = 18.5497
eval_samples_per_second = 269.546
