eval_accuracy = 0.5934000015258789
eval_loss = 1.006813645362854
eval_mae = 0.4682
eval_runtime = 17.2327
eval_samples_per_second = 290.146
