eval_accuracy = 0.5558000206947327
eval_loss = 1.08028244972229
eval_mae = 0.5652
eval_runtime = 19.1059
eval_samples_per_second = 261.699
