eval_accuracy = 0.5594000220298767
eval_loss = 1.078377366065979
eval_mae = 0.5608
eval_runtime = 18.1555
eval_samples_per_second = 275.398
