eval_accuracy = 0.592199981212616
eval_loss = 0.9477840065956116
eval_mae = 0.4702
eval_runtime = 20.7129
eval_samples_per_second = 241.396
