eval_accuracy = 0.45719999074935913
eval_loss = 1.3684871196746826
eval_mae = 0.7312
eval_runtime = 16.727
eval_samples_per_second = 298.918
