eval_accuracy = 0.592199981212616
eval_loss = 0.9479256868362427
eval_mae = 0.4704
eval_runtime = 18.7901
eval_samples_per_second = 266.097
