eval_accuracy = 0.4729999899864197
eval_loss = 1.348129153251648
eval_mae = 0.689
eval_runtime = 17.2923
eval_samples_per_second = 289.146
