eval_accuracy = 0.569599986076355
eval_loss = 1.0093013048171997
eval_mae = 0.502
eval_runtime = 17.1681
eval_samples_per_second = 291.238
