eval_accuracy = 0.593999981880188
eval_loss = 1.0065281391143799
eval_mae = 0.4674
eval_runtime = 17.2754
eval_samples_per_second = 289.429
