eval_accuracy = 0.5928000211715698
eval_loss = 0.9492383003234863
eval_mae = 0.46
eval_runtime = 17.1878
eval_samples_per_second = 290.905
