eval_accuracy = 0.4819999933242798
eval_loss = 1.3542386293411255
eval_mae = 0.672
eval_runtime = 18.9903
eval_samples_per_second = 263.292
