eval_accuracy = 0.5619999766349792
eval_loss = 1.0451149940490723
eval_mae = 0.5074
eval_runtime = 18.3897
eval_samples_per_second = 271.892
