eval_accuracy = 0.5809999704360962
eval_loss = 1.0209887027740479
eval_mae = 0.4816
eval_runtime = 18.1121
eval_samples_per_second = 276.058
