eval_accuracy = 0.6363999843597412
eval_loss = 0.8902081251144409
eval_mae = 0.4148
eval_runtime = 19.3877
eval_samples_per_second = 257.896
