eval_accuracy = 0.5285999774932861
eval_loss = 1.054334044456482
eval_mae = 0.5694
eval_runtime = 16.9719
eval_samples_per_second = 294.605
