eval_accuracy = 0.4747999906539917
eval_loss = 1.3453134298324585
eval_mae = 0.6944
eval_runtime = 17.1626
eval_samples_per_second = 291.331
