eval_accuracy = 0.5546000003814697
eval_loss = 1.0239593982696533
eval_mae = 0.5358
eval_runtime = 17.4279
eval_samples_per_second = 286.897
