eval_accuracy = 0.5794000029563904
eval_loss = 1.0114353895187378
eval_mae = 0.4828
eval_runtime = 16.3175
eval_samples_per_second = 306.42
