eval_accuracy = 0.5803999900817871
eval_loss = 1.011728286743164
eval_mae = 0.4812
eval_runtime = 16.79
eval_samples_per_second = 297.797
