eval_accuracy = 0.6197999715805054
eval_loss = 0.9536138772964478
eval_mae = 0.431
eval_runtime = 17.4438
eval_samples_per_second = 286.635
