eval_accuracy = 0.5297999978065491
eval_loss = 1.0517734289169312
eval_mae = 0.5672
eval_runtime = 16.1205
eval_samples_per_second = 310.164
