eval_accuracy = 0.5450000166893005
eval_loss = 1.0290470123291016
eval_mae = 0.5406
eval_runtime = 16.7285
eval_samples_per_second = 298.892
