eval_accuracy = 0.5618000030517578
eval_loss = 1.0455163717269897
eval_mae = 0.5076
eval_runtime = 18.1167
eval_samples_per_second = 275.988
