eval_accuracy = 0.4997999966144562
eval_loss = 1.2290228605270386
eval_mae = 0.6022
eval_runtime = 17.7231
eval_samples_per_second = 282.118
