eval_accuracy = 0.5722000002861023
eval_loss = 1.085881233215332
eval_mae = 0.5164
eval_runtime = 16.075
eval_samples_per_second = 311.042
