eval_accuracy = 0.5803999900817871
eval_loss = 1.0110681056976318
eval_mae = 0.4812
eval_runtime = 17.3308
eval_samples_per_second = 288.504
