eval_accuracy = 0.4997999966144562
eval_loss = 1.241997480392456
eval_mae = 0.5958
eval_runtime = 19.284
eval_samples_per_second = 259.282
