eval_accuracy = 0.49639999866485596
eval_loss = 1.2396973371505737
eval_mae = 0.648
eval_runtime = 19.3708
eval_samples_per_second = 258.121
