eval_accuracy = 0.4397999942302704
eval_loss = 1.4434605836868286
eval_mae = 0.7288
eval_runtime = 21.5638
eval_samples_per_second = 231.87
