eval_accuracy = 0.5799999833106995
eval_loss = 1.0117805004119873
eval_mae = 0.4814
eval_runtime = 17.6462
eval_samples_per_second = 283.347
