eval_accuracy = 0.5031999945640564
eval_loss = 1.178831696510315
eval_mae = 0.5914
eval_runtime = 17.5053
eval_samples_per_second = 285.627
