eval_accuracy = 0.4957999885082245
eval_loss = 1.2446842193603516
eval_mae = 0.6478
eval_runtime = 25.3657
eval_samples_per_second = 197.117
