eval_accuracy = 0.526199996471405
eval_loss = 1.0536445379257202
eval_mae = 0.5712
eval_runtime = 16.5221
eval_samples_per_second = 302.625
