eval_accuracy = 0.47540000081062317
eval_loss = 1.343307375907898
eval_mae = 0.6942
eval_runtime = 16.3331
eval_samples_per_second = 306.127
