eval_accuracy = 0.5776000022888184
eval_loss = 1.0120203495025635
eval_mae = 0.485
eval_runtime = 16.5641
eval_samples_per_second = 301.859
