eval_accuracy = 0.48100000619888306
eval_loss = 1.3921289443969727
eval_mae = 0.6736
eval_runtime = 24.579
eval_samples_per_second = 203.425
