eval_accuracy = 0.526199996471405
eval_loss = 1.0526453256607056
eval_mae = 0.5702
eval_runtime = 16.3004
eval_samples_per_second = 306.74
