eval_accuracy = 0.5001999735832214
eval_loss = 1.2283375263214111
eval_mae = 0.6028
eval_runtime = 18.4813
eval_samples_per_second = 270.544
