eval_accuracy = 0.46779999136924744
eval_loss = 1.3412419557571411
eval_mae = 0.6894
eval_runtime = 20.9214
eval_samples_per_second = 238.99
