eval_accuracy = 0.5932000279426575
eval_loss = 0.9602646231651306
eval_mae = 0.482
eval_runtime = 17.3604
eval_samples_per_second = 288.012
