eval_accuracy = 0.5022000074386597
eval_loss = 1.1779805421829224
eval_mae = 0.5918
eval_runtime = 17.395
eval_samples_per_second = 287.44
