eval_accuracy = 0.5699999928474426
eval_loss = 1.019096851348877
eval_mae = 0.5088
eval_runtime = 17.2543
eval_samples_per_second = 289.782
