eval_accuracy = 0.5788000226020813
eval_loss = 1.0263360738754272
eval_mae = 0.484
eval_runtime = 17.5738
eval_samples_per_second = 284.514
