eval_accuracy = 0.6377999782562256
eval_loss = 0.8887822031974792
eval_mae = 0.4134
eval_runtime = 19.2022
eval_samples_per_second = 260.386
