eval_accuracy = 0.5654000043869019
eval_loss = 1.0149575471878052
eval_mae = 0.5076
eval_runtime = 16.9806
eval_samples_per_second = 294.454
