eval_accuracy = 0.5888000130653381
eval_loss = 0.9496558308601379
eval_mae = 0.4652
eval_runtime = 16.5209
eval_samples_per_second = 302.647
