eval_accuracy = 0.6015999913215637
eval_loss = 0.9354651570320129
eval_mae = 0.4544
eval_runtime = 17.0761
eval_samples_per_second = 292.807
