eval_accuracy = 0.5541999936103821
eval_loss = 1.0249723196029663
eval_mae = 0.5374
eval_runtime = 17.3019
eval_samples_per_second = 288.986
