eval_accuracy = 0.5709999799728394
eval_loss = 1.0197312831878662
eval_mae = 0.5052
eval_runtime = 17.3679
eval_samples_per_second = 287.888
