eval_accuracy = 0.46860000491142273
eval_loss = 1.2961608171463013
eval_mae = 0.6816
eval_runtime = 29.9248
eval_samples_per_second = 167.085
