eval_accuracy = 0.6039999723434448
eval_loss = 0.9440348744392395
eval_mae = 0.4576
eval_runtime = 17.2713
eval_samples_per_second = 289.498
