eval_accuracy = 0.5809999704360962
eval_loss = 0.9788082242012024
eval_mae = 0.4892
eval_runtime = 16.6742
eval_samples_per_second = 299.864
