eval_accuracy = 0.5812000036239624
eval_loss = 1.0188931226730347
eval_mae = 0.4936
eval_runtime = 19.9157
eval_samples_per_second = 251.058
