eval_accuracy = 0.5465999841690063
eval_loss = 1.1480733156204224
eval_mae = 0.5834
eval_runtime = 17.3997
eval_samples_per_second = 287.361
