eval_accuracy = 0.5608000159263611
eval_loss = 1.0466481447219849
eval_mae = 0.5098
eval_runtime = 18.5108
eval_samples_per_second = 270.112
