eval_accuracy = 0.49720001220703125
eval_loss = 1.2385179996490479
eval_mae = 0.6472
eval_runtime = 27.3007
eval_samples_per_second = 183.145
