eval_accuracy = 0.5558000206947327
eval_loss = 1.080153465270996
eval_mae = 0.5658
eval_runtime = 23.0948
eval_samples_per_second = 216.499
