eval_accuracy = 0.49799999594688416
eval_loss = 1.2364453077316284
eval_mae = 0.6452
eval_runtime = 18.7383
eval_samples_per_second = 266.833
