eval_accuracy = 0.5281999707221985
eval_loss = 1.0534913539886475
eval_mae = 0.5688
eval_runtime = 16.285
eval_samples_per_second = 307.031
