eval_accuracy = 0.5565999746322632
eval_loss = 1.0796345472335815
eval_mae = 0.5648
eval_runtime = 35.437
eval_samples_per_second = 141.095
