eval_accuracy = 0.592199981212616
eval_loss = 0.9478318095207214
eval_mae = 0.4702
eval_runtime = 22.4084
eval_samples_per_second = 223.131
