eval_accuracy = 0.574400007724762
eval_loss = 1.0847872495651245
eval_mae = 0.511
eval_runtime = 16.9635
eval_samples_per_second = 294.751
