eval_accuracy = 0.49959999322891235
eval_loss = 1.2256309986114502
eval_mae = 0.6034
eval_runtime = 19.7604
eval_samples_per_second = 253.031
