eval_accuracy = 0.6362000107765198
eval_loss = 0.8895237445831299
eval_mae = 0.4148
eval_runtime = 20.1835
eval_samples_per_second = 247.727
