eval_accuracy = 0.5267999768257141
eval_loss = 1.051317572593689
eval_mae = 0.5692
eval_runtime = 16.4338
eval_samples_per_second = 304.25
