eval_accuracy = 0.548799991607666
eval_loss = 1.1472580432891846
eval_mae = 0.5822
eval_runtime = 16.9166
eval_samples_per_second = 295.568
