eval_accuracy = 0.48260000348091125
eval_loss = 1.3544608354568481
eval_mae = 0.673
eval_runtime = 18.4978
eval_samples_per_second = 270.303
