eval_accuracy = 0.5054000020027161
eval_loss = 1.2417280673980713
eval_mae = 0.5898
eval_runtime = 27.2654
eval_samples_per_second = 183.382
