eval_accuracy = 0.603600025177002
eval_loss = 0.9471435546875
eval_mae = 0.4568
eval_runtime = 17.2213
eval_samples_per_second = 290.338
