eval_accuracy = 0.4984000027179718
eval_loss = 1.2289719581604004
eval_mae = 0.6046
eval_runtime = 18.4916
eval_samples_per_second = 270.393
