eval_accuracy = 0.46799999475479126
eval_loss = 1.3392493724822998
eval_mae = 0.6886
eval_runtime = 23.4412
eval_samples_per_second = 213.299
