eval_accuracy = 0.579800009727478
eval_loss = 1.0181398391723633
eval_mae = 0.4954
eval_runtime = 23.4504
eval_samples_per_second = 213.216
