eval_accuracy = 0.5443999767303467
eval_loss = 1.030332088470459
eval_mae = 0.5402
eval_runtime = 16.5276
eval_samples_per_second = 302.524
