eval_accuracy = 0.5041999816894531
eval_loss = 1.1764050722122192
eval_mae = 0.5912
eval_runtime = 17.3778
eval_samples_per_second = 287.724
