eval_accuracy = 0.579200029373169
eval_loss = 1.018548607826233
eval_mae = 0.4828
eval_runtime = 16.8605
eval_samples_per_second = 296.552
