eval_accuracy = 0.5756000280380249
eval_loss = 1.0844860076904297
eval_mae = 0.5106
eval_runtime = 16.418
eval_samples_per_second = 304.543
