eval_accuracy = 0.5655999779701233
eval_loss = 1.0150620937347412
eval_mae = 0.507
eval_runtime = 16.2951
eval_samples_per_second = 306.84
