eval_accuracy = 0.5473999977111816
eval_loss = 1.085363507270813
eval_mae = 0.541
eval_runtime = 19.5174
eval_samples_per_second = 256.182
