eval_accuracy = 0.6047999858856201
eval_loss = 0.9461953043937683
eval_mae = 0.4572
eval_runtime = 17.1862
eval_samples_per_second = 290.93
