eval_accuracy = 0.5482000112533569
eval_loss = 1.147202968597412
eval_mae = 0.5834
eval_runtime = 17.4291
eval_samples_per_second = 286.877
