eval_accuracy = 0.579800009727478
eval_loss = 1.0173009634017944
eval_mae = 0.4824
eval_runtime = 17.3953
eval_samples_per_second = 287.433
