eval_accuracy = 0.4966000020503998
eval_loss = 1.2379230260849
eval_mae = 0.647
eval_runtime = 20.9395
eval_samples_per_second = 238.783
