eval_accuracy = 0.4674000144004822
eval_loss = 1.294329285621643
eval_mae = 0.6818
eval_runtime = 18.407
eval_samples_per_second = 271.636
