eval_accuracy = 0.5821999907493591
eval_loss = 0.9800089597702026
eval_mae = 0.4874
eval_runtime = 17.4708
eval_samples_per_second = 286.192
