eval_accuracy = 0.5694000124931335
eval_loss = 0.9908202886581421
eval_mae = 0.5088
eval_runtime = 15.8847
eval_samples_per_second = 314.768
