eval_accuracy = 0.598800003528595
eval_loss = 0.9564340710639954
eval_mae = 0.466
eval_runtime = 17.3195
eval_samples_per_second = 288.692
