eval_accuracy = 0.5917999744415283
eval_loss = 0.9614874124526978
eval_mae = 0.4844
eval_runtime = 17.4212
eval_samples_per_second = 287.007
