eval_accuracy = 0.5698000192642212
eval_loss = 1.0212351083755493
eval_mae = 0.5082
eval_runtime = 16.6317
eval_samples_per_second = 300.631
