eval_accuracy = 0.49959999322891235
eval_loss = 1.2422759532928467
eval_mae = 0.5962
eval_runtime = 28.4711
eval_samples_per_second = 175.617
