eval_accuracy = 0.5475999712944031
eval_loss = 1.0862064361572266
eval_mae = 0.5412
eval_runtime = 23.2988
eval_samples_per_second = 214.603
