eval_accuracy = 0.5942000150680542
eval_loss = 0.9594767689704895
eval_mae = 0.4818
eval_runtime = 17.5192
eval_samples_per_second = 285.4
