eval_accuracy = 0.4675999879837036
eval_loss = 1.2970330715179443
eval_mae = 0.6818
eval_runtime = 19.977
eval_samples_per_second = 250.288
