eval_accuracy = 0.4975999891757965
eval_loss = 1.1553949117660522
eval_mae = 0.592
eval_runtime = 17.3485
eval_samples_per_second = 288.21
