eval_accuracy = 0.5899999737739563
eval_loss = 0.9479985237121582
eval_mae = 0.4724
eval_runtime = 18.3175
eval_samples_per_second = 272.963
