eval_accuracy = 0.5062000155448914
eval_loss = 1.2294621467590332
eval_mae = 0.6218
eval_runtime = 18.9723
eval_samples_per_second = 263.542
