eval_accuracy = 0.5479999780654907
eval_loss = 1.0858759880065918
eval_mae = 0.5404
eval_runtime = 32.6894
eval_samples_per_second = 152.955
