eval_accuracy = 0.5608000159263611
eval_loss = 1.079015851020813
eval_mae = 0.5302
eval_runtime = 26.2707
eval_samples_per_second = 190.326
