eval_accuracy = 0.47620001435279846
eval_loss = 1.3407567739486694
eval_mae = 0.6958
eval_runtime = 16.9915
eval_samples_per_second = 294.265
