eval_accuracy = 0.5045999884605408
eval_loss = 1.1770827770233154
eval_mae = 0.5934
eval_runtime = 17.2986
eval_samples_per_second = 289.04
