eval_accuracy = 0.5483999848365784
eval_loss = 1.1469067335128784
eval_mae = 0.582
eval_runtime = 17.4241
eval_samples_per_second = 286.958
