eval_accuracy = 0.6000000238418579
eval_loss = 0.9557154178619385
eval_mae = 0.4632
eval_runtime = 17.2915
eval_samples_per_second = 289.16
