eval_accuracy = 0.5654000043869019
eval_loss = 1.0141326189041138
eval_mae = 0.507
eval_runtime = 16.9872
eval_samples_per_second = 294.339
