eval_accuracy = 0.5809999704360962
eval_loss = 1.0179942846298218
eval_mae = 0.4944
eval_runtime = 18.7327
eval_samples_per_second = 266.912
