eval_accuracy = 0.5658000111579895
eval_loss = 1.0145822763442993
eval_mae = 0.5064
eval_runtime = 16.3267
eval_samples_per_second = 306.248
