eval_accuracy = 0.501800000667572
eval_loss = 1.1559866666793823
eval_mae = 0.5888
eval_runtime = 17.3016
eval_samples_per_second = 288.99
