eval_accuracy = 0.5447999835014343
eval_loss = 1.0302023887634277
eval_mae = 0.5402
eval_runtime = 17.4378
eval_samples_per_second = 286.733
