eval_accuracy = 0.6051999926567078
eval_loss = 0.9518482685089111
eval_mae = 0.4496
eval_runtime = 20.6199
eval_samples_per_second = 242.484
