eval_accuracy = 0.5654000043869019
eval_loss = 1.0146729946136475
eval_mae = 0.5076
eval_runtime = 17.1805
eval_samples_per_second = 291.028
