eval_accuracy = 0.5564000010490417
eval_loss = 1.0239731073379517
eval_mae = 0.5336
eval_runtime = 17.3373
eval_samples_per_second = 288.396
