eval_accuracy = 0.4941999912261963
eval_loss = 1.2405363321304321
eval_mae = 0.652
eval_runtime = 17.8518
eval_samples_per_second = 280.084
