eval_accuracy = 0.46540001034736633
eval_loss = 1.341049075126648
eval_mae = 0.6916
eval_runtime = 18.8563
eval_samples_per_second = 265.163
