eval_accuracy = 0.5490000247955322
eval_loss = 1.1475101709365845
eval_mae = 0.5824
eval_runtime = 17.342
eval_samples_per_second = 288.317
