eval_accuracy = 0.5493999719619751
eval_loss = 1.1476324796676636
eval_mae = 0.5814
eval_runtime = 17.3885
eval_samples_per_second = 287.546
