eval_accuracy = 0.48240000009536743
eval_loss = 1.3492828607559204
eval_mae = 0.6708
eval_runtime = 18.2423
eval_samples_per_second = 274.089
