eval_accuracy = 0.5013999938964844
eval_loss = 1.1548048257827759
eval_mae = 0.5886
eval_runtime = 17.2579
eval_samples_per_second = 289.722
