eval_accuracy = 0.5907999873161316
eval_loss = 0.949880063533783
eval_mae = 0.4722
eval_runtime = 19.5008
eval_samples_per_second = 256.4
