eval_accuracy = 0.4803999960422516
eval_loss = 1.3910627365112305
eval_mae = 0.6742
eval_runtime = 21.4345
eval_samples_per_second = 233.269
