eval_accuracy = 0.5275999903678894
eval_loss = 1.0549960136413574
eval_mae = 0.5698
eval_runtime = 16.9116
eval_samples_per_second = 295.655
