eval_accuracy = 0.5583999752998352
eval_loss = 1.0785260200500488
eval_mae = 0.531
eval_runtime = 20.6763
eval_samples_per_second = 241.822
