eval_accuracy = 0.5450000166893005
eval_loss = 1.029930830001831
eval_mae = 0.54
eval_runtime = 17.4085
eval_samples_per_second = 287.216
