eval_accuracy = 0.6208000183105469
eval_loss = 0.9505921602249146
eval_mae = 0.4282
eval_runtime = 17.4386
eval_samples_per_second = 286.72
