eval_accuracy = 0.48240000009536743
eval_loss = 1.3532593250274658
eval_mae = 0.672
eval_runtime = 19.1755
eval_samples_per_second = 260.749
