eval_accuracy = 0.5590000152587891
eval_loss = 1.0461132526397705
eval_mae = 0.5092
eval_runtime = 18.4742
eval_samples_per_second = 270.647
