eval_accuracy = 0.576200008392334
eval_loss = 1.0047894716262817
eval_mae = 0.4946
eval_runtime = 17.1342
eval_samples_per_second = 291.813
