eval_accuracy = 0.5067999958992004
eval_loss = 1.2285741567611694
eval_mae = 0.6212
eval_runtime = 18.8684
eval_samples_per_second = 264.993
