eval_accuracy = 0.49720001220703125
eval_loss = 1.2296582460403442
eval_mae = 0.6452
eval_runtime = 19.8551
eval_samples_per_second = 251.824
