eval_accuracy = 0.5794000029563904
eval_loss = 1.0180408954620361
eval_mae = 0.4834
eval_runtime = 16.728
eval_samples_per_second = 298.9
