eval_accuracy = 0.5898000001907349
eval_loss = 0.9492077827453613
eval_mae = 0.4636
eval_runtime = 16.5079
eval_samples_per_second = 302.885
