eval_accuracy = 0.6011999845504761
eval_loss = 0.9565567374229431
eval_mae = 0.4618
eval_runtime = 17.3233
eval_samples_per_second = 288.629
