eval_accuracy = 0.5806000232696533
eval_loss = 0.9786837697029114
eval_mae = 0.4896
eval_runtime = 17.3233
eval_samples_per_second = 288.628
