eval_accuracy = 0.5745999813079834
eval_loss = 1.0070260763168335
eval_mae = 0.4972
eval_runtime = 16.3037
eval_samples_per_second = 306.679
