eval_accuracy = 0.5559999942779541
eval_loss = 1.0802555084228516
eval_mae = 0.5652
eval_runtime = 29.077
eval_samples_per_second = 171.957
