eval_accuracy = 0.6371999979019165
eval_loss = 0.8906484246253967
eval_mae = 0.4138
eval_runtime = 19.5892
eval_samples_per_second = 255.242
