eval_accuracy = 0.5748000144958496
eval_loss = 1.006345510482788
eval_mae = 0.4966
eval_runtime = 17.3799
eval_samples_per_second = 287.688
