eval_accuracy = 0.5649999976158142
eval_loss = 1.0154829025268555
eval_mae = 0.5076
eval_runtime = 17.0194
eval_samples_per_second = 293.782
