eval_accuracy = 0.4747999906539917
eval_loss = 1.3419331312179565
eval_mae = 0.6944
eval_runtime = 16.8499
eval_samples_per_second = 296.737
