eval_accuracy = 0.5992000102996826
eval_loss = 0.9554535150527954
eval_mae = 0.464
eval_runtime = 17.3328
eval_samples_per_second = 288.471
