eval_accuracy = 0.5482000112533569
eval_loss = 1.0855774879455566
eval_mae = 0.5396
eval_runtime = 30.554
eval_samples_per_second = 163.645
