eval_accuracy = 0.5830000042915344
eval_loss = 0.9777243137359619
eval_mae = 0.4856
eval_runtime = 16.9348
eval_samples_per_second = 295.251
