eval_accuracy = 0.5698000192642212
eval_loss = 1.0214323997497559
eval_mae = 0.5082
eval_runtime = 16.3503
eval_samples_per_second = 305.804
