eval_accuracy = 0.6018000245094299
eval_loss = 0.9357755780220032
eval_mae = 0.4538
eval_runtime = 16.489
eval_samples_per_second = 303.233
