eval_accuracy = 0.4578000009059906
eval_loss = 1.3665218353271484
eval_mae = 0.7314
eval_runtime = 17.2341
eval_samples_per_second = 290.122
