eval_accuracy = 0.5799999833106995
eval_loss = 1.0112546682357788
eval_mae = 0.4826
eval_runtime = 17.3043
eval_samples_per_second = 288.946
