eval_accuracy = 0.5573999881744385
eval_loss = 1.0241966247558594
eval_mae = 0.5336
eval_runtime = 17.2127
eval_samples_per_second = 290.483
