eval_accuracy = 0.4681999981403351
eval_loss = 1.2967547178268433
eval_mae = 0.6812
eval_runtime = 28.204
eval_samples_per_second = 177.28
