eval_accuracy = 0.5085999965667725
eval_loss = 1.223806619644165
eval_mae = 0.6188
eval_runtime = 20.4512
eval_samples_per_second = 244.485
