eval_accuracy = 0.4749999940395355
eval_loss = 1.3431309461593628
eval_mae = 0.6942
eval_runtime = 17.0578
eval_samples_per_second = 293.121
