eval_accuracy = 0.5586000084877014
eval_loss = 1.0786126852035522
eval_mae = 0.5308
eval_runtime = 31.6776
eval_samples_per_second = 157.84
