eval_accuracy = 0.4970000088214874
eval_loss = 1.2389782667160034
eval_mae = 0.6472
eval_runtime = 32.5607
eval_samples_per_second = 153.559
