eval_accuracy = 0.5072000026702881
eval_loss = 1.2265998125076294
eval_mae = 0.6192
eval_runtime = 27.8183
eval_samples_per_second = 179.738
