eval_accuracy = 0.5929999947547913
eval_loss = 0.9477724432945251
eval_mae = 0.469
eval_runtime = 18.669
eval_samples_per_second = 267.824
