eval_accuracy = 0.5246000289916992
eval_loss = 1.0517412424087524
eval_mae = 0.572
eval_runtime = 17.2275
eval_samples_per_second = 290.234
