eval_accuracy = 0.43799999356269836
eval_loss = 1.4433246850967407
eval_mae = 0.731
eval_runtime = 25.1311
eval_samples_per_second = 198.956
