eval_accuracy = 0.571399986743927
eval_loss = 0.9908349514007568
eval_mae = 0.5068
eval_runtime = 16.0959
eval_samples_per_second = 310.638
