eval_accuracy = 0.5925999879837036
eval_loss = 0.9615287184715271
eval_mae = 0.484
eval_runtime = 17.3869
eval_samples_per_second = 287.572
