eval_accuracy = 0.58160001039505
eval_loss = 0.9786896705627441
eval_mae = 0.4888
eval_runtime = 17.3453
eval_samples_per_second = 288.263
