eval_accuracy = 0.5830000042915344
eval_loss = 0.9779787063598633
eval_mae = 0.4856
eval_runtime = 17.2852
eval_samples_per_second = 289.265
