eval_accuracy = 0.4674000144004822
eval_loss = 1.3393824100494385
eval_mae = 0.6892
eval_runtime = 18.326
eval_samples_per_second = 272.837
