eval_accuracy = 0.6018000245094299
eval_loss = 0.9358537197113037
eval_mae = 0.454
eval_runtime = 17.0656
eval_samples_per_second = 292.988
