eval_accuracy = 0.5450000166893005
eval_loss = 1.029640793800354
eval_mae = 0.5402
eval_runtime = 17.5961
eval_samples_per_second = 284.154
