eval_accuracy = 0.5001999735832214
eval_loss = 1.2258081436157227
eval_mae = 0.6022
eval_runtime = 18.3425
eval_samples_per_second = 272.591
