eval_accuracy = 0.475600004196167
eval_loss = 1.3433128595352173
eval_mae = 0.6924
eval_runtime = 16.3589
eval_samples_per_second = 305.643
