eval_accuracy = 0.5651999711990356
eval_loss = 1.0146714448928833
eval_mae = 0.5072
eval_runtime = 16.9847
eval_samples_per_second = 294.382
