eval_accuracy = 0.5562000274658203
eval_loss = 1.0803464651107788
eval_mae = 0.565
eval_runtime = 24.8505
eval_samples_per_second = 201.203
