eval_accuracy = 0.5562000274658203
eval_loss = 1.0650231838226318
eval_mae = 0.5236
eval_runtime = 18.3028
eval_samples_per_second = 273.182
