eval_accuracy = 0.5005999803543091
eval_loss = 1.2473031282424927
eval_mae = 0.5946
eval_runtime = 18.7489
eval_samples_per_second = 266.682
