eval_accuracy = 0.574999988079071
eval_loss = 1.0055406093597412
eval_mae = 0.4968
eval_runtime = 17.2332
eval_samples_per_second = 290.138
