eval_accuracy = 0.5559999942779541
eval_loss = 1.0248284339904785
eval_mae = 0.535
eval_runtime = 17.3019
eval_samples_per_second = 288.985
