eval_accuracy = 0.48260000348091125
eval_loss = 1.3523666858673096
eval_mae = 0.6734
eval_runtime = 21.623
eval_samples_per_second = 231.235
