eval_accuracy = 0.5001999735832214
eval_loss = 1.155596137046814
eval_mae = 0.5904
eval_runtime = 17.3632
eval_samples_per_second = 287.966
