eval_accuracy = 0.5564000010490417
eval_loss = 1.024977684020996
eval_mae = 0.535
eval_runtime = 17.2649
eval_samples_per_second = 289.606
