eval_accuracy = 0.5475999712944031
eval_loss = 1.0860503911972046
eval_mae = 0.5412
eval_runtime = 18.2587
eval_samples_per_second = 273.841
