eval_accuracy = 0.5824000239372253
eval_loss = 0.9788234233856201
eval_mae = 0.4876
eval_runtime = 17.3421
eval_samples_per_second = 288.316
