eval_accuracy = 0.5756000280380249
eval_loss = 1.0845195055007935
eval_mae = 0.5104
eval_runtime = 16.9833
eval_samples_per_second = 294.407
