eval_accuracy = 0.5824000239372253
eval_loss = 0.9788216948509216
eval_mae = 0.4876
eval_runtime = 17.2593
eval_samples_per_second = 289.699
