eval_accuracy = 0.48100000619888306
eval_loss = 1.3914064168930054
eval_mae = 0.6736
eval_runtime = 34.0439
eval_samples_per_second = 146.869
