eval_accuracy = 0.5541999936103821
eval_loss = 1.024652361869812
eval_mae = 0.5382
eval_runtime = 17.3942
eval_samples_per_second = 287.451
