eval_accuracy = 0.5544000267982483
eval_loss = 1.021942377090454
eval_mae = 0.538
eval_runtime = 17.2999
eval_samples_per_second = 289.019
