eval_accuracy = 0.592199981212616
eval_loss = 0.9472565650939941
eval_mae = 0.4696
eval_runtime = 18.5344
eval_samples_per_second = 269.769
