eval_accuracy = 0.49799999594688416
eval_loss = 1.240126371383667
eval_mae = 0.6468
eval_runtime = 20.5169
eval_samples_per_second = 243.701
