eval_accuracy = 0.6204000115394592
eval_loss = 0.9514155983924866
eval_mae = 0.4302
eval_runtime = 17.4261
eval_samples_per_second = 286.926
