eval_accuracy = 0.6007999777793884
eval_loss = 0.9354691505432129
eval_mae = 0.4542
eval_runtime = 17.064
eval_samples_per_second = 293.015
