eval_accuracy = 0.4657999873161316
eval_loss = 1.2879047393798828
eval_mae = 0.6834
eval_runtime = 18.0823
eval_samples_per_second = 276.513
