eval_accuracy = 0.48100000619888306
eval_loss = 1.3920083045959473
eval_mae = 0.6736
eval_runtime = 21.2357
eval_samples_per_second = 235.453
