eval_accuracy = 0.49959999322891235
eval_loss = 1.2283971309661865
eval_mae = 0.6038
eval_runtime = 18.3944
eval_samples_per_second = 271.821
