eval_accuracy = 0.592199981212616
eval_loss = 0.9476050734519958
eval_mae = 0.4704
eval_runtime = 20.9535
eval_samples_per_second = 238.623
