eval_accuracy = 0.5479999780654907
eval_loss = 1.145693302154541
eval_mae = 0.581
eval_runtime = 17.4941
eval_samples_per_second = 285.811
