eval_accuracy = 0.5562000274658203
eval_loss = 1.0665898323059082
eval_mae = 0.5228
eval_runtime = 18.3023
eval_samples_per_second = 273.189
