eval_accuracy = 0.5533999800682068
eval_loss = 1.0254563093185425
eval_mae = 0.538
eval_runtime = 17.1871
eval_samples_per_second = 290.915
