eval_accuracy = 0.5807999968528748
eval_loss = 0.9785712957382202
eval_mae = 0.4892
eval_runtime = 17.4072
eval_samples_per_second = 287.237
