eval_accuracy = 0.600600004196167
eval_loss = 0.9355730414390564
eval_mae = 0.4554
eval_runtime = 17.1227
eval_samples_per_second = 292.011
