eval_accuracy = 0.6061999797821045
eval_loss = 0.9460216760635376
eval_mae = 0.4548
eval_runtime = 17.1951
eval_samples_per_second = 290.781
