eval_accuracy = 0.5569999814033508
eval_loss = 1.0818798542022705
eval_mae = 0.5616
eval_runtime = 19.3196
eval_samples_per_second = 258.805
