eval_accuracy = 0.4997999966144562
eval_loss = 1.227902889251709
eval_mae = 0.6032
eval_runtime = 18.4826
eval_samples_per_second = 270.525
