eval_accuracy = 0.5914000272750854
eval_loss = 0.949542760848999
eval_mae = 0.4624
eval_runtime = 17.2767
eval_samples_per_second = 289.406
