eval_accuracy = 0.6011999845504761
eval_loss = 0.9356623291969299
eval_mae = 0.4548
eval_runtime = 16.401
eval_samples_per_second = 304.86
