eval_accuracy = 0.5925999879837036
eval_loss = 0.9605739116668701
eval_mae = 0.4838
eval_runtime = 17.4303
eval_samples_per_second = 286.858
