eval_accuracy = 0.45579999685287476
eval_loss = 1.3669136762619019
eval_mae = 0.735
eval_runtime = 16.7115
eval_samples_per_second = 299.194
