eval_accuracy = 0.5605999827384949
eval_loss = 1.0453894138336182
eval_mae = 0.5084
eval_runtime = 18.4795
eval_samples_per_second = 270.57
