eval_accuracy = 0.5752000212669373
eval_loss = 1.0051367282867432
eval_mae = 0.4962
eval_runtime = 17.2042
eval_samples_per_second = 290.628
