eval_accuracy = 0.4830000102519989
eval_loss = 1.352573275566101
eval_mae = 0.6718
eval_runtime = 21.0059
eval_samples_per_second = 238.028
