eval_accuracy = 0.5249999761581421
eval_loss = 1.0535848140716553
eval_mae = 0.5746
eval_runtime = 15.9752
eval_samples_per_second = 312.986
