eval_accuracy = 0.5989999771118164
eval_loss = 0.9571130871772766
eval_mae = 0.4654
eval_runtime = 17.3044
eval_samples_per_second = 288.945
