eval_accuracy = 0.46799999475479126
eval_loss = 1.3389993906021118
eval_mae = 0.6888
eval_runtime = 18.3671
eval_samples_per_second = 272.226
