eval_accuracy = 0.602400004863739
eval_loss = 0.9524574279785156
eval_mae = 0.4618
eval_runtime = 17.3018
eval_samples_per_second = 288.987
