eval_accuracy = 0.5928000211715698
eval_loss = 1.0065242052078247
eval_mae = 0.4686
eval_runtime = 17.417
eval_samples_per_second = 287.077
