eval_accuracy = 0.550599992275238
eval_loss = 1.0851680040359497
eval_mae = 0.5396
eval_runtime = 18.595
eval_samples_per_second = 268.889
