eval_accuracy = 0.5275999903678894
eval_loss = 1.0529298782348633
eval_mae = 0.5694
eval_runtime = 17.1359
eval_samples_per_second = 291.785
