eval_accuracy = 0.5813999772071838
eval_loss = 0.9783713817596436
eval_mae = 0.4882
eval_runtime = 17.4724
eval_samples_per_second = 286.166
