eval_accuracy = 0.569599986076355
eval_loss = 0.9909785389900208
eval_mae = 0.5088
eval_runtime = 16.9852
eval_samples_per_second = 294.374
