eval_accuracy = 0.5590000152587891
eval_loss = 1.0806074142456055
eval_mae = 0.5306
eval_runtime = 18.8465
eval_samples_per_second = 265.302
