eval_accuracy = 0.545199990272522
eval_loss = 1.029631495475769
eval_mae = 0.539
eval_runtime = 16.6911
eval_samples_per_second = 299.561
