eval_accuracy = 0.5586000084877014
eval_loss = 1.0786899328231812
eval_mae = 0.5306
eval_runtime = 27.1718
eval_samples_per_second = 184.014
