eval_accuracy = 0.506600022315979
eval_loss = 1.228859782218933
eval_mae = 0.6208
eval_runtime = 19.3469
eval_samples_per_second = 258.439
