eval_accuracy = 0.5483999848365784
eval_loss = 1.1512640714645386
eval_mae = 0.5826
eval_runtime = 17.4701
eval_samples_per_second = 286.203
