eval_accuracy = 0.5486000180244446
eval_loss = 1.1473883390426636
eval_mae = 0.5824
eval_runtime = 16.8133
eval_samples_per_second = 297.384
