eval_accuracy = 0.6014000177383423
eval_loss = 0.9358295202255249
eval_mae = 0.4552
eval_runtime = 16.4122
eval_samples_per_second = 304.651
