eval_accuracy = 0.6373999714851379
eval_loss = 0.8898797035217285
eval_mae = 0.4138
eval_runtime = 18.3829
eval_samples_per_second = 271.992
