eval_accuracy = 0.6001999974250793
eval_loss = 0.9354449510574341
eval_mae = 0.4558
eval_runtime = 17.0435
eval_samples_per_second = 293.367
