eval_accuracy = 0.5802000164985657
eval_loss = 1.0122019052505493
eval_mae = 0.4814
eval_runtime = 16.4088
eval_samples_per_second = 304.715
