eval_accuracy = 0.5478000044822693
eval_loss = 1.0868476629257202
eval_mae = 0.5412
eval_runtime = 19.6484
eval_samples_per_second = 254.474
