eval_accuracy = 0.6218000054359436
eval_loss = 0.9514631628990173
eval_mae = 0.4274
eval_runtime = 17.4497
eval_samples_per_second = 286.538
