eval_accuracy = 0.5748000144958496
eval_loss = 1.0062447786331177
eval_mae = 0.4968
eval_runtime = 17.2001
eval_samples_per_second = 290.697
