eval_accuracy = 0.5008000135421753
eval_loss = 1.1784330606460571
eval_mae = 0.5966
eval_runtime = 17.4605
eval_samples_per_second = 286.361
