eval_accuracy = 0.5609999895095825
eval_loss = 1.046368956565857
eval_mae = 0.508
eval_runtime = 18.8513
eval_samples_per_second = 265.234
