eval_accuracy = 0.46779999136924744
eval_loss = 1.2962000370025635
eval_mae = 0.6816
eval_runtime = 23.6837
eval_samples_per_second = 211.116
