eval_accuracy = 0.4410000145435333
eval_loss = 1.4295130968093872
eval_mae = 0.7248
eval_runtime = 22.2551
eval_samples_per_second = 224.668
