eval_accuracy = 0.5486000180244446
eval_loss = 1.0847636461257935
eval_mae = 0.5394
eval_runtime = 18.5928
eval_samples_per_second = 268.922
