eval_accuracy = 0.5023999810218811
eval_loss = 1.1774532794952393
eval_mae = 0.5924
eval_runtime = 17.368
eval_samples_per_second = 287.886
