eval_accuracy = 0.5591999888420105
eval_loss = 1.0796406269073486
eval_mae = 0.5302
eval_runtime = 18.2579
eval_samples_per_second = 273.854
