eval_accuracy = 0.5910000205039978
eval_loss = 0.9477904438972473
eval_mae = 0.472
eval_runtime = 19.9218
eval_samples_per_second = 250.981
