eval_accuracy = 0.6215999722480774
eval_loss = 0.9508242011070251
eval_mae = 0.4282
eval_runtime = 17.32
eval_samples_per_second = 288.683
