eval_accuracy = 0.592199981212616
eval_loss = 0.9482322335243225
eval_mae = 0.4704
eval_runtime = 18.2896
eval_samples_per_second = 273.38
