eval_accuracy = 0.6363999843597412
eval_loss = 0.8895072340965271
eval_mae = 0.4146
eval_runtime = 20.6531
eval_samples_per_second = 242.095
