eval_accuracy = 0.5920000076293945
eval_loss = 0.9476664066314697
eval_mae = 0.4708
eval_runtime = 17.9506
eval_samples_per_second = 278.542
