eval_accuracy = 0.5264000296592712
eval_loss = 1.05326247215271
eval_mae = 0.5706
eval_runtime = 16.96
eval_samples_per_second = 294.811
