eval_accuracy = 0.4997999966144562
eval_loss = 1.2412775754928589
eval_mae = 0.5956
eval_runtime = 18.8384
eval_samples_per_second = 265.415
