eval_accuracy = 0.5889999866485596
eval_loss = 0.9490705132484436
eval_mae = 0.4654
eval_runtime = 17.15
eval_samples_per_second = 291.546
