eval_accuracy = 0.5562000274658203
eval_loss = 1.080398678779602
eval_mae = 0.565
eval_runtime = 18.2843
eval_samples_per_second = 273.459
