eval_accuracy = 0.4779999852180481
eval_loss = 1.3919910192489624
eval_mae = 0.6784
eval_runtime = 20.5805
eval_samples_per_second = 242.948
