eval_accuracy = 0.4758000075817108
eval_loss = 1.3433740139007568
eval_mae = 0.6934
eval_runtime = 16.9175
eval_samples_per_second = 295.552
