eval_accuracy = 0.5947999954223633
eval_loss = 1.0063623189926147
eval_mae = 0.4668
eval_runtime = 17.2473
eval_samples_per_second = 289.9
