eval_accuracy = 0.5455999970436096
eval_loss = 1.0296818017959595
eval_mae = 0.5398
eval_runtime = 17.3865
eval_samples_per_second = 287.579
