eval_accuracy = 0.548799991607666
eval_loss = 1.1480581760406494
eval_mae = 0.5818
eval_runtime = 17.4694
eval_samples_per_second = 286.215
