eval_accuracy = 0.5012000203132629
eval_loss = 1.1571362018585205
eval_mae = 0.5888
eval_runtime = 17.5937
eval_samples_per_second = 284.193
