eval_accuracy = 0.4837999939918518
eval_loss = 1.3521698713302612
eval_mae = 0.6706
eval_runtime = 17.829
eval_samples_per_second = 280.441
