eval_accuracy = 0.5720000267028809
eval_loss = 0.9906880855560303
eval_mae = 0.5054
eval_runtime = 16.9178
eval_samples_per_second = 295.546
