eval_accuracy = 0.4997999966144562
eval_loss = 1.1559005975723267
eval_mae = 0.5908
eval_runtime = 17.283
eval_samples_per_second = 289.302
