eval_accuracy = 0.49799999594688416
eval_loss = 1.1592925786972046
eval_mae = 0.5912
eval_runtime = 16.5957
eval_samples_per_second = 301.283
