eval_accuracy = 0.5609999895095825
eval_loss = 1.0455543994903564
eval_mae = 0.508
eval_runtime = 22.0578
eval_samples_per_second = 226.677
