eval_accuracy = 0.49720001220703125
eval_loss = 1.2412376403808594
eval_mae = 0.6482
eval_runtime = 25.3809
eval_samples_per_second = 196.998
