eval_accuracy = 0.5924000144004822
eval_loss = 0.9997235536575317
eval_mae = 0.4684
eval_runtime = 17.2592
eval_samples_per_second = 289.701
