eval_accuracy = 0.4575999975204468
eval_loss = 1.3682297468185425
eval_mae = 0.7316
eval_runtime = 16.6645
eval_samples_per_second = 300.038
