eval_accuracy = 0.6208000183105469
eval_loss = 0.9506248235702515
eval_mae = 0.4286
eval_runtime = 17.5274
eval_samples_per_second = 285.267
