eval_accuracy = 0.4745999872684479
eval_loss = 1.3417028188705444
eval_mae = 0.6954
eval_runtime = 16.9296
eval_samples_per_second = 295.341
