eval_accuracy = 0.49959999322891235
eval_loss = 1.1562786102294922
eval_mae = 0.5906
eval_runtime = 17.328
eval_samples_per_second = 288.551
