eval_accuracy = 0.5645999908447266
eval_loss = 1.0144386291503906
eval_mae = 0.5084
eval_runtime = 16.9644
eval_samples_per_second = 294.735
