eval_accuracy = 0.46779999136924744
eval_loss = 1.2965749502182007
eval_mae = 0.6816
eval_runtime = 22.1188
eval_samples_per_second = 226.053
