eval_accuracy = 0.5989999771118164
eval_loss = 0.9558330178260803
eval_mae = 0.464
eval_runtime = 17.2814
eval_samples_per_second = 289.328
