eval_accuracy = 0.6001999974250793
eval_loss = 0.9557828903198242
eval_mae = 0.463
eval_runtime = 17.3203
eval_samples_per_second = 288.679
