eval_accuracy = 0.4830000102519989
eval_loss = 1.3537949323654175
eval_mae = 0.6714
eval_runtime = 18.0179
eval_samples_per_second = 277.502
