eval_accuracy = 0.5929999947547913
eval_loss = 1.006578803062439
eval_mae = 0.4684
eval_runtime = 17.2921
eval_samples_per_second = 289.15
