eval_accuracy = 0.5794000029563904
eval_loss = 1.0136895179748535
eval_mae = 0.4826
eval_runtime = 17.44
eval_samples_per_second = 286.697
