eval_accuracy = 0.4749999940395355
eval_loss = 1.3431012630462646
eval_mae = 0.6944
eval_runtime = 16.9237
eval_samples_per_second = 295.444
