eval_accuracy = 0.5080000162124634
eval_loss = 1.2299214601516724
eval_mae = 0.6206
eval_runtime = 18.969
eval_samples_per_second = 263.588
