eval_accuracy = 0.5260000228881836
eval_loss = 1.051845669746399
eval_mae = 0.5692
eval_runtime = 16.225
eval_samples_per_second = 308.166
