eval_accuracy = 0.4812000095844269
eval_loss = 1.3904790878295898
eval_mae = 0.6734
eval_runtime = 19.4912
eval_samples_per_second = 256.527
