eval_accuracy = 0.5640000104904175
eval_loss = 1.0144978761672974
eval_mae = 0.5086
eval_runtime = 17.0039
eval_samples_per_second = 294.05
