eval_accuracy = 0.5026000142097473
eval_loss = 1.2255499362945557
eval_mae = 0.5994
eval_runtime = 18.4633
eval_samples_per_second = 270.808
