eval_accuracy = 0.5455999970436096
eval_loss = 1.0297552347183228
eval_mae = 0.5392
eval_runtime = 17.4131
eval_samples_per_second = 287.14
