eval_accuracy = 0.6047999858856201
eval_loss = 0.9448322057723999
eval_mae = 0.4574
eval_runtime = 17.1688
eval_samples_per_second = 291.226
