eval_accuracy = 0.5491999983787537
eval_loss = 1.0784319639205933
eval_mae = 0.5378
eval_runtime = 19.8002
eval_samples_per_second = 252.522
