eval_accuracy = 0.525600016117096
eval_loss = 1.0536569356918335
eval_mae = 0.5712
eval_runtime = 16.336
eval_samples_per_second = 306.073
