eval_accuracy = 0.6018000245094299
eval_loss = 0.9355280995368958
eval_mae = 0.4546
eval_runtime = 17.0343
eval_samples_per_second = 293.526
