eval_accuracy = 0.5490000247955322
eval_loss = 1.1474939584732056
eval_mae = 0.5814
eval_runtime = 16.7839
eval_samples_per_second = 297.905
