eval_accuracy = 0.43639999628067017
eval_loss = 1.438908338546753
eval_mae = 0.7266
eval_runtime = 18.9546
eval_samples_per_second = 263.788
