eval_accuracy = 0.6208000183105469
eval_loss = 0.9510435461997986
eval_mae = 0.4286
eval_runtime = 17.4996
eval_samples_per_second = 285.721
