eval_accuracy = 0.5022000074386597
eval_loss = 1.1558650732040405
eval_mae = 0.5884
eval_runtime = 25.6738
eval_samples_per_second = 194.751
