eval_accuracy = 0.45579999685287476
eval_loss = 1.3675105571746826
eval_mae = 0.7346
eval_runtime = 17.2257
eval_samples_per_second = 290.264
