eval_accuracy = 0.5802000164985657
eval_loss = 1.0178436040878296
eval_mae = 0.4822
eval_runtime = 17.4228
eval_samples_per_second = 286.98
