eval_accuracy = 0.4722000062465668
eval_loss = 1.3484091758728027
eval_mae = 0.6908
eval_runtime = 17.3239
eval_samples_per_second = 288.618
