eval_accuracy = 0.607200026512146
eval_loss = 0.949622392654419
eval_mae = 0.4492
eval_runtime = 21.4817
eval_samples_per_second = 232.756
