eval_accuracy = 0.5702000260353088
eval_loss = 0.9889984130859375
eval_mae = 0.5094
eval_runtime = 16.9998
eval_samples_per_second = 294.122
