eval_accuracy = 0.6218000054359436
eval_loss = 0.9507431387901306
eval_mae = 0.4276
eval_runtime = 17.4571
eval_samples_per_second = 286.417
