eval_accuracy = 0.4828000068664551
eval_loss = 1.3535290956497192
eval_mae = 0.671
eval_runtime = 19.0062
eval_samples_per_second = 263.073
