eval_accuracy = 0.4832000136375427
eval_loss = 1.3523554801940918
eval_mae = 0.673
eval_runtime = 21.8217
eval_samples_per_second = 229.13
