eval_accuracy = 0.5817999839782715
eval_loss = 1.0111494064331055
eval_mae = 0.481
eval_runtime = 16.7568
eval_samples_per_second = 298.386
