eval_accuracy = 0.5935999751091003
eval_loss = 0.9481402635574341
eval_mae = 0.4686
eval_runtime = 18.2964
eval_samples_per_second = 273.277
