eval_accuracy = 0.5920000076293945
eval_loss = 0.9605157971382141
eval_mae = 0.4844
eval_runtime = 17.3688
eval_samples_per_second = 287.872
