eval_accuracy = 0.5929999947547913
eval_loss = 1.0064400434494019
eval_mae = 0.4682
eval_runtime = 17.2902
eval_samples_per_second = 289.182
