eval_accuracy = 0.5437999963760376
eval_loss = 1.0327738523483276
eval_mae = 0.5416
eval_runtime = 16.4069
eval_samples_per_second = 304.749
