eval_accuracy = 0.4697999954223633
eval_loss = 1.2964890003204346
eval_mae = 0.6796
eval_runtime = 33.8579
eval_samples_per_second = 147.676
