eval_accuracy = 0.5576000213623047
eval_loss = 1.0627292394638062
eval_mae = 0.5208
eval_runtime = 19.5909
eval_samples_per_second = 255.221
