eval_accuracy = 0.6000000238418579
eval_loss = 0.9550351500511169
eval_mae = 0.4638
eval_runtime = 17.3064
eval_samples_per_second = 288.911
