eval_accuracy = 0.548799991607666
eval_loss = 1.1445168256759644
eval_mae = 0.5798
eval_runtime = 17.4672
eval_samples_per_second = 286.251
