eval_accuracy = 0.5928000211715698
eval_loss = 0.961189329624176
eval_mae = 0.4832
eval_runtime = 16.3601
eval_samples_per_second = 305.621
