eval_accuracy = 0.506600022315979
eval_loss = 1.228684902191162
eval_mae = 0.621
eval_runtime = 18.8885
eval_samples_per_second = 264.711
