eval_accuracy = 0.5705999732017517
eval_loss = 0.9910576939582825
eval_mae = 0.5074
eval_runtime = 16.984
eval_samples_per_second = 294.395
