eval_accuracy = 0.592199981212616
eval_loss = 0.9605390429496765
eval_mae = 0.4842
eval_runtime = 16.8229
eval_samples_per_second = 297.213
