eval_accuracy = 0.5425999760627747
eval_loss = 1.0294320583343506
eval_mae = 0.5432
eval_runtime = 16.6435
eval_samples_per_second = 300.418
