eval_accuracy = 0.6014000177383423
eval_loss = 0.9350565671920776
eval_mae = 0.4544
eval_runtime = 17.9508
eval_samples_per_second = 278.539
