eval_accuracy = 0.5831999778747559
eval_loss = 0.9766126871109009
eval_mae = 0.4864
eval_runtime = 17.2973
eval_samples_per_second = 289.062
