eval_accuracy = 0.5504000186920166
eval_loss = 1.1471421718597412
eval_mae = 0.5796
eval_runtime = 16.4028
eval_samples_per_second = 304.825
