eval_accuracy = 0.5016000270843506
eval_loss = 1.2298191785812378
eval_mae = 0.6252
eval_runtime = 19.0179
eval_samples_per_second = 262.91
