eval_accuracy = 0.5558000206947327
eval_loss = 1.0806753635406494
eval_mae = 0.5654
eval_runtime = 28.3011
eval_samples_per_second = 176.672
