eval_accuracy = 0.5935999751091003
eval_loss = 0.9595142602920532
eval_mae = 0.4806
eval_runtime = 17.4221
eval_samples_per_second = 286.992
