eval_accuracy = 0.5946000218391418
eval_loss = 1.0046271085739136
eval_mae = 0.4654
eval_runtime = 17.219
eval_samples_per_second = 290.376
