eval_accuracy = 0.47279998660087585
eval_loss = 1.3491116762161255
eval_mae = 0.6896
eval_runtime = 17.378
eval_samples_per_second = 287.719
