eval_accuracy = 0.5938000082969666
eval_loss = 1.0080108642578125
eval_mae = 0.4678
eval_runtime = 17.3567
eval_samples_per_second = 288.073
