eval_accuracy = 0.579800009727478
eval_loss = 1.0118658542633057
eval_mae = 0.4826
eval_runtime = 17.5009
eval_samples_per_second = 285.699
