eval_accuracy = 0.5803999900817871
eval_loss = 1.0113250017166138
eval_mae = 0.4812
eval_runtime = 17.4636
eval_samples_per_second = 286.31
