eval_accuracy = 0.5482000112533569
eval_loss = 1.1477084159851074
eval_mae = 0.5828
eval_runtime = 17.6078
eval_samples_per_second = 283.965
