eval_accuracy = 0.6060000061988831
eval_loss = 0.9492533206939697
eval_mae = 0.4496
eval_runtime = 19.5261
eval_samples_per_second = 256.067
