eval_accuracy = 0.5608000159263611
eval_loss = 1.0458621978759766
eval_mae = 0.5084
eval_runtime = 19.5605
eval_samples_per_second = 255.617
