eval_accuracy = 0.4675999879837036
eval_loss = 1.2957509756088257
eval_mae = 0.681
eval_runtime = 26.0086
eval_samples_per_second = 192.244
