eval_accuracy = 0.5702000260353088
eval_loss = 1.0212328433990479
eval_mae = 0.5076
eval_runtime = 17.4143
eval_samples_per_second = 287.121
