eval_accuracy = 0.4997999966144562
eval_loss = 1.1545137166976929
eval_mae = 0.591
eval_runtime = 16.6419
eval_samples_per_second = 300.447
