eval_accuracy = 0.5559999942779541
eval_loss = 1.0800691843032837
eval_mae = 0.5652
eval_runtime = 18.882
eval_samples_per_second = 264.802
