eval_accuracy = 0.550599992275238
eval_loss = 1.1467223167419434
eval_mae = 0.5796
eval_runtime = 17.4841
eval_samples_per_second = 285.973
