eval_accuracy = 0.5616000294685364
eval_loss = 1.0438412427902222
eval_mae = 0.509
eval_runtime = 18.0581
eval_samples_per_second = 276.885
