eval_accuracy = 0.5063999891281128
eval_loss = 1.2281312942504883
eval_mae = 0.621
eval_runtime = 30.714
eval_samples_per_second = 162.792
