eval_accuracy = 0.592199981212616
eval_loss = 0.9485822319984436
eval_mae = 0.461
eval_runtime = 16.3141
eval_samples_per_second = 306.483
