eval_accuracy = 0.4731999933719635
eval_loss = 1.3480685949325562
eval_mae = 0.6878
eval_runtime = 17.4183
eval_samples_per_second = 287.055
