eval_accuracy = 0.5547999739646912
eval_loss = 1.0709333419799805
eval_mae = 0.5314
eval_runtime = 18.5656
eval_samples_per_second = 269.316
