eval_accuracy = 0.574999988079071
eval_loss = 1.0865697860717773
eval_mae = 0.5112
eval_runtime = 16.0335
eval_samples_per_second = 311.848
