eval_accuracy = 0.5964000225067139
eval_loss = 0.9560245275497437
eval_mae = 0.4672
eval_runtime = 17.3367
eval_samples_per_second = 288.406
