eval_accuracy = 0.4713999927043915
eval_loss = 1.3493505716323853
eval_mae = 0.6906
eval_runtime = 17.2551
eval_samples_per_second = 289.77
