eval_accuracy = 0.5605999827384949
eval_loss = 1.045822262763977
eval_mae = 0.5092
eval_runtime = 18.7153
eval_samples_per_second = 267.16
