eval_accuracy = 0.5562000274658203
eval_loss = 1.0253254175186157
eval_mae = 0.5354
eval_runtime = 17.2047
eval_samples_per_second = 290.618
