eval_accuracy = 0.5478000044822693
eval_loss = 1.0860183238983154
eval_mae = 0.5408
eval_runtime = 18.4981
eval_samples_per_second = 270.298
