eval_accuracy = 0.48100000619888306
eval_loss = 1.392195463180542
eval_mae = 0.6736
eval_runtime = 18.5018
eval_samples_per_second = 270.244
