eval_accuracy = 0.6359999775886536
eval_loss = 0.8895257711410522
eval_mae = 0.415
eval_runtime = 18.4882
eval_samples_per_second = 270.443
