eval_accuracy = 0.5641999840736389
eval_loss = 1.0144850015640259
eval_mae = 0.5084
eval_runtime = 16.3858
eval_samples_per_second = 305.143
