eval_accuracy = 0.5788000226020813
eval_loss = 1.0174508094787598
eval_mae = 0.4838
eval_runtime = 17.6172
eval_samples_per_second = 283.814
