eval_accuracy = 0.6061999797821045
eval_loss = 0.9467455148696899
eval_mae = 0.4558
eval_runtime = 17.4296
eval_samples_per_second = 286.869
