eval_accuracy = 0.49900001287460327
eval_loss = 1.1583367586135864
eval_mae = 0.589
eval_runtime = 16.2977
eval_samples_per_second = 306.793
