eval_accuracy = 0.599399983882904
eval_loss = 0.9564425945281982
eval_mae = 0.4644
eval_runtime = 17.3476
eval_samples_per_second = 288.224
