eval_accuracy = 0.579200029373169
eval_loss = 0.9786175489425659
eval_mae = 0.4902
eval_runtime = 16.6588
eval_samples_per_second = 300.141
