eval_accuracy = 0.5063999891281128
eval_loss = 1.2289512157440186
eval_mae = 0.621
eval_runtime = 31.1217
eval_samples_per_second = 160.659
