eval_accuracy = 0.46779999136924744
eval_loss = 1.2965420484542847
eval_mae = 0.6816
eval_runtime = 19.1185
eval_samples_per_second = 261.527
