eval_accuracy = 0.5478000044822693
eval_loss = 1.0861619710922241
eval_mae = 0.5408
eval_runtime = 19.9114
eval_samples_per_second = 251.113
