eval_accuracy = 0.503000020980835
eval_loss = 1.1750386953353882
eval_mae = 0.5914
eval_runtime = 17.401
eval_samples_per_second = 287.34
