eval_accuracy = 0.4392000138759613
eval_loss = 1.4448168277740479
eval_mae = 0.7294
eval_runtime = 23.7259
eval_samples_per_second = 210.74
