eval_accuracy = 0.4763999879360199
eval_loss = 1.3377797603607178
eval_mae = 0.6886
eval_runtime = 16.3034
eval_samples_per_second = 306.684
