eval_accuracy = 0.4431999921798706
eval_loss = 1.3968101739883423
eval_mae = 0.711
eval_runtime = 18.5573
eval_samples_per_second = 269.436
