eval_accuracy = 0.5812000036239624
eval_loss = 1.018904209136963
eval_mae = 0.4936
eval_runtime = 20.0897
eval_samples_per_second = 248.884
