eval_accuracy = 0.5569999814033508
eval_loss = 1.0248714685440063
eval_mae = 0.5342
eval_runtime = 17.2685
eval_samples_per_second = 289.544
