eval_accuracy = 0.5997999906539917
eval_loss = 0.955741822719574
eval_mae = 0.4618
eval_runtime = 16.6105
eval_samples_per_second = 301.014
