eval_accuracy = 0.6065999865531921
eval_loss = 0.9461371302604675
eval_mae = 0.4548
eval_runtime = 17.3823
eval_samples_per_second = 287.649
