eval_accuracy = 0.5591999888420105
eval_loss = 1.062168002128601
eval_mae = 0.5204
eval_runtime = 17.6515
eval_samples_per_second = 283.263
