eval_accuracy = 0.5644000172615051
eval_loss = 1.0144537687301636
eval_mae = 0.5078
eval_runtime = 16.3476
eval_samples_per_second = 305.856
