eval_accuracy = 0.6377999782562256
eval_loss = 0.8890625834465027
eval_mae = 0.4132
eval_runtime = 20.1367
eval_samples_per_second = 248.302
