eval_accuracy = 0.5558000206947327
eval_loss = 1.024720311164856
eval_mae = 0.5344
eval_runtime = 17.4285
eval_samples_per_second = 286.887
