eval_accuracy = 0.6019999980926514
eval_loss = 0.9358949065208435
eval_mae = 0.454
eval_runtime = 17.1555
eval_samples_per_second = 291.451
