eval_accuracy = 0.5687999725341797
eval_loss = 1.0207862854003906
eval_mae = 0.5102
eval_runtime = 17.2865
eval_samples_per_second = 289.244
