eval_accuracy = 0.6209999918937683
eval_loss = 0.9508945345878601
eval_mae = 0.4292
eval_runtime = 17.3992
eval_samples_per_second = 287.369
