eval_accuracy = 0.49720001220703125
eval_loss = 1.2330193519592285
eval_mae = 0.5996
eval_runtime = 18.0642
eval_samples_per_second = 276.791
