eval_accuracy = 0.5037999749183655
eval_loss = 1.1751422882080078
eval_mae = 0.591
eval_runtime = 17.359
eval_samples_per_second = 288.034
