eval_accuracy = 0.5649999976158142
eval_loss = 1.014735460281372
eval_mae = 0.5074
eval_runtime = 17.168
eval_samples_per_second = 291.239
