eval_accuracy = 0.5605999827384949
eval_loss = 1.0455580949783325
eval_mae = 0.5088
eval_runtime = 19.4965
eval_samples_per_second = 256.456
