eval_accuracy = 0.5059999823570251
eval_loss = 1.2285321950912476
eval_mae = 0.6214
eval_runtime = 33.8802
eval_samples_per_second = 147.579
