eval_accuracy = 0.5784000158309937
eval_loss = 1.0175899267196655
eval_mae = 0.4834
eval_runtime = 17.5115
eval_samples_per_second = 285.527
