eval_accuracy = 0.45879998803138733
eval_loss = 1.3679381608963013
eval_mae = 0.7316
eval_runtime = 16.7761
eval_samples_per_second = 298.043
