eval_accuracy = 0.604200005531311
eval_loss = 0.9458255767822266
eval_mae = 0.4572
eval_runtime = 17.3165
eval_samples_per_second = 288.742
