eval_accuracy = 0.5631999969482422
eval_loss = 1.0142101049423218
eval_mae = 0.5082
eval_runtime = 16.9718
eval_samples_per_second = 294.606
