eval_accuracy = 0.5784000158309937
eval_loss = 1.0167242288589478
eval_mae = 0.4836
eval_runtime = 16.4914
eval_samples_per_second = 303.188
