eval_accuracy = 0.48179998993873596
eval_loss = 1.353237509727478
eval_mae = 0.671
eval_runtime = 18.4704
eval_samples_per_second = 270.704
