eval_accuracy = 0.49939998984336853
eval_loss = 1.1813193559646606
eval_mae = 0.5964
eval_runtime = 17.6209
eval_samples_per_second = 283.754
