eval_accuracy = 0.5640000104904175
eval_loss = 1.0147281885147095
eval_mae = 0.5072
eval_runtime = 17.0474
eval_samples_per_second = 293.301
