eval_accuracy = 0.5702000260353088
eval_loss = 1.0206539630889893
eval_mae = 0.5072
eval_runtime = 17.2616
eval_samples_per_second = 289.661
