eval_accuracy = 0.5813999772071838
eval_loss = 0.9780167937278748
eval_mae = 0.4888
eval_runtime = 16.7318
eval_samples_per_second = 298.832
