eval_accuracy = 0.49639999866485596
eval_loss = 1.2405571937561035
eval_mae = 0.6484
eval_runtime = 24.796
eval_samples_per_second = 201.645
