eval_accuracy = 0.5558000206947327
eval_loss = 1.024079442024231
eval_mae = 0.5362
eval_runtime = 17.2819
eval_samples_per_second = 289.32
