eval_accuracy = 0.5756000280380249
eval_loss = 1.0049781799316406
eval_mae = 0.4948
eval_runtime = 16.9318
eval_samples_per_second = 295.302
