eval_accuracy = 0.6370000243186951
eval_loss = 0.8899849653244019
eval_mae = 0.414
eval_runtime = 20.0224
eval_samples_per_second = 249.72
