eval_accuracy = 0.5460000038146973
eval_loss = 1.029560923576355
eval_mae = 0.5388
eval_runtime = 17.5398
eval_samples_per_second = 285.065
