eval_accuracy = 0.5813999772071838
eval_loss = 0.9785439372062683
eval_mae = 0.489
eval_runtime = 17.2896
eval_samples_per_second = 289.191
