eval_accuracy = 0.5446000099182129
eval_loss = 1.0297820568084717
eval_mae = 0.5408
eval_runtime = 17.3591
eval_samples_per_second = 288.034
