eval_accuracy = 0.579200029373169
eval_loss = 1.011718988418579
eval_mae = 0.483
eval_runtime = 17.3862
eval_samples_per_second = 287.584
