eval_accuracy = 0.526199996471405
eval_loss = 1.053069829940796
eval_mae = 0.5726
eval_runtime = 16.2732
eval_samples_per_second = 307.253
