eval_accuracy = 0.5708000063896179
eval_loss = 1.0211631059646606
eval_mae = 0.5072
eval_runtime = 16.537
eval_samples_per_second = 302.352
