eval_accuracy = 0.48339998722076416
eval_loss = 1.352843999862671
eval_mae = 0.6714
eval_runtime = 18.6008
eval_samples_per_second = 268.805
