eval_accuracy = 0.5600000023841858
eval_loss = 1.062243938446045
eval_mae = 0.5192
eval_runtime = 18.9476
eval_samples_per_second = 263.886
