eval_accuracy = 0.5501999855041504
eval_loss = 1.081933617591858
eval_mae = 0.5388
eval_runtime = 18.2948
eval_samples_per_second = 273.302
