eval_accuracy = 0.5622000098228455
eval_loss = 1.046050786972046
eval_mae = 0.507
eval_runtime = 18.1446
eval_samples_per_second = 275.564
