eval_accuracy = 0.5027999877929688
eval_loss = 1.1770962476730347
eval_mae = 0.5914
eval_runtime = 17.712
eval_samples_per_second = 282.294
