eval_accuracy = 0.4790000021457672
eval_loss = 1.3938015699386597
eval_mae = 0.6778
eval_runtime = 19.0219
eval_samples_per_second = 262.854
