eval_accuracy = 0.5460000038146973
eval_loss = 1.0295805931091309
eval_mae = 0.5392
eval_runtime = 16.4136
eval_samples_per_second = 304.625
