eval_accuracy = 0.45680001378059387
eval_loss = 1.3661421537399292
eval_mae = 0.7328
eval_runtime = 16.7331
eval_samples_per_second = 298.809
