eval_accuracy = 0.5008000135421753
eval_loss = 1.2398213148117065
eval_mae = 0.5944
eval_runtime = 23.1766
eval_samples_per_second = 215.734
