eval_accuracy = 0.5703999996185303
eval_loss = 0.9908332228660583
eval_mae = 0.5086
eval_runtime = 17.0864
eval_samples_per_second = 292.63
