eval_accuracy = 0.5284000039100647
eval_loss = 1.0536237955093384
eval_mae = 0.5684
eval_runtime = 16.9621
eval_samples_per_second = 294.775
