eval_accuracy = 0.6051999926567078
eval_loss = 0.9469824433326721
eval_mae = 0.4574
eval_runtime = 17.2208
eval_samples_per_second = 290.346
