eval_accuracy = 0.5799999833106995
eval_loss = 1.0175182819366455
eval_mae = 0.4826
eval_runtime = 17.5165
eval_samples_per_second = 285.446
