eval_accuracy = 0.5550000071525574
eval_loss = 1.0248658657073975
eval_mae = 0.5366
eval_runtime = 17.3067
eval_samples_per_second = 288.906
