eval_accuracy = 0.4580000042915344
eval_loss = 1.3671486377716064
eval_mae = 0.7318
eval_runtime = 17.552
eval_samples_per_second = 284.868
