eval_accuracy = 0.6061999797821045
eval_loss = 0.9464039206504822
eval_mae = 0.4558
eval_runtime = 17.2898
eval_samples_per_second = 289.188
