eval_accuracy = 0.5655999779701233
eval_loss = 1.0135570764541626
eval_mae = 0.5068
eval_runtime = 17.0239
eval_samples_per_second = 293.704
