eval_accuracy = 0.5942000150680542
eval_loss = 1.0072064399719238
eval_mae = 0.4672
eval_runtime = 17.2402
eval_samples_per_second = 290.02
