eval_accuracy = 0.4970000088214874
eval_loss = 1.2386161088943481
eval_mae = 0.6474
eval_runtime = 23.83
eval_samples_per_second = 209.819
