eval_accuracy = 0.5785999894142151
eval_loss = 1.017864465713501
eval_mae = 0.483
eval_runtime = 17.4018
eval_samples_per_second = 287.327
