eval_accuracy = 0.5942000150680542
eval_loss = 0.9608470797538757
eval_mae = 0.4824
eval_runtime = 17.4795
eval_samples_per_second = 286.05
