eval_accuracy = 0.6057999730110168
eval_loss = 0.9495445489883423
eval_mae = 0.451
eval_runtime = 18.6245
eval_samples_per_second = 268.464
