eval_accuracy = 0.6047999858856201
eval_loss = 0.9468933343887329
eval_mae = 0.4576
eval_runtime = 17.179
eval_samples_per_second = 291.053
