eval_accuracy = 0.5917999744415283
eval_loss = 0.9609739184379578
eval_mae = 0.4838
eval_runtime = 17.2627
eval_samples_per_second = 289.642
