eval_accuracy = 0.5703999996185303
eval_loss = 1.0211341381072998
eval_mae = 0.5072
eval_runtime = 17.3367
eval_samples_per_second = 288.405
