eval_accuracy = 0.5063999891281128
eval_loss = 1.228541612625122
eval_mae = 0.621
eval_runtime = 20.4274
eval_samples_per_second = 244.769
