eval_accuracy = 0.5565999746322632
eval_loss = 1.0799630880355835
eval_mae = 0.5342
eval_runtime = 27.2395
eval_samples_per_second = 183.557
