eval_accuracy = 0.4690000116825104
eval_loss = 1.3190113306045532
eval_mae = 0.6852
eval_runtime = 27.6644
eval_samples_per_second = 180.738
