eval_accuracy = 0.6046000123023987
eval_loss = 0.9461007714271545
eval_mae = 0.4574
eval_runtime = 17.2962
eval_samples_per_second = 289.081
