eval_accuracy = 0.6039999723434448
eval_loss = 0.9475404024124146
eval_mae = 0.458
eval_runtime = 17.2483
eval_samples_per_second = 289.884
