eval_accuracy = 0.593999981880188
eval_loss = 1.0073630809783936
eval_mae = 0.4676
eval_runtime = 16.2357
eval_samples_per_second = 307.963
