eval_accuracy = 0.579800009727478
eval_loss = 1.0084244012832642
eval_mae = 0.482
eval_runtime = 17.5286
eval_samples_per_second = 285.249
