eval_accuracy = 0.5997999906539917
eval_loss = 0.9357986450195312
eval_mae = 0.4546
eval_runtime = 16.3568
eval_samples_per_second = 305.684
