eval_accuracy = 0.6000000238418579
eval_loss = 0.9556502103805542
eval_mae = 0.4632
eval_runtime = 17.589
eval_samples_per_second = 284.269
