eval_accuracy = 0.47200000286102295
eval_loss = 1.3479180335998535
eval_mae = 0.6898
eval_runtime = 17.3193
eval_samples_per_second = 288.695
