eval_accuracy = 0.45680001378059387
eval_loss = 1.3696686029434204
eval_mae = 0.732
eval_runtime = 16.7741
eval_samples_per_second = 298.078
