eval_accuracy = 0.5821999907493591
eval_loss = 0.9784871339797974
eval_mae = 0.4872
eval_runtime = 17.2313
eval_samples_per_second = 290.17
