eval_accuracy = 0.5558000206947327
eval_loss = 1.0248745679855347
eval_mae = 0.5352
eval_runtime = 17.1951
eval_samples_per_second = 290.78
