eval_accuracy = 0.4973999857902527
eval_loss = 1.2295503616333008
eval_mae = 0.605
eval_runtime = 22.4768
eval_samples_per_second = 222.451
