eval_accuracy = 0.5562000274658203
eval_loss = 1.0790070295333862
eval_mae = 0.5326
eval_runtime = 32.2121
eval_samples_per_second = 155.221
