eval_accuracy = 0.4973999857902527
eval_loss = 1.2385833263397217
eval_mae = 0.647
eval_runtime = 30.335
eval_samples_per_second = 164.826
