eval_accuracy = 0.6241999864578247
eval_loss = 0.9494858384132385
eval_mae = 0.4252
eval_runtime = 17.4423
eval_samples_per_second = 286.66
