eval_accuracy = 0.6064000129699707
eval_loss = 0.9511390328407288
eval_mae = 0.4496
eval_runtime = 19.2628
eval_samples_per_second = 259.568
