eval_accuracy = 0.4397999942302704
eval_loss = 1.4434808492660522
eval_mae = 0.7288
eval_runtime = 22.507
eval_samples_per_second = 222.153
