eval_accuracy = 0.5766000151634216
eval_loss = 1.0061460733413696
eval_mae = 0.4954
eval_runtime = 17.566
eval_samples_per_second = 284.641
