eval_accuracy = 0.5709999799728394
eval_loss = 0.9906860589981079
eval_mae = 0.508
eval_runtime = 17.7343
eval_samples_per_second = 281.94
