eval_accuracy = 0.4997999966144562
eval_loss = 1.227556586265564
eval_mae = 0.6026
eval_runtime = 18.3506
eval_samples_per_second = 272.471
