eval_accuracy = 0.49720001220703125
eval_loss = 1.2386815547943115
eval_mae = 0.6472
eval_runtime = 17.8478
eval_samples_per_second = 280.146
