eval_accuracy = 0.5491999983787537
eval_loss = 1.146356463432312
eval_mae = 0.5806
eval_runtime = 16.8004
eval_samples_per_second = 297.611
