eval_accuracy = 0.58160001039505
eval_loss = 0.9785146713256836
eval_mae = 0.4884
eval_runtime = 17.3827
eval_samples_per_second = 287.642
