eval_accuracy = 0.5766000151634216
eval_loss = 1.0054945945739746
eval_mae = 0.4954
eval_runtime = 17.2603
eval_samples_per_second = 289.683
