eval_accuracy = 0.5684000253677368
eval_loss = 1.0210795402526855
eval_mae = 0.5104
eval_runtime = 17.2896
eval_samples_per_second = 289.192
