eval_accuracy = 0.5802000164985657
eval_loss = 1.0117732286453247
eval_mae = 0.4818
eval_runtime = 16.3345
eval_samples_per_second = 306.101
