eval_accuracy = 0.47999998927116394
eval_loss = 1.391619086265564
eval_mae = 0.6746
eval_runtime = 24.1536
eval_samples_per_second = 207.009
