eval_accuracy = 0.5616000294685364
eval_loss = 1.0452395677566528
eval_mae = 0.5076
eval_runtime = 18.5605
eval_samples_per_second = 269.39
