eval_accuracy = 0.5415999889373779
eval_loss = 1.0309728384017944
eval_mae = 0.5426
eval_runtime = 16.6409
eval_samples_per_second = 300.465
