eval_accuracy = 0.47600001096725464
eval_loss = 1.338234543800354
eval_mae = 0.6928
eval_runtime = 17.0742
eval_samples_per_second = 292.839
