eval_accuracy = 0.6222000122070312
eval_loss = 0.9508347511291504
eval_mae = 0.4276
eval_runtime = 17.4026
eval_samples_per_second = 287.313
