eval_accuracy = 0.5568000078201294
eval_loss = 1.024657130241394
eval_mae = 0.5336
eval_runtime = 17.3222
eval_samples_per_second = 288.648
