eval_accuracy = 0.5271999835968018
eval_loss = 1.05355966091156
eval_mae = 0.5702
eval_runtime = 15.9641
eval_samples_per_second = 313.202
