eval_accuracy = 0.6208000183105469
eval_loss = 0.9509636759757996
eval_mae = 0.4284
eval_runtime = 17.4825
eval_samples_per_second = 286.0
