eval_accuracy = 0.5004000067710876
eval_loss = 1.227907657623291
eval_mae = 0.6004
eval_runtime = 18.3576
eval_samples_per_second = 272.367
