eval_accuracy = 0.6370000243186951
eval_loss = 0.8897699117660522
eval_mae = 0.4142
eval_runtime = 20.6847
eval_samples_per_second = 241.725
