eval_accuracy = 0.4675999879837036
eval_loss = 1.3394256830215454
eval_mae = 0.6892
eval_runtime = 28.3718
eval_samples_per_second = 176.231
