eval_accuracy = 0.6367999911308289
eval_loss = 0.8895732164382935
eval_mae = 0.4142
eval_runtime = 22.4752
eval_samples_per_second = 222.468
