eval_accuracy = 0.548799991607666
eval_loss = 1.0860100984573364
eval_mae = 0.54
eval_runtime = 24.0334
eval_samples_per_second = 208.044
