eval_accuracy = 0.4997999966144562
eval_loss = 1.1555527448654175
eval_mae = 0.5904
eval_runtime = 17.5628
eval_samples_per_second = 284.693
