eval_accuracy = 0.5267999768257141
eval_loss = 1.0540391206741333
eval_mae = 0.5702
eval_runtime = 16.8994
eval_samples_per_second = 295.868
