eval_accuracy = 0.5767999887466431
eval_loss = 1.0066131353378296
eval_mae = 0.4936
eval_runtime = 16.579
eval_samples_per_second = 301.587
