eval_accuracy = 0.6015999913215637
eval_loss = 0.9364315271377563
eval_mae = 0.4546
eval_runtime = 16.6672
eval_samples_per_second = 299.99
