eval_accuracy = 0.5807999968528748
eval_loss = 1.0185301303863525
eval_mae = 0.494
eval_runtime = 33.197
eval_samples_per_second = 150.616
