eval_accuracy = 0.4681999981403351
eval_loss = 1.2968257665634155
eval_mae = 0.6812
eval_runtime = 19.7454
eval_samples_per_second = 253.224
