eval_accuracy = 0.5511999726295471
eval_loss = 1.1466224193572998
eval_mae = 0.5778
eval_runtime = 17.2448
eval_samples_per_second = 289.943
