eval_accuracy = 0.46799999475479126
eval_loss = 1.3392575979232788
eval_mae = 0.6886
eval_runtime = 20.3924
eval_samples_per_second = 245.19
