eval_accuracy = 0.5289999842643738
eval_loss = 1.0530511140823364
eval_mae = 0.5682
eval_runtime = 16.3338
eval_samples_per_second = 306.114
