eval_accuracy = 0.5934000015258789
eval_loss = 1.0069622993469238
eval_mae = 0.4684
eval_runtime = 17.1904
eval_samples_per_second = 290.86
