eval_accuracy = 0.5490000247955322
eval_loss = 1.1475543975830078
eval_mae = 0.5824
eval_runtime = 16.4045
eval_samples_per_second = 304.794
