eval_accuracy = 0.5802000164985657
eval_loss = 0.9794623851776123
eval_mae = 0.4902
eval_runtime = 17.2864
eval_samples_per_second = 289.244
