eval_accuracy = 0.5946000218391418
eval_loss = 0.947620689868927
eval_mae = 0.4672
eval_runtime = 19.0244
eval_samples_per_second = 262.82
