eval_accuracy = 0.49939998984336853
eval_loss = 1.1557798385620117
eval_mae = 0.5914
eval_runtime = 17.2487
eval_samples_per_second = 289.876
