eval_accuracy = 0.47600001096725464
eval_loss = 1.343136191368103
eval_mae = 0.6938
eval_runtime = 16.992
eval_samples_per_second = 294.256
