eval_accuracy = 0.5608000159263611
eval_loss = 1.0452345609664917
eval_mae = 0.5086
eval_runtime = 18.4059
eval_samples_per_second = 271.651
