eval_accuracy = 0.5938000082969666
eval_loss = 0.9479265809059143
eval_mae = 0.4598
eval_runtime = 17.2381
eval_samples_per_second = 290.054
