eval_accuracy = 0.5558000206947327
eval_loss = 1.0247423648834229
eval_mae = 0.5346
eval_runtime = 17.2872
eval_samples_per_second = 289.231
