eval_accuracy = 0.593999981880188
eval_loss = 0.9606456160545349
eval_mae = 0.4826
eval_runtime = 17.3705
eval_samples_per_second = 287.844
