eval_accuracy = 0.545799970626831
eval_loss = 1.029606819152832
eval_mae = 0.5398
eval_runtime = 17.4535
eval_samples_per_second = 286.476
