eval_accuracy = 0.5648000240325928
eval_loss = 1.0144826173782349
eval_mae = 0.5072
eval_runtime = 16.9978
eval_samples_per_second = 294.156
