eval_accuracy = 0.6359999775886536
eval_loss = 0.8895360231399536
eval_mae = 0.415
eval_runtime = 20.0346
eval_samples_per_second = 249.568
