eval_accuracy = 0.5899999737739563
eval_loss = 0.9493312239646912
eval_mae = 0.4628
eval_runtime = 16.5465
eval_samples_per_second = 302.178
