eval_accuracy = 0.6205999851226807
eval_loss = 0.9520683884620667
eval_mae = 0.4296
eval_runtime = 17.5296
eval_samples_per_second = 285.232
