eval_accuracy = 0.574999988079071
eval_loss = 1.0864646434783936
eval_mae = 0.5118
eval_runtime = 16.058
eval_samples_per_second = 311.372
