eval_accuracy = 0.5544000267982483
eval_loss = 1.025626540184021
eval_mae = 0.5366
eval_runtime = 17.5501
eval_samples_per_second = 284.899
