eval_accuracy = 0.6366000175476074
eval_loss = 0.8895964026451111
eval_mae = 0.4144
eval_runtime = 21.4621
eval_samples_per_second = 232.969
