eval_accuracy = 0.59579998254776
eval_loss = 0.9437863230705261
eval_mae = 0.4662
eval_runtime = 21.3426
eval_samples_per_second = 234.273
