eval_accuracy = 0.4758000075817108
eval_loss = 1.3428069353103638
eval_mae = 0.6926
eval_runtime = 16.6502
eval_samples_per_second = 300.297
