eval_accuracy = 0.5929999947547913
eval_loss = 0.9483760595321655
eval_mae = 0.47
eval_runtime = 18.7127
eval_samples_per_second = 267.199
