eval_accuracy = 0.5264000296592712
eval_loss = 1.0536974668502808
eval_mae = 0.5704
eval_runtime = 16.8734
eval_samples_per_second = 296.325
