eval_accuracy = 0.5934000015258789
eval_loss = 1.0067819356918335
eval_mae = 0.469
eval_runtime = 17.4178
eval_samples_per_second = 287.063
