eval_accuracy = 0.6019999980926514
eval_loss = 0.9357824325561523
eval_mae = 0.454
eval_runtime = 16.4844
eval_samples_per_second = 303.317
