eval_accuracy = 0.5655999779701233
eval_loss = 1.0143249034881592
eval_mae = 0.5066
eval_runtime = 16.9969
eval_samples_per_second = 294.172
