eval_accuracy = 0.5583999752998352
eval_loss = 1.0785530805587769
eval_mae = 0.5312
eval_runtime = 19.0276
eval_samples_per_second = 262.777
