eval_accuracy = 0.5777999758720398
eval_loss = 1.0195351839065552
eval_mae = 0.4974
eval_runtime = 32.8898
eval_samples_per_second = 152.023
