eval_accuracy = 0.5705999732017517
eval_loss = 1.0215691328048706
eval_mae = 0.5066
eval_runtime = 17.3002
eval_samples_per_second = 289.014
