eval_accuracy = 0.5817999839782715
eval_loss = 0.9790931344032288
eval_mae = 0.488
eval_runtime = 17.4683
eval_samples_per_second = 286.232
