eval_accuracy = 0.4586000144481659
eval_loss = 1.3675858974456787
eval_mae = 0.731
eval_runtime = 17.2871
eval_samples_per_second = 289.234
