eval_accuracy = 0.483599990606308
eval_loss = 1.3525748252868652
eval_mae = 0.6714
eval_runtime = 18.9898
eval_samples_per_second = 263.299
