eval_accuracy = 0.5586000084877014
eval_loss = 1.078230619430542
eval_mae = 0.5306
eval_runtime = 20.1323
eval_samples_per_second = 248.358
