eval_accuracy = 0.5004000067710876
eval_loss = 1.242065191268921
eval_mae = 0.5952
eval_runtime = 22.4659
eval_samples_per_second = 222.56
