eval_accuracy = 0.5942000150680542
eval_loss = 0.9482279419898987
eval_mae = 0.4698
eval_runtime = 19.8412
eval_samples_per_second = 252.0
