eval_accuracy = 0.5807999968528748
eval_loss = 1.0114763975143433
eval_mae = 0.4814
eval_runtime = 17.4611
eval_samples_per_second = 286.351
