eval_accuracy = 0.5950000286102295
eval_loss = 1.0122259855270386
eval_mae = 0.4676
eval_runtime = 17.2813
eval_samples_per_second = 289.33
