eval_accuracy = 0.5496000051498413
eval_loss = 1.1483206748962402
eval_mae = 0.5812
eval_runtime = 17.4849
eval_samples_per_second = 285.961
