eval_accuracy = 0.5799999833106995
eval_loss = 1.0174776315689087
eval_mae = 0.4822
eval_runtime = 17.5421
eval_samples_per_second = 285.028
