eval_accuracy = 0.5929999947547913
eval_loss = 1.006421685218811
eval_mae = 0.4688
eval_runtime = 17.3584
eval_samples_per_second = 288.045
