eval_accuracy = 0.5604000091552734
eval_loss = 1.0461195707321167
eval_mae = 0.5092
eval_runtime = 21.4228
eval_samples_per_second = 233.396
