eval_accuracy = 0.4747999906539917
eval_loss = 1.3430429697036743
eval_mae = 0.6946
eval_runtime = 16.3885
eval_samples_per_second = 305.092
