eval_accuracy = 0.46720001101493835
eval_loss = 1.3393898010253906
eval_mae = 0.6894
eval_runtime = 19.8644
eval_samples_per_second = 251.707
