eval_accuracy = 0.5952000021934509
eval_loss = 1.0063027143478394
eval_mae = 0.4664
eval_runtime = 17.2239
eval_samples_per_second = 290.295
