eval_accuracy = 0.5486000180244446
eval_loss = 1.150580644607544
eval_mae = 0.5824
eval_runtime = 17.4008
eval_samples_per_second = 287.343
