eval_accuracy = 0.546999990940094
eval_loss = 1.1465976238250732
eval_mae = 0.5796
eval_runtime = 16.8279
eval_samples_per_second = 297.126
