eval_accuracy = 0.4593999981880188
eval_loss = 1.3624297380447388
eval_mae = 0.7284
eval_runtime = 16.7371
eval_samples_per_second = 298.738
