eval_accuracy = 0.574999988079071
eval_loss = 1.0853549242019653
eval_mae = 0.5106
eval_runtime = 16.2466
eval_samples_per_second = 307.757
