eval_accuracy = 0.6348000168800354
eval_loss = 0.8895613551139832
eval_mae = 0.4164
eval_runtime = 19.1519
eval_samples_per_second = 261.071
