eval_accuracy = 0.571399986743927
eval_loss = 1.0896192789077759
eval_mae = 0.515
eval_runtime = 16.4398
eval_samples_per_second = 304.14
