eval_accuracy = 0.5812000036239624
eval_loss = 1.0186654329299927
eval_mae = 0.4936
eval_runtime = 32.9522
eval_samples_per_second = 151.735
