eval_accuracy = 0.49959999322891235
eval_loss = 1.155706524848938
eval_mae = 0.5914
eval_runtime = 17.3041
eval_samples_per_second = 288.948
