eval_accuracy = 0.5590000152587891
eval_loss = 1.0788164138793945
eval_mae = 0.5302
eval_runtime = 18.6564
eval_samples_per_second = 268.005
