eval_accuracy = 0.5532000064849854
eval_loss = 1.0229099988937378
eval_mae = 0.5378
eval_runtime = 17.2385
eval_samples_per_second = 290.049
