eval_accuracy = 0.5576000213623047
eval_loss = 1.0625218152999878
eval_mae = 0.5212
eval_runtime = 18.4244
eval_samples_per_second = 271.379
