eval_accuracy = 0.607200026512146
eval_loss = 0.9497078061103821
eval_mae = 0.4488
eval_runtime = 18.6388
eval_samples_per_second = 268.258
