eval_accuracy = 0.5013999938964844
eval_loss = 1.1558153629302979
eval_mae = 0.59
eval_runtime = 17.2873
eval_samples_per_second = 289.229
