eval_accuracy = 0.5005999803543091
eval_loss = 1.178187370300293
eval_mae = 0.5948
eval_runtime = 17.35
eval_samples_per_second = 288.184
