eval_accuracy = 0.5022000074386597
eval_loss = 1.242629051208496
eval_mae = 0.594
eval_runtime = 18.8609
eval_samples_per_second = 265.099
