eval_accuracy = 0.49779999256134033
eval_loss = 1.2382861375808716
eval_mae = 0.6464
eval_runtime = 19.5891
eval_samples_per_second = 255.244
