eval_accuracy = 0.49880000948905945
eval_loss = 1.228811502456665
eval_mae = 0.6038
eval_runtime = 18.451
eval_samples_per_second = 270.988
