eval_accuracy = 0.4973999857902527
eval_loss = 1.2380001544952393
eval_mae = 0.6468
eval_runtime = 31.918
eval_samples_per_second = 156.651
