eval_accuracy = 0.574400007724762
eval_loss = 1.0852378606796265
eval_mae = 0.5104
eval_runtime = 16.3482
eval_samples_per_second = 305.843
