eval_accuracy = 0.5586000084877014
eval_loss = 1.0240919589996338
eval_mae = 0.5322
eval_runtime = 17.2795
eval_samples_per_second = 289.36
