eval_accuracy = 0.5997999906539917
eval_loss = 0.9555246829986572
eval_mae = 0.463
eval_runtime = 17.2797
eval_samples_per_second = 289.357
