eval_accuracy = 0.5753999948501587
eval_loss = 1.0073949098587036
eval_mae = 0.4962
eval_runtime = 16.5845
eval_samples_per_second = 301.486
