eval_accuracy = 0.5708000063896179
eval_loss = 0.991173505783081
eval_mae = 0.5082
eval_runtime = 16.1509
eval_samples_per_second = 309.58
