eval_accuracy = 0.5698000192642212
eval_loss = 1.0214437246322632
eval_mae = 0.5084
eval_runtime = 17.2794
eval_samples_per_second = 289.362
