eval_accuracy = 0.49900001287460327
eval_loss = 1.156626582145691
eval_mae = 0.5914
eval_runtime = 17.3494
eval_samples_per_second = 288.194
