eval_accuracy = 0.6061999797821045
eval_loss = 0.9475198984146118
eval_mae = 0.4568
eval_runtime = 17.3176
eval_samples_per_second = 288.724
