eval_accuracy = 0.6019999980926514
eval_loss = 0.9357353448867798
eval_mae = 0.4542
eval_runtime = 17.1116
eval_samples_per_second = 292.2
