eval_accuracy = 0.4410000145435333
eval_loss = 1.4405981302261353
eval_mae = 0.7264
eval_runtime = 19.7204
eval_samples_per_second = 253.545
