eval_accuracy = 0.47279998660087585
eval_loss = 1.3486891984939575
eval_mae = 0.6898
eval_runtime = 16.7088
eval_samples_per_second = 299.244
