eval_accuracy = 0.6050000190734863
eval_loss = 0.9455487132072449
eval_mae = 0.4572
eval_runtime = 17.246
eval_samples_per_second = 289.922
