eval_accuracy = 0.6060000061988831
eval_loss = 0.9464728236198425
eval_mae = 0.456
eval_runtime = 17.2659
eval_samples_per_second = 289.588
