eval_accuracy = 0.5450000166893005
eval_loss = 1.086788535118103
eval_mae = 0.5438
eval_runtime = 18.5734
eval_samples_per_second = 269.202
