eval_accuracy = 0.5807999968528748
eval_loss = 1.0209629535675049
eval_mae = 0.4952
eval_runtime = 19.4082
eval_samples_per_second = 257.623
