eval_accuracy = 0.5004000067710876
eval_loss = 1.1586154699325562
eval_mae = 0.5908
eval_runtime = 17.5047
eval_samples_per_second = 285.637
