eval_accuracy = 0.48339998722076416
eval_loss = 1.3540624380111694
eval_mae = 0.6722
eval_runtime = 18.3779
eval_samples_per_second = 272.066
