eval_accuracy = 0.5473999977111816
eval_loss = 1.0864888429641724
eval_mae = 0.5414
eval_runtime = 22.5958
eval_samples_per_second = 221.28
