eval_accuracy = 0.5789999961853027
eval_loss = 1.017600178718567
eval_mae = 0.4832
eval_runtime = 16.7772
eval_samples_per_second = 298.023
