eval_accuracy = 0.4970000088214874
eval_loss = 1.2386115789413452
eval_mae = 0.647
eval_runtime = 22.4216
eval_samples_per_second = 222.999
