eval_accuracy = 0.5709999799728394
eval_loss = 0.9901466965675354
eval_mae = 0.5058
eval_runtime = 18.5148
eval_samples_per_second = 270.054
