eval_accuracy = 0.5705999732017517
eval_loss = 0.9905000925064087
eval_mae = 0.5074
eval_runtime = 17.2573
eval_samples_per_second = 289.732
