eval_accuracy = 0.5001999735832214
eval_loss = 1.2419201135635376
eval_mae = 0.5954
eval_runtime = 20.3872
eval_samples_per_second = 245.252
