eval_accuracy = 0.5490000247955322
eval_loss = 1.0853837728500366
eval_mae = 0.5394
eval_runtime = 22.3578
eval_samples_per_second = 223.636
