eval_accuracy = 0.5914000272750854
eval_loss = 0.9475628733634949
eval_mae = 0.4614
eval_runtime = 16.2493
eval_samples_per_second = 307.706
