eval_accuracy = 0.593999981880188
eval_loss = 1.006894588470459
eval_mae = 0.4676
eval_runtime = 17.1632
eval_samples_per_second = 291.322
