eval_accuracy = 0.47699999809265137
eval_loss = 1.3904646635055542
eval_mae = 0.6786
eval_runtime = 21.5507
eval_samples_per_second = 232.011
