eval_accuracy = 0.592199981212616
eval_loss = 0.9498632550239563
eval_mae = 0.4704
eval_runtime = 18.5653
eval_samples_per_second = 269.32
