eval_accuracy = 0.6366000175476074
eval_loss = 0.8895436525344849
eval_mae = 0.4144
eval_runtime = 19.0652
eval_samples_per_second = 262.259
