eval_accuracy = 0.4674000144004822
eval_loss = 1.2965806722640991
eval_mae = 0.6822
eval_runtime = 28.6213
eval_samples_per_second = 174.695
