eval_accuracy = 0.5479999780654907
eval_loss = 1.0856444835662842
eval_mae = 0.5416
eval_runtime = 18.5417
eval_samples_per_second = 269.663
