eval_accuracy = 0.4397999942302704
eval_loss = 1.4436551332473755
eval_mae = 0.729
eval_runtime = 18.539
eval_samples_per_second = 269.702
