eval_accuracy = 0.5716000199317932
eval_loss = 1.0831555128097534
eval_mae = 0.5152
eval_runtime = 16.4706
eval_samples_per_second = 303.571
