eval_accuracy = 0.4702000021934509
eval_loss = 1.3495665788650513
eval_mae = 0.692
eval_runtime = 17.261
eval_samples_per_second = 289.671
