eval_accuracy = 0.4745999872684479
eval_loss = 1.3947246074676514
eval_mae = 0.6774
eval_runtime = 22.8135
eval_samples_per_second = 219.168
