eval_accuracy = 0.5817999839782715
eval_loss = 0.9785593748092651
eval_mae = 0.489
eval_runtime = 17.3798
eval_samples_per_second = 287.691
