eval_accuracy = 0.5022000074386597
eval_loss = 1.1599366664886475
eval_mae = 0.5882
eval_runtime = 17.2826
eval_samples_per_second = 289.308
