eval_accuracy = 0.4991999864578247
eval_loss = 1.155485987663269
eval_mae = 0.5916
eval_runtime = 17.3433
eval_samples_per_second = 288.296
