eval_accuracy = 0.5889999866485596
eval_loss = 0.9494275450706482
eval_mae = 0.4638
eval_runtime = 17.1018
eval_samples_per_second = 292.367
