eval_accuracy = 0.6003999710083008
eval_loss = 0.9557150602340698
eval_mae = 0.4622
eval_runtime = 17.2731
eval_samples_per_second = 289.468
