eval_accuracy = 0.5758000016212463
eval_loss = 1.0852019786834717
eval_mae = 0.5102
eval_runtime = 16.0027
eval_samples_per_second = 312.446
