eval_accuracy = 0.477400004863739
eval_loss = 1.3942619562149048
eval_mae = 0.6776
eval_runtime = 19.6935
eval_samples_per_second = 253.891
