eval_accuracy = 0.6055999994277954
eval_loss = 0.9462147355079651
eval_mae = 0.456
eval_runtime = 17.2501
eval_samples_per_second = 289.853
