eval_accuracy = 0.5583999752998352
eval_loss = 1.0785300731658936
eval_mae = 0.5308
eval_runtime = 19.7508
eval_samples_per_second = 253.155
