eval_accuracy = 0.5703999996185303
eval_loss = 1.0205518007278442
eval_mae = 0.507
eval_runtime = 17.3653
eval_samples_per_second = 287.93
