eval_accuracy = 0.6370000243186951
eval_loss = 0.8900884985923767
eval_mae = 0.4138
eval_runtime = 18.2414
eval_samples_per_second = 274.101
