eval_accuracy = 0.6086000204086304
eval_loss = 0.9450485110282898
eval_mae = 0.4462
eval_runtime = 21.3181
eval_samples_per_second = 234.543
