eval_accuracy = 0.5491999983787537
eval_loss = 1.1474822759628296
eval_mae = 0.5808
eval_runtime = 17.3902
eval_samples_per_second = 287.518
