eval_accuracy = 0.47519999742507935
eval_loss = 1.3988163471221924
eval_mae = 0.6838
eval_runtime = 18.8954
eval_samples_per_second = 264.615
