eval_accuracy = 0.5031999945640564
eval_loss = 1.1559242010116577
eval_mae = 0.5862
eval_runtime = 17.2343
eval_samples_per_second = 290.119
