eval_accuracy = 0.5934000015258789
eval_loss = 0.9480869174003601
eval_mae = 0.4686
eval_runtime = 18.8811
eval_samples_per_second = 264.815
