eval_accuracy = 0.5005999803543091
eval_loss = 1.1524674892425537
eval_mae = 0.5894
eval_runtime = 17.3357
eval_samples_per_second = 288.422
