eval_accuracy = 0.5637999773025513
eval_loss = 1.014338493347168
eval_mae = 0.5076
eval_runtime = 17.0118
eval_samples_per_second = 293.914
