eval_accuracy = 0.5932000279426575
eval_loss = 1.0091253519058228
eval_mae = 0.469
eval_runtime = 17.4934
eval_samples_per_second = 285.822
