eval_accuracy = 0.4968000054359436
eval_loss = 1.238664150238037
eval_mae = 0.6478
eval_runtime = 19.2775
eval_samples_per_second = 259.369
