eval_accuracy = 0.6370000243186951
eval_loss = 0.8896275162696838
eval_mae = 0.415
eval_runtime = 17.9373
eval_samples_per_second = 278.749
