eval_accuracy = 0.504800021648407
eval_loss = 1.1781114339828491
eval_mae = 0.5918
eval_runtime = 17.3856
eval_samples_per_second = 287.595
