eval_accuracy = 0.48660001158714294
eval_loss = 1.3497068881988525
eval_mae = 0.6704
eval_runtime = 18.5405
eval_samples_per_second = 269.68
