eval_accuracy = 0.6191999912261963
eval_loss = 0.9506475329399109
eval_mae = 0.431
eval_runtime = 17.3902
eval_samples_per_second = 287.518
