eval_accuracy = 0.4580000042915344
eval_loss = 1.3648009300231934
eval_mae = 0.731
eval_runtime = 16.7535
eval_samples_per_second = 298.444
