eval_accuracy = 0.4812000095844269
eval_loss = 1.3535606861114502
eval_mae = 0.6734
eval_runtime = 19.8232
eval_samples_per_second = 252.23
