eval_accuracy = 0.5558000206947327
eval_loss = 1.0803810358047485
eval_mae = 0.565
eval_runtime = 18.64
eval_samples_per_second = 268.241
