eval_accuracy = 0.6000000238418579
eval_loss = 0.9550438523292542
eval_mae = 0.4632
eval_runtime = 16.3319
eval_samples_per_second = 306.149
