eval_accuracy = 0.5605999827384949
eval_loss = 1.046256422996521
eval_mae = 0.5094
eval_runtime = 20.0332
eval_samples_per_second = 249.585
