eval_accuracy = 0.46720001101493835
eval_loss = 1.299120306968689
eval_mae = 0.6826
eval_runtime = 25.8135
eval_samples_per_second = 193.697
