eval_accuracy = 0.5694000124931335
eval_loss = 0.9913328886032104
eval_mae = 0.5092
eval_runtime = 17.0032
eval_samples_per_second = 294.061
