eval_accuracy = 0.46700000762939453
eval_loss = 1.3399103879928589
eval_mae = 0.69
eval_runtime = 19.9051
eval_samples_per_second = 251.192
