eval_accuracy = 0.5600000023841858
eval_loss = 1.0460631847381592
eval_mae = 0.5094
eval_runtime = 18.4914
eval_samples_per_second = 270.396
