eval_accuracy = 0.5001999735832214
eval_loss = 1.1558705568313599
eval_mae = 0.5908
eval_runtime = 16.6005
eval_samples_per_second = 301.196
