eval_accuracy = 0.5910000205039978
eval_loss = 0.9491543173789978
eval_mae = 0.4628
eval_runtime = 17.2319
eval_samples_per_second = 290.16
