eval_accuracy = 0.5590000152587891
eval_loss = 1.0636101961135864
eval_mae = 0.52
eval_runtime = 18.854
eval_samples_per_second = 265.196
