eval_accuracy = 0.5938000082969666
eval_loss = 0.9471865296363831
eval_mae = 0.4684
eval_runtime = 18.3691
eval_samples_per_second = 272.196
