eval_accuracy = 0.5961999893188477
eval_loss = 1.0085794925689697
eval_mae = 0.4646
eval_runtime = 17.2253
eval_samples_per_second = 290.271
