eval_accuracy = 0.5073999762535095
eval_loss = 1.2284815311431885
eval_mae = 0.6196
eval_runtime = 18.9476
eval_samples_per_second = 263.886
