eval_accuracy = 0.5892000198364258
eval_loss = 0.9474137425422668
eval_mae = 0.4634
eval_runtime = 16.2612
eval_samples_per_second = 307.48
