eval_accuracy = 0.46939998865127563
eval_loss = 1.3452519178390503
eval_mae = 0.6914
eval_runtime = 16.6841
eval_samples_per_second = 299.687
