eval_accuracy = 0.5637999773025513
eval_loss = 1.0142998695373535
eval_mae = 0.5082
eval_runtime = 16.891
eval_samples_per_second = 296.015
