eval_accuracy = 0.5788000226020813
eval_loss = 1.0116444826126099
eval_mae = 0.4828
eval_runtime = 17.4848
eval_samples_per_second = 285.963
