eval_accuracy = 0.5612000226974487
eval_loss = 1.0459624528884888
eval_mae = 0.5076
eval_runtime = 18.3686
eval_samples_per_second = 272.203
