eval_accuracy = 0.5590000152587891
eval_loss = 1.0624728202819824
eval_mae = 0.52
eval_runtime = 18.3066
eval_samples_per_second = 273.125
