eval_accuracy = 0.5564000010490417
eval_loss = 1.0248475074768066
eval_mae = 0.5354
eval_runtime = 17.2683
eval_samples_per_second = 289.549
