eval_accuracy = 0.5577999949455261
eval_loss = 1.0803124904632568
eval_mae = 0.564
eval_runtime = 32.4448
eval_samples_per_second = 154.108
