eval_accuracy = 0.5550000071525574
eval_loss = 1.0240027904510498
eval_mae = 0.5354
eval_runtime = 17.3694
eval_samples_per_second = 287.862
