eval_accuracy = 0.5005999803543091
eval_loss = 1.2395967245101929
eval_mae = 0.5944
eval_runtime = 20.73
eval_samples_per_second = 241.196
