eval_accuracy = 0.4812000095844269
eval_loss = 1.3920480012893677
eval_mae = 0.6734
eval_runtime = 20.0746
eval_samples_per_second = 249.071
