eval_accuracy = 0.503600001335144
eval_loss = 1.1497820615768433
eval_mae = 0.5878
eval_runtime = 16.8911
eval_samples_per_second = 296.013
