eval_accuracy = 0.47279998660087585
eval_loss = 1.3480052947998047
eval_mae = 0.6882
eval_runtime = 17.3185
eval_samples_per_second = 288.709
