eval_accuracy = 0.571399986743927
eval_loss = 0.993109941482544
eval_mae = 0.5074
eval_runtime = 17.0054
eval_samples_per_second = 294.025
