eval_accuracy = 0.5591999888420105
eval_loss = 1.0449334383010864
eval_mae = 0.5116
eval_runtime = 18.5225
eval_samples_per_second = 269.942
