eval_accuracy = 0.5063999891281128
eval_loss = 1.227028727531433
eval_mae = 0.6212
eval_runtime = 28.872
eval_samples_per_second = 173.178
