eval_accuracy = 0.6018000245094299
eval_loss = 0.935703694820404
eval_mae = 0.4542
eval_runtime = 17.1427
eval_samples_per_second = 291.669
