eval_accuracy = 0.49480000138282776
eval_loss = 1.2412326335906982
eval_mae = 0.65
eval_runtime = 18.7088
eval_samples_per_second = 267.254
