eval_accuracy = 0.454800009727478
eval_loss = 1.3650578260421753
eval_mae = 0.7344
eval_runtime = 16.5786
eval_samples_per_second = 301.594
