eval_accuracy = 0.4602000117301941
eval_loss = 1.367299199104309
eval_mae = 0.7286
eval_runtime = 17.3442
eval_samples_per_second = 288.28
