eval_accuracy = 0.5612000226974487
eval_loss = 1.0481064319610596
eval_mae = 0.5088
eval_runtime = 18.3873
eval_samples_per_second = 271.926
