eval_accuracy = 0.5799999833106995
eval_loss = 1.0176669359207153
eval_mae = 0.4814
eval_runtime = 17.6099
eval_samples_per_second = 283.931
