eval_accuracy = 0.4742000102996826
eval_loss = 1.3439444303512573
eval_mae = 0.696
eval_runtime = 16.964
eval_samples_per_second = 294.741
