eval_accuracy = 0.5935999751091003
eval_loss = 1.0069019794464111
eval_mae = 0.4664
eval_runtime = 16.6586
eval_samples_per_second = 300.146
