eval_accuracy = 0.545799970626831
eval_loss = 1.0299490690231323
eval_mae = 0.5394
eval_runtime = 17.3471
eval_samples_per_second = 288.233
