eval_accuracy = 0.5794000029563904
eval_loss = 1.0108057260513306
eval_mae = 0.4822
eval_runtime = 17.4482
eval_samples_per_second = 286.562
