eval_accuracy = 0.5565999746322632
eval_loss = 1.0800089836120605
eval_mae = 0.5648
eval_runtime = 19.5207
eval_samples_per_second = 256.138
