eval_accuracy = 0.5562000274658203
eval_loss = 1.080510139465332
eval_mae = 0.565
eval_runtime = 21.8997
eval_samples_per_second = 228.313
