eval_accuracy = 0.5529999732971191
eval_loss = 1.0254251956939697
eval_mae = 0.5392
eval_runtime = 17.237
eval_samples_per_second = 290.074
