eval_accuracy = 0.5067999958992004
eval_loss = 1.228899359703064
eval_mae = 0.6204
eval_runtime = 37.1062
eval_samples_per_second = 134.748
