eval_accuracy = 0.5795999765396118
eval_loss = 1.0116342306137085
eval_mae = 0.4822
eval_runtime = 18.2782
eval_samples_per_second = 273.55
