eval_accuracy = 0.47200000286102295
eval_loss = 1.3491618633270264
eval_mae = 0.6904
eval_runtime = 17.4145
eval_samples_per_second = 287.117
