eval_accuracy = 0.6205999851226807
eval_loss = 0.9510553479194641
eval_mae = 0.4284
eval_runtime = 17.5226
eval_samples_per_second = 285.345
