eval_accuracy = 0.605400025844574
eval_loss = 0.9451711177825928
eval_mae = 0.456
eval_runtime = 17.3052
eval_samples_per_second = 288.93
