eval_accuracy = 0.6050000190734863
eval_loss = 0.9450420141220093
eval_mae = 0.4564
eval_runtime = 17.2624
eval_samples_per_second = 289.647
