eval_accuracy = 0.5795999765396118
eval_loss = 0.978465735912323
eval_mae = 0.4904
eval_runtime = 17.3371
eval_samples_per_second = 288.399
