eval_accuracy = 0.501800000667572
eval_loss = 1.1786859035491943
eval_mae = 0.5952
eval_runtime = 17.239
eval_samples_per_second = 290.04
