eval_accuracy = 0.5478000044822693
eval_loss = 1.085927963256836
eval_mae = 0.541
eval_runtime = 29.3065
eval_samples_per_second = 170.611
