eval_accuracy = 0.5947999954223633
eval_loss = 0.9483056664466858
eval_mae = 0.4662
eval_runtime = 18.7404
eval_samples_per_second = 266.803
