eval_accuracy = 0.4397999942302704
eval_loss = 1.4430577754974365
eval_mae = 0.7284
eval_runtime = 22.6736
eval_samples_per_second = 220.52
