eval_accuracy = 0.4733999967575073
eval_loss = 1.3965063095092773
eval_mae = 0.6806
eval_runtime = 30.1902
eval_samples_per_second = 165.617
