eval_accuracy = 0.5465999841690063
eval_loss = 1.147435188293457
eval_mae = 0.5846
eval_runtime = 17.4848
eval_samples_per_second = 285.962
