eval_accuracy = 0.550599992275238
eval_loss = 1.0234712362289429
eval_mae = 0.5378
eval_runtime = 17.1728
eval_samples_per_second = 291.159
