eval_accuracy = 0.5558000206947327
eval_loss = 1.0789408683776855
eval_mae = 0.5652
eval_runtime = 30.3584
eval_samples_per_second = 164.699
