eval_accuracy = 0.5821999907493591
eval_loss = 0.9793148636817932
eval_mae = 0.489
eval_runtime = 17.4178
eval_samples_per_second = 287.063
