eval_accuracy = 0.5555999875068665
eval_loss = 1.0811949968338013
eval_mae = 0.5662
eval_runtime = 18.4131
eval_samples_per_second = 271.546
