eval_accuracy = 0.5722000002861023
eval_loss = 0.9901023507118225
eval_mae = 0.5056
eval_runtime = 16.8908
eval_samples_per_second = 296.019
