eval_accuracy = 0.48339998722076416
eval_loss = 1.3522056341171265
eval_mae = 0.6712
eval_runtime = 18.3712
eval_samples_per_second = 272.165
