eval_accuracy = 0.6363999843597412
eval_loss = 0.8895820379257202
eval_mae = 0.4146
eval_runtime = 18.65
eval_samples_per_second = 268.097
