eval_accuracy = 0.5803999900817871
eval_loss = 1.0169528722763062
eval_mae = 0.4808
eval_runtime = 16.9324
eval_samples_per_second = 295.292
