eval_accuracy = 0.573199987411499
eval_loss = 1.0849642753601074
eval_mae = 0.5098
eval_runtime = 17.1966
eval_samples_per_second = 290.756
