eval_accuracy = 0.5070000290870667
eval_loss = 1.2292121648788452
eval_mae = 0.6206
eval_runtime = 32.6684
eval_samples_per_second = 153.053
