eval_accuracy = 0.5649999976158142
eval_loss = 1.0125195980072021
eval_mae = 0.5056
eval_runtime = 17.2127
eval_samples_per_second = 290.484
