eval_accuracy = 0.5019999742507935
eval_loss = 1.174916386604309
eval_mae = 0.5938
eval_runtime = 17.3661
eval_samples_per_second = 287.917
