eval_accuracy = 0.5794000029563904
eval_loss = 1.0172773599624634
eval_mae = 0.4968
eval_runtime = 23.9342
eval_samples_per_second = 208.906
