eval_accuracy = 0.5820000171661377
eval_loss = 1.017313838005066
eval_mae = 0.4926
eval_runtime = 20.8492
eval_samples_per_second = 239.818
