eval_accuracy = 0.5473999977111816
eval_loss = 1.0858367681503296
eval_mae = 0.5414
eval_runtime = 22.8136
eval_samples_per_second = 219.167
