eval_accuracy = 0.4814000129699707
eval_loss = 1.3919421434402466
eval_mae = 0.6732
eval_runtime = 30.0181
eval_samples_per_second = 166.566
