eval_accuracy = 0.4650000035762787
eval_loss = 1.2971481084823608
eval_mae = 0.6882
eval_runtime = 18.4623
eval_samples_per_second = 270.822
