eval_accuracy = 0.4578000009059906
eval_loss = 1.3675457239151
eval_mae = 0.7324
eval_runtime = 17.5485
eval_samples_per_second = 284.925
