eval_accuracy = 0.5794000029563904
eval_loss = 1.0181077718734741
eval_mae = 0.4822
eval_runtime = 17.4137
eval_samples_per_second = 287.131
