eval_accuracy = 0.5049999952316284
eval_loss = 1.2341421842575073
eval_mae = 0.6244
eval_runtime = 20.6198
eval_samples_per_second = 242.485
