eval_accuracy = 0.5806000232696533
eval_loss = 1.0112982988357544
eval_mae = 0.4814
eval_runtime = 17.6178
eval_samples_per_second = 283.804
