eval_accuracy = 0.5907999873161316
eval_loss = 0.9462306499481201
eval_mae = 0.462
eval_runtime = 17.1654
eval_samples_per_second = 291.284
