eval_accuracy = 0.5547999739646912
eval_loss = 1.0264862775802612
eval_mae = 0.5386
eval_runtime = 17.3825
eval_samples_per_second = 287.646
