eval_accuracy = 0.5703999996185303
eval_loss = 0.9915894269943237
eval_mae = 0.5088
eval_runtime = 16.3492
eval_samples_per_second = 305.825
