eval_accuracy = 0.5551999807357788
eval_loss = 1.0244977474212646
eval_mae = 0.5382
eval_runtime = 16.611
eval_samples_per_second = 301.005
