eval_accuracy = 0.548799991607666
eval_loss = 1.1473158597946167
eval_mae = 0.5812
eval_runtime = 17.5705
eval_samples_per_second = 284.568
