eval_accuracy = 0.5702000260353088
eval_loss = 0.9919756650924683
eval_mae = 0.5086
eval_runtime = 16.5386
eval_samples_per_second = 302.324
