eval_accuracy = 0.6366000175476074
eval_loss = 0.8896874785423279
eval_mae = 0.4144
eval_runtime = 27.7537
eval_samples_per_second = 180.156
