eval_accuracy = 0.5898000001907349
eval_loss = 0.9489269256591797
eval_mae = 0.4634
eval_runtime = 16.5859
eval_samples_per_second = 301.461
