eval_accuracy = 0.6359999775886536
eval_loss = 0.8896558880805969
eval_mae = 0.415
eval_runtime = 18.2498
eval_samples_per_second = 273.976
