eval_accuracy = 0.5654000043869019
eval_loss = 1.014827847480774
eval_mae = 0.508
eval_runtime = 16.997
eval_samples_per_second = 294.17
