eval_accuracy = 0.5478000044822693
eval_loss = 1.086013913154602
eval_mae = 0.5412
eval_runtime = 19.111
eval_samples_per_second = 261.629
