eval_accuracy = 0.5267999768257141
eval_loss = 1.053490161895752
eval_mae = 0.57
eval_runtime = 16.2594
eval_samples_per_second = 307.513
