eval_accuracy = 0.620199978351593
eval_loss = 0.951228141784668
eval_mae = 0.4298
eval_runtime = 17.5087
eval_samples_per_second = 285.573
