eval_accuracy = 0.5275999903678894
eval_loss = 1.0534203052520752
eval_mae = 0.57
eval_runtime = 16.9228
eval_samples_per_second = 295.459
