eval_accuracy = 0.44279998540878296
eval_loss = 1.43753182888031
eval_mae = 0.7214
eval_runtime = 19.0222
eval_samples_per_second = 262.85
