eval_accuracy = 0.4970000088214874
eval_loss = 1.2387290000915527
eval_mae = 0.6478
eval_runtime = 26.9722
eval_samples_per_second = 185.376
