eval_accuracy = 0.5898000001907349
eval_loss = 0.9480398297309875
eval_mae = 0.4632
eval_runtime = 17.1706
eval_samples_per_second = 291.196
