eval_accuracy = 0.5813999772071838
eval_loss = 1.0187170505523682
eval_mae = 0.4954
eval_runtime = 30.4354
eval_samples_per_second = 164.282
