eval_accuracy = 0.5938000082969666
eval_loss = 0.9481945037841797
eval_mae = 0.4682
eval_runtime = 17.9843
eval_samples_per_second = 278.02
