eval_accuracy = 0.5491999983787537
eval_loss = 1.1486201286315918
eval_mae = 0.5816
eval_runtime = 17.3832
eval_samples_per_second = 287.635
