eval_accuracy = 0.5565999746322632
eval_loss = 1.0802669525146484
eval_mae = 0.5648
eval_runtime = 26.9763
eval_samples_per_second = 185.348
