eval_accuracy = 0.546999990940094
eval_loss = 1.0854970216751099
eval_mae = 0.5414
eval_runtime = 18.4628
eval_samples_per_second = 270.815
