eval_accuracy = 0.5709999799728394
eval_loss = 0.9897645711898804
eval_mae = 0.5074
eval_runtime = 16.1971
eval_samples_per_second = 308.697
