eval_accuracy = 0.5472000241279602
eval_loss = 1.0861274003982544
eval_mae = 0.5416
eval_runtime = 17.9143
eval_samples_per_second = 279.107
