eval_accuracy = 0.5648000240325928
eval_loss = 1.0248218774795532
eval_mae = 0.5126
eval_runtime = 16.6947
eval_samples_per_second = 299.497
