eval_accuracy = 0.4722000062465668
eval_loss = 1.3290032148361206
eval_mae = 0.6816
eval_runtime = 32.8334
eval_samples_per_second = 152.284
