eval_accuracy = 0.5564000010490417
eval_loss = 1.0801986455917358
eval_mae = 0.5652
eval_runtime = 20.6462
eval_samples_per_second = 242.175
