eval_accuracy = 0.5753999948501587
eval_loss = 1.0058575868606567
eval_mae = 0.4962
eval_runtime = 17.1806
eval_samples_per_second = 291.026
