eval_accuracy = 0.6069999933242798
eval_loss = 0.9493625164031982
eval_mae = 0.4494
eval_runtime = 18.8182
eval_samples_per_second = 265.7
