eval_accuracy = 0.6010000109672546
eval_loss = 0.9357847571372986
eval_mae = 0.4554
eval_runtime = 16.4147
eval_samples_per_second = 304.605
