eval_accuracy = 0.48399999737739563
eval_loss = 1.353474497795105
eval_mae = 0.6714
eval_runtime = 17.7727
eval_samples_per_second = 281.331
