eval_accuracy = 0.5703999996185303
eval_loss = 1.0212383270263672
eval_mae = 0.5074
eval_runtime = 17.1607
eval_samples_per_second = 291.363
