eval_accuracy = 0.5807999968528748
eval_loss = 1.0173591375350952
eval_mae = 0.4818
eval_runtime = 17.3716
eval_samples_per_second = 287.826
