eval_accuracy = 0.5802000164985657
eval_loss = 1.0109975337982178
eval_mae = 0.4824
eval_runtime = 16.8716
eval_samples_per_second = 296.357
