eval_accuracy = 0.4805999994277954
eval_loss = 1.390784740447998
eval_mae = 0.6732
eval_runtime = 20.0587
eval_samples_per_second = 249.269
