eval_accuracy = 0.5490000247955322
eval_loss = 1.0858943462371826
eval_mae = 0.541
eval_runtime = 23.9578
eval_samples_per_second = 208.701
