eval_accuracy = 0.5794000029563904
eval_loss = 1.0177226066589355
eval_mae = 0.4832
eval_runtime = 17.476
eval_samples_per_second = 286.106
