eval_accuracy = 0.5938000082969666
eval_loss = 1.0060386657714844
eval_mae = 0.467
eval_runtime = 17.4205
eval_samples_per_second = 287.018
