eval_accuracy = 0.5558000206947327
eval_loss = 1.025042176246643
eval_mae = 0.5356
eval_runtime = 17.3228
eval_samples_per_second = 288.637
