eval_accuracy = 0.6208000183105469
eval_loss = 0.9506593942642212
eval_mae = 0.4284
eval_runtime = 17.4268
eval_samples_per_second = 286.915
