eval_accuracy = 0.6037999987602234
eval_loss = 0.9357463121414185
eval_mae = 0.4518
eval_runtime = 17.0704
eval_samples_per_second = 292.905
