eval_accuracy = 0.5031999945640564
eval_loss = 1.1772727966308594
eval_mae = 0.5916
eval_runtime = 17.2995
eval_samples_per_second = 289.026
