eval_accuracy = 0.5559999942779541
eval_loss = 1.0805985927581787
eval_mae = 0.5652
eval_runtime = 18.6251
eval_samples_per_second = 268.455
