eval_accuracy = 0.49959999322891235
eval_loss = 1.1546611785888672
eval_mae = 0.5922
eval_runtime = 17.3455
eval_samples_per_second = 288.26
