eval_accuracy = 0.5759999752044678
eval_loss = 1.0846021175384521
eval_mae = 0.5102
eval_runtime = 16.4544
eval_samples_per_second = 303.87
