eval_accuracy = 0.5004000067710876
eval_loss = 1.2359215021133423
eval_mae = 0.5958
eval_runtime = 18.5257
eval_samples_per_second = 269.895
