eval_accuracy = 0.5001999735832214
eval_loss = 1.2276498079299927
eval_mae = 0.6014
eval_runtime = 18.3692
eval_samples_per_second = 272.195
