eval_accuracy = 0.5019999742507935
eval_loss = 1.1766273975372314
eval_mae = 0.5928
eval_runtime = 17.3621
eval_samples_per_second = 287.983
