eval_accuracy = 0.571399986743927
eval_loss = 0.9907187223434448
eval_mae = 0.5054
eval_runtime = 15.9255
eval_samples_per_second = 313.962
