eval_accuracy = 0.4943999946117401
eval_loss = 1.2383168935775757
eval_mae = 0.6498
eval_runtime = 25.5946
eval_samples_per_second = 195.353
