eval_accuracy = 0.4828000068664551
eval_loss = 1.352297306060791
eval_mae = 0.6738
eval_runtime = 18.1264
eval_samples_per_second = 275.841
