eval_accuracy = 0.58160001039505
eval_loss = 1.0185258388519287
eval_mae = 0.4934
eval_runtime = 27.4137
eval_samples_per_second = 182.391
