eval_accuracy = 0.4731999933719635
eval_loss = 1.3431921005249023
eval_mae = 0.6884
eval_runtime = 16.5037
eval_samples_per_second = 302.961
