eval_accuracy = 0.5813999772071838
eval_loss = 1.0174174308776855
eval_mae = 0.4812
eval_runtime = 16.4258
eval_samples_per_second = 304.4
