eval_accuracy = 0.6230000257492065
eval_loss = 0.9503644704818726
eval_mae = 0.4266
eval_runtime = 17.5888
eval_samples_per_second = 284.272
