eval_accuracy = 0.5807999968528748
eval_loss = 1.019073247909546
eval_mae = 0.4942
eval_runtime = 23.4308
eval_samples_per_second = 213.395
