eval_accuracy = 0.5633999705314636
eval_loss = 1.0152649879455566
eval_mae = 0.5098
eval_runtime = 16.0171
eval_samples_per_second = 312.167
