eval_accuracy = 0.546999990940094
eval_loss = 1.0859944820404053
eval_mae = 0.5418
eval_runtime = 22.8193
eval_samples_per_second = 219.112
