eval_accuracy = 0.5559999942779541
eval_loss = 1.0655362606048584
eval_mae = 0.5222
eval_runtime = 18.4767
eval_samples_per_second = 270.611
