eval_accuracy = 0.592199981212616
eval_loss = 1.007319688796997
eval_mae = 0.4694
eval_runtime = 17.3373
eval_samples_per_second = 288.395
