eval_accuracy = 0.5935999751091003
eval_loss = 0.9598451256752014
eval_mae = 0.4816
eval_runtime = 17.3057
eval_samples_per_second = 288.922
