eval_accuracy = 0.5569999814033508
eval_loss = 1.0249687433242798
eval_mae = 0.5342
eval_runtime = 17.3169
eval_samples_per_second = 288.735
