eval_accuracy = 0.6065999865531921
eval_loss = 0.9504252672195435
eval_mae = 0.45
eval_runtime = 18.3554
eval_samples_per_second = 272.399
