eval_accuracy = 0.5551999807357788
eval_loss = 1.0248150825500488
eval_mae = 0.5358
eval_runtime = 17.3187
eval_samples_per_second = 288.706
