eval_accuracy = 0.47600001096725464
eval_loss = 1.34270179271698
eval_mae = 0.693
eval_runtime = 17.061
eval_samples_per_second = 293.066
