eval_accuracy = 0.5619999766349792
eval_loss = 1.0458303689956665
eval_mae = 0.5084
eval_runtime = 18.179
eval_samples_per_second = 275.043
