eval_accuracy = 0.49939998984336853
eval_loss = 1.1556577682495117
eval_mae = 0.5912
eval_runtime = 16.2101
eval_samples_per_second = 308.45
