eval_accuracy = 0.5541999936103821
eval_loss = 1.0801615715026855
eval_mae = 0.5666
eval_runtime = 21.5086
eval_samples_per_second = 232.465
