eval_accuracy = 0.6358000040054321
eval_loss = 0.8895980715751648
eval_mae = 0.4164
eval_runtime = 19.922
eval_samples_per_second = 250.979
