eval_accuracy = 0.5784000158309937
eval_loss = 1.0194720029830933
eval_mae = 0.484
eval_runtime = 17.5034
eval_samples_per_second = 285.658
