eval_accuracy = 0.579800009727478
eval_loss = 1.0154922008514404
eval_mae = 0.4826
eval_runtime = 16.7908
eval_samples_per_second = 297.783
