eval_accuracy = 0.5598000288009644
eval_loss = 1.062510371208191
eval_mae = 0.5186
eval_runtime = 18.3386
eval_samples_per_second = 272.65
