eval_accuracy = 0.5450000166893005
eval_loss = 1.0306298732757568
eval_mae = 0.5404
eval_runtime = 16.7045
eval_samples_per_second = 299.32
