eval_accuracy = 0.4740000069141388
eval_loss = 1.3438782691955566
eval_mae = 0.6948
eval_runtime = 16.9323
eval_samples_per_second = 295.293
