eval_accuracy = 0.5799999833106995
eval_loss = 1.0188997983932495
eval_mae = 0.4818
eval_runtime = 17.4598
eval_samples_per_second = 286.371
