eval_accuracy = 0.5594000220298767
eval_loss = 1.046367883682251
eval_mae = 0.5118
eval_runtime = 18.394
eval_samples_per_second = 271.827
