eval_accuracy = 0.574999988079071
eval_loss = 1.005832314491272
eval_mae = 0.4966
eval_runtime = 16.6255
eval_samples_per_second = 300.743
