eval_accuracy = 0.49720001220703125
eval_loss = 1.237870693206787
eval_mae = 0.6472
eval_runtime = 23.358
eval_samples_per_second = 214.059
