eval_accuracy = 0.49779999256134033
eval_loss = 1.2237225770950317
eval_mae = 0.6028
eval_runtime = 18.0462
eval_samples_per_second = 277.066
