eval_accuracy = 0.579200029373169
eval_loss = 1.0168589353561401
eval_mae = 0.4832
eval_runtime = 17.6175
eval_samples_per_second = 283.809
