eval_accuracy = 0.4397999942302704
eval_loss = 1.4425479173660278
eval_mae = 0.7292
eval_runtime = 38.5804
eval_samples_per_second = 129.6
