eval_accuracy = 0.4796000123023987
eval_loss = 1.3920176029205322
eval_mae = 0.6756
eval_runtime = 19.4745
eval_samples_per_second = 256.746
