eval_accuracy = 0.46799999475479126
eval_loss = 1.2969603538513184
eval_mae = 0.6814
eval_runtime = 28.9897
eval_samples_per_second = 172.475
