eval_accuracy = 0.5031999945640564
eval_loss = 1.1758191585540771
eval_mae = 0.5916
eval_runtime = 17.6176
eval_samples_per_second = 283.807
