eval_accuracy = 0.4578000009059906
eval_loss = 1.3668500185012817
eval_mae = 0.7312
eval_runtime = 17.3501
eval_samples_per_second = 288.184
