eval_accuracy = 0.503000020980835
eval_loss = 1.1767748594284058
eval_mae = 0.5912
eval_runtime = 17.3528
eval_samples_per_second = 288.139
