eval_accuracy = 0.6367999911308289
eval_loss = 0.8893882632255554
eval_mae = 0.4142
eval_runtime = 22.9026
eval_samples_per_second = 218.316
