eval_accuracy = 0.5687999725341797
eval_loss = 1.020965576171875
eval_mae = 0.509
eval_runtime = 17.3946
eval_samples_per_second = 287.446
