eval_accuracy = 0.5490000247955322
eval_loss = 1.1477797031402588
eval_mae = 0.5806
eval_runtime = 17.4144
eval_samples_per_second = 287.12
