eval_accuracy = 0.4699999988079071
eval_loss = 1.3467974662780762
eval_mae = 0.694
eval_runtime = 17.2717
eval_samples_per_second = 289.492
