eval_accuracy = 0.5929999947547913
eval_loss = 1.0067540407180786
eval_mae = 0.4688
eval_runtime = 17.3941
eval_samples_per_second = 287.455
