eval_accuracy = 0.5562000274658203
eval_loss = 1.0739285945892334
eval_mae = 0.5326
eval_runtime = 27.837
eval_samples_per_second = 179.617
