eval_accuracy = 0.574400007724762
eval_loss = 1.081263542175293
eval_mae = 0.51
eval_runtime = 17.0088
eval_samples_per_second = 293.965
