eval_accuracy = 0.5063999891281128
eval_loss = 1.2288665771484375
eval_mae = 0.6212
eval_runtime = 19.3959
eval_samples_per_second = 257.786
