eval_accuracy = 0.5691999793052673
eval_loss = 0.9903169870376587
eval_mae = 0.5086
eval_runtime = 17.125
eval_samples_per_second = 291.97
