eval_accuracy = 0.5612000226974487
eval_loss = 1.0443625450134277
eval_mae = 0.508
eval_runtime = 22.755
eval_samples_per_second = 219.732
