eval_accuracy = 0.5491999983787537
eval_loss = 1.1475459337234497
eval_mae = 0.581
eval_runtime = 17.4517
eval_samples_per_second = 286.506
