eval_accuracy = 0.602400004863739
eval_loss = 0.9356145262718201
eval_mae = 0.4518
eval_runtime = 16.1527
eval_samples_per_second = 309.546
