eval_accuracy = 0.5267999768257141
eval_loss = 1.0551270246505737
eval_mae = 0.5694
eval_runtime = 16.3303
eval_samples_per_second = 306.179
