eval_accuracy = 0.4997999966144562
eval_loss = 1.159679889678955
eval_mae = 0.589
eval_runtime = 17.4869
eval_samples_per_second = 285.929
