eval_accuracy = 0.46799999475479126
eval_loss = 1.2968361377716064
eval_mae = 0.6816
eval_runtime = 26.5384
eval_samples_per_second = 188.406
