eval_accuracy = 0.43959999084472656
eval_loss = 1.4431616067886353
eval_mae = 0.7294
eval_runtime = 24.0587
eval_samples_per_second = 207.825
