eval_accuracy = 0.592199981212616
eval_loss = 0.961374819278717
eval_mae = 0.484
eval_runtime = 17.3541
eval_samples_per_second = 288.117
