eval_accuracy = 0.4830000102519989
eval_loss = 1.3534425497055054
eval_mae = 0.6702
eval_runtime = 18.4182
eval_samples_per_second = 271.471
