eval_accuracy = 0.5741999745368958
eval_loss = 1.0837435722351074
eval_mae = 0.5094
eval_runtime = 16.4136
eval_samples_per_second = 304.625
