eval_accuracy = 0.5497999787330627
eval_loss = 1.147924780845642
eval_mae = 0.5806
eval_runtime = 16.4788
eval_samples_per_second = 303.42
