eval_accuracy = 0.506600022315979
eval_loss = 1.2290782928466797
eval_mae = 0.6206
eval_runtime = 18.7141
eval_samples_per_second = 267.178
