eval_accuracy = 0.5910000205039978
eval_loss = 0.94875168800354
eval_mae = 0.462
eval_runtime = 17.5576
eval_samples_per_second = 284.776
