eval_accuracy = 0.6194000244140625
eval_loss = 0.9510601758956909
eval_mae = 0.4294
eval_runtime = 17.3897
eval_samples_per_second = 287.526
