eval_accuracy = 0.5902000069618225
eval_loss = 0.9483810663223267
eval_mae = 0.4628
eval_runtime = 17.2318
eval_samples_per_second = 290.161
