eval_accuracy = 0.5644000172615051
eval_loss = 1.0145927667617798
eval_mae = 0.5078
eval_runtime = 17.2079
eval_samples_per_second = 290.563
