eval_accuracy = 0.5600000023841858
eval_loss = 1.0450890064239502
eval_mae = 0.5098
eval_runtime = 18.4856
eval_samples_per_second = 270.481
