eval_accuracy = 0.607200026512146
eval_loss = 0.9510592818260193
eval_mae = 0.4492
eval_runtime = 18.6378
eval_samples_per_second = 268.272
