eval_accuracy = 0.6205999851226807
eval_loss = 0.9505907297134399
eval_mae = 0.4284
eval_runtime = 17.3781
eval_samples_per_second = 287.718
