eval_accuracy = 0.5752000212669373
eval_loss = 1.0054056644439697
eval_mae = 0.496
eval_runtime = 16.6292
eval_samples_per_second = 300.676
