eval_accuracy = 0.6051999926567078
eval_loss = 0.9460675716400146
eval_mae = 0.4574
eval_runtime = 17.253
eval_samples_per_second = 289.804
