eval_accuracy = 0.4830000102519989
eval_loss = 1.352585792541504
eval_mae = 0.6714
eval_runtime = 18.5679
eval_samples_per_second = 269.282
