eval_accuracy = 0.5813999772071838
eval_loss = 1.0187612771987915
eval_mae = 0.4938
eval_runtime = 24.6179
eval_samples_per_second = 203.105
