eval_accuracy = 0.5928000211715698
eval_loss = 0.947319507598877
eval_mae = 0.4692
eval_runtime = 18.8888
eval_samples_per_second = 264.707
