eval_accuracy = 0.5705999732017517
eval_loss = 0.9908713698387146
eval_mae = 0.5072
eval_runtime = 16.9787
eval_samples_per_second = 294.487
