eval_accuracy = 0.5753999948501587
eval_loss = 1.084795355796814
eval_mae = 0.5104
eval_runtime = 16.0917
eval_samples_per_second = 310.718
