eval_accuracy = 0.49959999322891235
eval_loss = 1.156614899635315
eval_mae = 0.591
eval_runtime = 16.5926
eval_samples_per_second = 301.338
