eval_accuracy = 0.46779999136924744
eval_loss = 1.2990753650665283
eval_mae = 0.6816
eval_runtime = 17.6901
eval_samples_per_second = 282.645
