eval_accuracy = 0.6208000183105469
eval_loss = 0.9502564668655396
eval_mae = 0.4284
eval_runtime = 17.4985
eval_samples_per_second = 285.739
