eval_accuracy = 0.5478000044822693
eval_loss = 1.0861124992370605
eval_mae = 0.541
eval_runtime = 20.054
eval_samples_per_second = 249.327
