eval_accuracy = 0.4758000075817108
eval_loss = 1.3427373170852661
eval_mae = 0.6932
eval_runtime = 16.9478
eval_samples_per_second = 295.024
