eval_accuracy = 0.5705999732017517
eval_loss = 1.0219732522964478
eval_mae = 0.5078
eval_runtime = 16.6073
eval_samples_per_second = 301.073
