eval_accuracy = 0.5559999942779541
eval_loss = 1.0805494785308838
eval_mae = 0.5648
eval_runtime = 18.5319
eval_samples_per_second = 269.805
