eval_accuracy = 0.5450000166893005
eval_loss = 1.028923511505127
eval_mae = 0.5408
eval_runtime = 16.4714
eval_samples_per_second = 303.557
