eval_accuracy = 0.4697999954223633
eval_loss = 1.347489595413208
eval_mae = 0.6898
eval_runtime = 16.7812
eval_samples_per_second = 297.952
