eval_accuracy = 0.5759999752044678
eval_loss = 1.0056959390640259
eval_mae = 0.4952
eval_runtime = 16.8745
eval_samples_per_second = 296.306
