eval_accuracy = 0.5059999823570251
eval_loss = 1.229366660118103
eval_mae = 0.6216
eval_runtime = 25.5529
eval_samples_per_second = 195.673
