eval_accuracy = 0.5924000144004822
eval_loss = 1.0065685510635376
eval_mae = 0.4688
eval_runtime = 17.2473
eval_samples_per_second = 289.9
