eval_accuracy = 0.6197999715805054
eval_loss = 0.9498136639595032
eval_mae = 0.4294
eval_runtime = 17.6004
eval_samples_per_second = 284.084
