eval_accuracy = 0.46779999136924744
eval_loss = 1.2972726821899414
eval_mae = 0.6818
eval_runtime = 18.5101
eval_samples_per_second = 270.123
