eval_accuracy = 0.475600004196167
eval_loss = 1.3393309116363525
eval_mae = 0.6938
eval_runtime = 17.1486
eval_samples_per_second = 291.569
