eval_accuracy = 0.5691999793052673
eval_loss = 0.9922768473625183
eval_mae = 0.5104
eval_runtime = 16.1382
eval_samples_per_second = 309.824
