eval_accuracy = 0.6363999843597412
eval_loss = 0.8895775675773621
eval_mae = 0.4146
eval_runtime = 19.593
eval_samples_per_second = 255.193
