eval_accuracy = 0.5803999900817871
eval_loss = 1.0184764862060547
eval_mae = 0.4944
eval_runtime = 33.5319
eval_samples_per_second = 149.112
