eval_accuracy = 0.5992000102996826
eval_loss = 0.9551134705543518
eval_mae = 0.4646
eval_runtime = 16.3742
eval_samples_per_second = 305.358
