eval_accuracy = 0.4399999976158142
eval_loss = 1.4426391124725342
eval_mae = 0.7288
eval_runtime = 32.8406
eval_samples_per_second = 152.251
