eval_accuracy = 0.5559999942779541
eval_loss = 1.0757977962493896
eval_mae = 0.5322
eval_runtime = 18.9391
eval_samples_per_second = 264.004
