eval_accuracy = 0.5776000022888184
eval_loss = 1.017672061920166
eval_mae = 0.4852
eval_runtime = 16.8881
eval_samples_per_second = 296.066
