eval_accuracy = 0.6205999851226807
eval_loss = 0.9510267376899719
eval_mae = 0.4284
eval_runtime = 17.4381
eval_samples_per_second = 286.728
