eval_accuracy = 0.5612000226974487
eval_loss = 1.0457549095153809
eval_mae = 0.5084
eval_runtime = 21.5173
eval_samples_per_second = 232.371
