eval_accuracy = 0.5580000281333923
eval_loss = 1.0622820854187012
eval_mae = 0.5208
eval_runtime = 18.3049
eval_samples_per_second = 273.152
