eval_accuracy = 0.5906000137329102
eval_loss = 0.960552453994751
eval_mae = 0.4842
eval_runtime = 17.3371
eval_samples_per_second = 288.399
