eval_accuracy = 0.5753999948501587
eval_loss = 1.077140212059021
eval_mae = 0.5066
eval_runtime = 16.0348
eval_samples_per_second = 311.821
