eval_accuracy = 0.6179999709129333
eval_loss = 0.9505308866500854
eval_mae = 0.4316
eval_runtime = 17.3966
eval_samples_per_second = 287.413
