eval_accuracy = 0.5004000067710876
eval_loss = 1.2278051376342773
eval_mae = 0.603
eval_runtime = 18.3704
eval_samples_per_second = 272.177
