eval_accuracy = 0.48339998722076416
eval_loss = 1.353892207145691
eval_mae = 0.6726
eval_runtime = 18.0903
eval_samples_per_second = 276.392
