eval_accuracy = 0.49959999322891235
eval_loss = 1.2232149839401245
eval_mae = 0.6
eval_runtime = 18.3972
eval_samples_per_second = 271.78
