eval_accuracy = 0.48080000281333923
eval_loss = 1.3362101316452026
eval_mae = 0.6828
eval_runtime = 16.9994
eval_samples_per_second = 294.128
