eval_accuracy = 0.5446000099182129
eval_loss = 1.029576063156128
eval_mae = 0.5414
eval_runtime = 17.3153
eval_samples_per_second = 288.763
