eval_accuracy = 0.571399986743927
eval_loss = 1.019665241241455
eval_mae = 0.5056
eval_runtime = 17.2937
eval_samples_per_second = 289.122
