eval_accuracy = 0.5595999956130981
eval_loss = 1.0473430156707764
eval_mae = 0.5098
eval_runtime = 18.1398
eval_samples_per_second = 275.637
