eval_accuracy = 0.5559999942779541
eval_loss = 1.0622045993804932
eval_mae = 0.5222
eval_runtime = 17.7767
eval_samples_per_second = 281.267
