eval_accuracy = 0.43959999084472656
eval_loss = 1.443066120147705
eval_mae = 0.7292
eval_runtime = 18.8485
eval_samples_per_second = 265.273
