eval_accuracy = 0.5573999881744385
eval_loss = 1.0804446935653687
eval_mae = 0.5632
eval_runtime = 18.4938
eval_samples_per_second = 270.36
