eval_accuracy = 0.5302000045776367
eval_loss = 1.0531260967254639
eval_mae = 0.5662
eval_runtime = 16.934
eval_samples_per_second = 295.264
