eval_accuracy = 0.5067999958992004
eval_loss = 1.2288095951080322
eval_mae = 0.6206
eval_runtime = 18.987
eval_samples_per_second = 263.338
