eval_accuracy = 0.4659999907016754
eval_loss = 1.2939190864562988
eval_mae = 0.682
eval_runtime = 25.5033
eval_samples_per_second = 196.053
