eval_accuracy = 0.503600001335144
eval_loss = 1.1760823726654053
eval_mae = 0.5908
eval_runtime = 16.7488
eval_samples_per_second = 298.529
