eval_accuracy = 0.6074000000953674
eval_loss = 0.9420052766799927
eval_mae = 0.4538
eval_runtime = 17.1875
eval_samples_per_second = 290.908
