eval_accuracy = 0.605400025844574
eval_loss = 0.9463402628898621
eval_mae = 0.4568
eval_runtime = 17.2294
eval_samples_per_second = 290.202
