eval_accuracy = 0.5809999704360962
eval_loss = 1.016764760017395
eval_mae = 0.4816
eval_runtime = 17.4345
eval_samples_per_second = 286.788
