eval_accuracy = 0.4674000144004822
eval_loss = 1.2966333627700806
eval_mae = 0.682
eval_runtime = 29.8646
eval_samples_per_second = 167.422
