eval_accuracy = 0.5756000280380249
eval_loss = 1.0056278705596924
eval_mae = 0.4966
eval_runtime = 17.2036
eval_samples_per_second = 290.637
