eval_accuracy = 0.52920001745224
eval_loss = 1.054314136505127
eval_mae = 0.5682
eval_runtime = 16.8665
eval_samples_per_second = 296.445
