eval_accuracy = 0.49639999866485596
eval_loss = 1.2398645877838135
eval_mae = 0.6478
eval_runtime = 33.5138
eval_samples_per_second = 149.192
