eval_accuracy = 0.475600004196167
eval_loss = 1.345670223236084
eval_mae = 0.6944
eval_runtime = 16.9601
eval_samples_per_second = 294.81
