eval_accuracy = 0.49939998984336853
eval_loss = 1.157244324684143
eval_mae = 0.591
eval_runtime = 17.2837
eval_samples_per_second = 289.29
