eval_accuracy = 0.4684000015258789
eval_loss = 1.3389595746994019
eval_mae = 0.6882
eval_runtime = 30.6409
eval_samples_per_second = 163.181
