eval_accuracy = 0.5925999879837036
eval_loss = 0.9473974704742432
eval_mae = 0.47
eval_runtime = 19.7363
eval_samples_per_second = 253.34
