eval_accuracy = 0.5573999881744385
eval_loss = 1.0627371072769165
eval_mae = 0.5222
eval_runtime = 18.3988
eval_samples_per_second = 271.757
