eval_accuracy = 0.557200014591217
eval_loss = 1.065040111541748
eval_mae = 0.5216
eval_runtime = 18.3245
eval_samples_per_second = 272.859
