eval_accuracy = 0.5934000015258789
eval_loss = 0.9606108665466309
eval_mae = 0.4822
eval_runtime = 17.5429
eval_samples_per_second = 285.016
