eval_accuracy = 0.4893999993801117
eval_loss = 1.343895673751831
eval_mae = 0.6658
eval_runtime = 18.4435
eval_samples_per_second = 271.098
