eval_accuracy = 0.5472000241279602
eval_loss = 1.086913824081421
eval_mae = 0.542
eval_runtime = 18.6825
eval_samples_per_second = 267.63
