eval_accuracy = 0.4578000009059906
eval_loss = 1.3673111200332642
eval_mae = 0.7318
eval_runtime = 17.2439
eval_samples_per_second = 289.958
