eval_accuracy = 0.5702000260353088
eval_loss = 1.0215097665786743
eval_mae = 0.508
eval_runtime = 17.3836
eval_samples_per_second = 287.628
