eval_accuracy = 0.5734000205993652
eval_loss = 1.0848079919815063
eval_mae = 0.5124
eval_runtime = 16.3797
eval_samples_per_second = 305.256
