eval_accuracy = 0.6205999851226807
eval_loss = 0.9507660269737244
eval_mae = 0.4286
eval_runtime = 17.4451
eval_samples_per_second = 286.613
