eval_accuracy = 0.5067999958992004
eval_loss = 1.2289592027664185
eval_mae = 0.6206
eval_runtime = 29.6462
eval_samples_per_second = 168.656
