eval_accuracy = 0.5827999711036682
eval_loss = 1.009049415588379
eval_mae = 0.4792
eval_runtime = 17.4457
eval_samples_per_second = 286.604
