eval_accuracy = 0.5720000267028809
eval_loss = 0.99118572473526
eval_mae = 0.5066
eval_runtime = 15.7713
eval_samples_per_second = 317.032
