eval_accuracy = 0.5997999906539917
eval_loss = 0.9538828134536743
eval_mae = 0.4634
eval_runtime = 17.5364
eval_samples_per_second = 285.122
