eval_accuracy = 0.5938000082969666
eval_loss = 0.9599753022193909
eval_mae = 0.4818
eval_runtime = 17.3811
eval_samples_per_second = 287.669
