eval_accuracy = 0.503600001335144
eval_loss = 1.1807318925857544
eval_mae = 0.591
eval_runtime = 17.4474
eval_samples_per_second = 286.576
