eval_accuracy = 0.5472000241279602
eval_loss = 1.0861365795135498
eval_mae = 0.5418
eval_runtime = 34.7379
eval_samples_per_second = 143.935
