eval_accuracy = 0.5899999737739563
eval_loss = 0.9492772221565247
eval_mae = 0.4638
eval_runtime = 16.7911
eval_samples_per_second = 297.777
