eval_accuracy = 0.5573999881744385
eval_loss = 1.0800433158874512
eval_mae = 0.5654
eval_runtime = 18.8928
eval_samples_per_second = 264.652
