eval_accuracy = 0.5253999829292297
eval_loss = 1.0526936054229736
eval_mae = 0.5716
eval_runtime = 16.8552
eval_samples_per_second = 296.644
