eval_accuracy = 0.5812000036239624
eval_loss = 1.018698811531067
eval_mae = 0.4938
eval_runtime = 19.9938
eval_samples_per_second = 250.077
