eval_accuracy = 0.5893999934196472
eval_loss = 0.9490432739257812
eval_mae = 0.4644
eval_runtime = 16.6044
eval_samples_per_second = 301.124
