eval_accuracy = 0.5702000260353088
eval_loss = 1.0141818523406982
eval_mae = 0.5092
eval_runtime = 16.5607
eval_samples_per_second = 301.92
