eval_accuracy = 0.5788000226020813
eval_loss = 1.0107316970825195
eval_mae = 0.4828
eval_runtime = 17.332
eval_samples_per_second = 288.484
