eval_accuracy = 0.5573999881744385
eval_loss = 1.0803231000900269
eval_mae = 0.5644
eval_runtime = 18.4638
eval_samples_per_second = 270.8
