eval_accuracy = 0.4846000075340271
eval_loss = 1.3542158603668213
eval_mae = 0.6692
eval_runtime = 17.7485
eval_samples_per_second = 281.714
