eval_accuracy = 0.5590000152587891
eval_loss = 1.0785056352615356
eval_mae = 0.5304
eval_runtime = 28.1103
eval_samples_per_second = 177.871
