eval_accuracy = 0.5817999839782715
eval_loss = 0.9826196432113647
eval_mae = 0.4884
eval_runtime = 16.6844
eval_samples_per_second = 299.681
