eval_accuracy = 0.6353999972343445
eval_loss = 0.8922025561332703
eval_mae = 0.417
eval_runtime = 21.0362
eval_samples_per_second = 237.685
