eval_accuracy = 0.459199994802475
eval_loss = 1.3656716346740723
eval_mae = 0.7292
eval_runtime = 16.6928
eval_samples_per_second = 299.53
