eval_accuracy = 0.6010000109672546
eval_loss = 0.935232400894165
eval_mae = 0.4552
eval_runtime = 17.0462
eval_samples_per_second = 293.321
