eval_accuracy = 0.5045999884605408
eval_loss = 1.153485894203186
eval_mae = 0.5858
eval_runtime = 17.3605
eval_samples_per_second = 288.01
