eval_accuracy = 0.5594000220298767
eval_loss = 1.0788990259170532
eval_mae = 0.5298
eval_runtime = 26.9356
eval_samples_per_second = 185.628
