eval_accuracy = 0.46860000491142273
eval_loss = 1.2976841926574707
eval_mae = 0.6804
eval_runtime = 19.5743
eval_samples_per_second = 255.437
