eval_accuracy = 0.48260000348091125
eval_loss = 1.3524502515792847
eval_mae = 0.6714
eval_runtime = 19.0836
eval_samples_per_second = 262.005
