eval_accuracy = 0.5809999704360962
eval_loss = 1.0195857286453247
eval_mae = 0.4948
eval_runtime = 18.4897
eval_samples_per_second = 270.422
