eval_accuracy = 0.5827999711036682
eval_loss = 0.9796232581138611
eval_mae = 0.4864
eval_runtime = 17.3383
eval_samples_per_second = 288.379
