eval_accuracy = 0.5031999945640564
eval_loss = 1.1765576601028442
eval_mae = 0.5908
eval_runtime = 17.3997
eval_samples_per_second = 287.361
