eval_accuracy = 0.5812000036239624
eval_loss = 0.9783730506896973
eval_mae = 0.489
eval_runtime = 17.5178
eval_samples_per_second = 285.424
