eval_accuracy = 0.4968000054359436
eval_loss = 1.2384390830993652
eval_mae = 0.6476
eval_runtime = 23.9538
eval_samples_per_second = 208.736
