eval_accuracy = 0.47920000553131104
eval_loss = 1.3933017253875732
eval_mae = 0.6792
eval_runtime = 19.7054
eval_samples_per_second = 253.737
