eval_accuracy = 0.5788000226020813
eval_loss = 1.0173587799072266
eval_mae = 0.4834
eval_runtime = 17.4153
eval_samples_per_second = 287.104
