eval_accuracy = 0.5932000279426575
eval_loss = 1.0066555738449097
eval_mae = 0.4682
eval_runtime = 17.1863
eval_samples_per_second = 290.929
