eval_accuracy = 0.5582000017166138
eval_loss = 1.0622179508209229
eval_mae = 0.52
eval_runtime = 18.348
eval_samples_per_second = 272.509
