eval_accuracy = 0.4747999906539917
eval_loss = 1.3431615829467773
eval_mae = 0.6942
eval_runtime = 16.9291
eval_samples_per_second = 295.35
