eval_accuracy = 0.506600022315979
eval_loss = 1.228587031364441
eval_mae = 0.621
eval_runtime = 18.9259
eval_samples_per_second = 264.189
