eval_accuracy = 0.5902000069618225
eval_loss = 0.9491465091705322
eval_mae = 0.4632
eval_runtime = 17.2397
eval_samples_per_second = 290.029
