eval_accuracy = 0.6194000244140625
eval_loss = 0.9497089982032776
eval_mae = 0.4298
eval_runtime = 17.5
eval_samples_per_second = 285.714
