eval_accuracy = 0.4724000096321106
eval_loss = 1.3481684923171997
eval_mae = 0.6898
eval_runtime = 17.2624
eval_samples_per_second = 289.647
