eval_accuracy = 0.6205999851226807
eval_loss = 0.9517508745193481
eval_mae = 0.4284
eval_runtime = 17.4306
eval_samples_per_second = 286.851
