eval_accuracy = 0.5576000213623047
eval_loss = 1.0630288124084473
eval_mae = 0.5206
eval_runtime = 18.4151
eval_samples_per_second = 271.516
