eval_accuracy = 0.49300000071525574
eval_loss = 1.2387597560882568
eval_mae = 0.649
eval_runtime = 19.4063
eval_samples_per_second = 257.649
