eval_accuracy = 0.5925999879837036
eval_loss = 0.9463018774986267
eval_mae = 0.4686
eval_runtime = 19.1472
eval_samples_per_second = 261.135
