eval_accuracy = 0.6047999858856201
eval_loss = 0.9460146427154541
eval_mae = 0.4574
eval_runtime = 17.5932
eval_samples_per_second = 284.201
