eval_accuracy = 0.5946000218391418
eval_loss = 0.9471599459648132
eval_mae = 0.4666
eval_runtime = 20.5929
eval_samples_per_second = 242.802
