eval_accuracy = 0.4733999967575073
eval_loss = 1.3471394777297974
eval_mae = 0.6876
eval_runtime = 17.3743
eval_samples_per_second = 287.781
