eval_accuracy = 0.6074000000953674
eval_loss = 0.9494554400444031
eval_mae = 0.4498
eval_runtime = 18.3415
eval_samples_per_second = 272.606
