eval_accuracy = 0.5813999772071838
eval_loss = 0.9792410135269165
eval_mae = 0.4884
eval_runtime = 16.3856
eval_samples_per_second = 305.146
