eval_accuracy = 0.4578000009059906
eval_loss = 1.3676764965057373
eval_mae = 0.7324
eval_runtime = 16.8388
eval_samples_per_second = 296.934
