eval_accuracy = 0.5472000241279602
eval_loss = 1.028507947921753
eval_mae = 0.537
eval_runtime = 17.5054
eval_samples_per_second = 285.626
