eval_accuracy = 0.5684000253677368
eval_loss = 1.0909303426742554
eval_mae = 0.5168
eval_runtime = 16.0533
eval_samples_per_second = 311.462
