eval_accuracy = 0.48420000076293945
eval_loss = 1.3498504161834717
eval_mae = 0.6696
eval_runtime = 18.3639
eval_samples_per_second = 272.273
