eval_accuracy = 0.46799999475479126
eval_loss = 1.3379260301589966
eval_mae = 0.6886
eval_runtime = 21.0995
eval_samples_per_second = 236.972
