eval_accuracy = 0.5044000148773193
eval_loss = 1.2413572072982788
eval_mae = 0.5908
eval_runtime = 24.911
eval_samples_per_second = 200.714
