eval_accuracy = 0.5005999803543091
eval_loss = 1.1569929122924805
eval_mae = 0.59
eval_runtime = 17.3017
eval_samples_per_second = 288.989
