eval_accuracy = 0.59579998254776
eval_loss = 0.9595319628715515
eval_mae = 0.4794
eval_runtime = 17.3673
eval_samples_per_second = 287.897
