eval_accuracy = 0.4830000102519989
eval_loss = 1.3526763916015625
eval_mae = 0.6722
eval_runtime = 18.0593
eval_samples_per_second = 276.865
