eval_accuracy = 0.574400007724762
eval_loss = 1.0858244895935059
eval_mae = 0.5114
eval_runtime = 16.0544
eval_samples_per_second = 311.442
