eval_accuracy = 0.5479999780654907
eval_loss = 1.0859832763671875
eval_mae = 0.5408
eval_runtime = 28.8304
eval_samples_per_second = 173.428
