eval_accuracy = 0.5752000212669373
eval_loss = 1.0831842422485352
eval_mae = 0.5094
eval_runtime = 16.9698
eval_samples_per_second = 294.642
