eval_accuracy = 0.43560001254081726
eval_loss = 1.427855134010315
eval_mae = 0.7338
eval_runtime = 30.7012
eval_samples_per_second = 162.86
