eval_accuracy = 0.4991999864578247
eval_loss = 1.2273603677749634
eval_mae = 0.603
eval_runtime = 18.3641
eval_samples_per_second = 272.271
