eval_accuracy = 0.46779999136924744
eval_loss = 1.2967593669891357
eval_mae = 0.6818
eval_runtime = 20.148
eval_samples_per_second = 248.164
