eval_accuracy = 0.5802000164985657
eval_loss = 1.011849284172058
eval_mae = 0.4824
eval_runtime = 16.3611
eval_samples_per_second = 305.603
