eval_accuracy = 0.6345999836921692
eval_loss = 0.8893585801124573
eval_mae = 0.4174
eval_runtime = 20.8435
eval_samples_per_second = 239.883
