eval_accuracy = 0.6366000175476074
eval_loss = 0.8888328075408936
eval_mae = 0.4144
eval_runtime = 23.3531
eval_samples_per_second = 214.105
