eval_accuracy = 0.5928000211715698
eval_loss = 0.9607990384101868
eval_mae = 0.4832
eval_runtime = 17.4535
eval_samples_per_second = 286.476
