eval_accuracy = 0.5893999934196472
eval_loss = 0.9484193325042725
eval_mae = 0.464
eval_runtime = 16.201
eval_samples_per_second = 308.622
