eval_accuracy = 0.5306000113487244
eval_loss = 1.053053379058838
eval_mae = 0.5662
eval_runtime = 16.8884
eval_samples_per_second = 296.062
