eval_accuracy = 0.576200008392334
eval_loss = 1.0058791637420654
eval_mae = 0.4962
eval_runtime = 17.4132
eval_samples_per_second = 287.138
