eval_accuracy = 0.6363999843597412
eval_loss = 0.889716625213623
eval_mae = 0.4146
eval_runtime = 19.7991
eval_samples_per_second = 252.537
