eval_accuracy = 0.5577999949455261
eval_loss = 1.0620836019515991
eval_mae = 0.521
eval_runtime = 18.3596
eval_samples_per_second = 272.337
