eval_accuracy = 0.5501999855041504
eval_loss = 1.1477108001708984
eval_mae = 0.5798
eval_runtime = 17.7365
eval_samples_per_second = 281.905
