eval_accuracy = 0.49959999322891235
eval_loss = 1.226875901222229
eval_mae = 0.6024
eval_runtime = 18.3863
eval_samples_per_second = 271.942
