eval_accuracy = 0.579800009727478
eval_loss = 1.0113316774368286
eval_mae = 0.4822
eval_runtime = 16.7796
eval_samples_per_second = 297.981
