eval_accuracy = 0.5813999772071838
eval_loss = 0.9788613319396973
eval_mae = 0.4888
eval_runtime = 16.7254
eval_samples_per_second = 298.946
