eval_accuracy = 0.5008000135421753
eval_loss = 1.2407269477844238
eval_mae = 0.5948
eval_runtime = 19.4109
eval_samples_per_second = 257.588
