eval_accuracy = 0.5582000017166138
eval_loss = 1.0788469314575195
eval_mae = 0.531
eval_runtime = 34.9943
eval_samples_per_second = 142.88
