eval_accuracy = 0.5928000211715698
eval_loss = 1.0068320035934448
eval_mae = 0.4686
eval_runtime = 17.2314
eval_samples_per_second = 290.169
