eval_accuracy = 0.5654000043869019
eval_loss = 1.015694499015808
eval_mae = 0.5084
eval_runtime = 16.9395
eval_samples_per_second = 295.167
