eval_accuracy = 0.5985999703407288
eval_loss = 0.955808699131012
eval_mae = 0.464
eval_runtime = 17.227
eval_samples_per_second = 290.242
