eval_accuracy = 0.6366000175476074
eval_loss = 0.8895017504692078
eval_mae = 0.4144
eval_runtime = 31.9575
eval_samples_per_second = 156.458
