eval_accuracy = 0.557200014591217
eval_loss = 1.0248231887817383
eval_mae = 0.5336
eval_runtime = 17.2994
eval_samples_per_second = 289.027
