eval_accuracy = 0.6019999980926514
eval_loss = 0.9360402226448059
eval_mae = 0.4532
eval_runtime = 17.1113
eval_samples_per_second = 292.204
