eval_accuracy = 0.5812000036239624
eval_loss = 1.0187326669692993
eval_mae = 0.4938
eval_runtime = 19.6268
eval_samples_per_second = 254.753
