eval_accuracy = 0.579800009727478
eval_loss = 1.0154328346252441
eval_mae = 0.4814
eval_runtime = 16.8705
eval_samples_per_second = 296.376
