eval_accuracy = 0.6366000175476074
eval_loss = 0.8897011876106262
eval_mae = 0.4144
eval_runtime = 19.0047
eval_samples_per_second = 263.093
