eval_accuracy = 0.6376000046730042
eval_loss = 0.8893105387687683
eval_mae = 0.4142
eval_runtime = 18.9796
eval_samples_per_second = 263.441
