eval_accuracy = 0.501800000667572
eval_loss = 1.1570183038711548
eval_mae = 0.5886
eval_runtime = 17.2438
eval_samples_per_second = 289.959
