eval_accuracy = 0.47540000081062317
eval_loss = 1.392104148864746
eval_mae = 0.6826
eval_runtime = 32.6142
eval_samples_per_second = 153.307
