eval_accuracy = 0.5651999711990356
eval_loss = 1.014523983001709
eval_mae = 0.5072
eval_runtime = 17.3437
eval_samples_per_second = 288.29
