eval_accuracy = 0.6047999858856201
eval_loss = 0.946325957775116
eval_mae = 0.4566
eval_runtime = 17.2736
eval_samples_per_second = 289.459
