eval_accuracy = 0.5609999895095825
eval_loss = 1.045682668685913
eval_mae = 0.509
eval_runtime = 18.6334
eval_samples_per_second = 268.336
