eval_accuracy = 0.5266000032424927
eval_loss = 1.0541001558303833
eval_mae = 0.5706
eval_runtime = 16.3267
eval_samples_per_second = 306.247
