eval_accuracy = 0.4745999872684479
eval_loss = 1.342002272605896
eval_mae = 0.6954
eval_runtime = 17.1596
eval_samples_per_second = 291.382
