eval_accuracy = 0.592199981212616
eval_loss = 0.9470745325088501
eval_mae = 0.47
eval_runtime = 18.7828
eval_samples_per_second = 266.2
