eval_accuracy = 0.5022000074386597
eval_loss = 1.1795477867126465
eval_mae = 0.5946
eval_runtime = 17.335
eval_samples_per_second = 288.433
