eval_accuracy = 0.5942000150680542
eval_loss = 0.945392370223999
eval_mae = 0.4674
eval_runtime = 19.5525
eval_samples_per_second = 255.722
