eval_accuracy = 0.5073999762535095
eval_loss = 1.2309343814849854
eval_mae = 0.6198
eval_runtime = 23.271
eval_samples_per_second = 214.86
