eval_accuracy = 0.5478000044822693
eval_loss = 1.147690773010254
eval_mae = 0.5814
eval_runtime = 17.4518
eval_samples_per_second = 286.503
