eval_accuracy = 0.553600013256073
eval_loss = 1.025268793106079
eval_mae = 0.5378
eval_runtime = 16.3213
eval_samples_per_second = 306.349
