eval_accuracy = 0.5001999735832214
eval_loss = 1.2455284595489502
eval_mae = 0.5946
eval_runtime = 18.5206
eval_samples_per_second = 269.969
