eval_accuracy = 0.573199987411499
eval_loss = 1.0078461170196533
eval_mae = 0.4994
eval_runtime = 17.2171
eval_samples_per_second = 290.409
