eval_accuracy = 0.6050000190734863
eval_loss = 0.9469137787818909
eval_mae = 0.4574
eval_runtime = 16.36
eval_samples_per_second = 305.624
