eval_accuracy = 0.5784000158309937
eval_loss = 1.0173715353012085
eval_mae = 0.484
eval_runtime = 17.4642
eval_samples_per_second = 286.299
