eval_accuracy = 0.574400007724762
eval_loss = 1.0844991207122803
eval_mae = 0.5116
eval_runtime = 16.411
eval_samples_per_second = 304.673
