eval_accuracy = 0.5026000142097473
eval_loss = 1.1770151853561401
eval_mae = 0.5914
eval_runtime = 17.3697
eval_samples_per_second = 287.858
