eval_accuracy = 0.43939998745918274
eval_loss = 1.443109393119812
eval_mae = 0.7294
eval_runtime = 32.1818
eval_samples_per_second = 155.367
