eval_accuracy = 0.48339998722076416
eval_loss = 1.3528097867965698
eval_mae = 0.6722
eval_runtime = 22.33
eval_samples_per_second = 223.914
