eval_accuracy = 0.6033999919891357
eval_loss = 0.9338806867599487
eval_mae = 0.4512
eval_runtime = 16.4168
eval_samples_per_second = 304.565
