eval_accuracy = 0.5008000135421753
eval_loss = 1.1558555364608765
eval_mae = 0.5904
eval_runtime = 16.2613
eval_samples_per_second = 307.479
