eval_accuracy = 0.5555999875068665
eval_loss = 1.0246293544769287
eval_mae = 0.5356
eval_runtime = 17.2675
eval_samples_per_second = 289.562
