eval_accuracy = 0.5785999894142151
eval_loss = 1.0115400552749634
eval_mae = 0.4828
eval_runtime = 16.7319
eval_samples_per_second = 298.83
