eval_accuracy = 0.5685999989509583
eval_loss = 0.9888046979904175
eval_mae = 0.5068
eval_runtime = 16.1874
eval_samples_per_second = 308.882
