eval_accuracy = 0.5925999879837036
eval_loss = 0.9483494162559509
eval_mae = 0.4696
eval_runtime = 18.8035
eval_samples_per_second = 265.908
