eval_accuracy = 0.4397999942302704
eval_loss = 1.4429527521133423
eval_mae = 0.729
eval_runtime = 19.385
eval_samples_per_second = 257.932
