eval_accuracy = 0.5577999949455261
eval_loss = 1.0727565288543701
eval_mae = 0.5316
eval_runtime = 30.3419
eval_samples_per_second = 164.789
