eval_accuracy = 0.5479999780654907
eval_loss = 1.147926688194275
eval_mae = 0.5832
eval_runtime = 17.4186
eval_samples_per_second = 287.049
