eval_accuracy = 0.45899999141693115
eval_loss = 1.3674647808074951
eval_mae = 0.7304
eval_runtime = 17.439
eval_samples_per_second = 286.714
