eval_accuracy = 0.5807999968528748
eval_loss = 1.017316460609436
eval_mae = 0.4818
eval_runtime = 17.4392
eval_samples_per_second = 286.71
