eval_accuracy = 0.45840001106262207
eval_loss = 1.3671200275421143
eval_mae = 0.7308
eval_runtime = 17.3472
eval_samples_per_second = 288.232
