eval_accuracy = 0.5037999749183655
eval_loss = 1.2277518510818481
eval_mae = 0.5984
eval_runtime = 18.4909
eval_samples_per_second = 270.403
