eval_accuracy = 0.5565999746322632
eval_loss = 1.025334358215332
eval_mae = 0.5346
eval_runtime = 17.2608
eval_samples_per_second = 289.673
