eval_accuracy = 0.4814000129699707
eval_loss = 1.392189383506775
eval_mae = 0.6732
eval_runtime = 29.662
eval_samples_per_second = 168.566
