eval_accuracy = 0.6060000061988831
eval_loss = 0.944691002368927
eval_mae = 0.4552
eval_runtime = 17.4836
eval_samples_per_second = 285.982
