eval_accuracy = 0.4684000015258789
eval_loss = 1.2952052354812622
eval_mae = 0.6806
eval_runtime = 25.4958
eval_samples_per_second = 196.111
