eval_accuracy = 0.5924000144004822
eval_loss = 0.949533998966217
eval_mae = 0.462
eval_runtime = 17.251
eval_samples_per_second = 289.839
