eval_accuracy = 0.49720001220703125
eval_loss = 1.238796591758728
eval_mae = 0.6472
eval_runtime = 26.6713
eval_samples_per_second = 187.467
