eval_accuracy = 0.5907999873161316
eval_loss = 0.9497105479240417
eval_mae = 0.4626
eval_runtime = 16.2793
eval_samples_per_second = 307.138
