eval_accuracy = 0.5935999751091003
eval_loss = 1.0066783428192139
eval_mae = 0.4678
eval_runtime = 17.1172
eval_samples_per_second = 292.103
