eval_accuracy = 0.5659999847412109
eval_loss = 1.0128095149993896
eval_mae = 0.5054
eval_runtime = 17.017
eval_samples_per_second = 293.823
