eval_accuracy = 0.621399998664856
eval_loss = 0.9507938623428345
eval_mae = 0.4278
eval_runtime = 17.4984
eval_samples_per_second = 285.74
