eval_accuracy = 0.6060000061988831
eval_loss = 0.9492273330688477
eval_mae = 0.4508
eval_runtime = 21.0497
eval_samples_per_second = 237.533
