eval_accuracy = 0.5541999936103821
eval_loss = 1.0249978303909302
eval_mae = 0.5372
eval_runtime = 17.4198
eval_samples_per_second = 287.03
