eval_accuracy = 0.4984000027179718
eval_loss = 1.1560553312301636
eval_mae = 0.5922
eval_runtime = 17.4619
eval_samples_per_second = 286.337
