eval_accuracy = 0.5929999947547913
eval_loss = 0.9478398561477661
eval_mae = 0.469
eval_runtime = 18.3318
eval_samples_per_second = 272.751
