eval_accuracy = 0.5835999846458435
eval_loss = 1.012675166130066
eval_mae = 0.4926
eval_runtime = 28.4766
eval_samples_per_second = 175.583
