eval_accuracy = 0.5992000102996826
eval_loss = 0.955744743347168
eval_mae = 0.4638
eval_runtime = 17.2822
eval_samples_per_second = 289.315
