eval_accuracy = 0.5266000032424927
eval_loss = 1.0537360906600952
eval_mae = 0.5718
eval_runtime = 16.9381
eval_samples_per_second = 295.192
