eval_accuracy = 0.6209999918937683
eval_loss = 0.950737476348877
eval_mae = 0.428
eval_runtime = 17.4983
eval_samples_per_second = 285.742
