eval_accuracy = 0.4749999940395355
eval_loss = 1.3425347805023193
eval_mae = 0.6936
eval_runtime = 16.9636
eval_samples_per_second = 294.749
