eval_accuracy = 0.621399998664856
eval_loss = 0.9509472846984863
eval_mae = 0.4282
eval_runtime = 17.4132
eval_samples_per_second = 287.138
