eval_accuracy = 0.574999988079071
eval_loss = 1.0043740272521973
eval_mae = 0.496
eval_runtime = 16.4871
eval_samples_per_second = 303.267
