eval_accuracy = 0.5576000213623047
eval_loss = 1.078582763671875
eval_mae = 0.5316
eval_runtime = 26.7602
eval_samples_per_second = 186.845
