eval_accuracy = 0.5486000180244446
eval_loss = 1.0890921354293823
eval_mae = 0.5416
eval_runtime = 19.1642
eval_samples_per_second = 260.904
