eval_accuracy = 0.5479999780654907
eval_loss = 1.0865859985351562
eval_mae = 0.5408
eval_runtime = 22.1931
eval_samples_per_second = 225.295
