eval_accuracy = 0.5275999903678894
eval_loss = 1.055403232574463
eval_mae = 0.571
eval_runtime = 16.8943
eval_samples_per_second = 295.958
