eval_accuracy = 0.5935999751091003
eval_loss = 0.949516236782074
eval_mae = 0.4688
eval_runtime = 21.1606
eval_samples_per_second = 236.288
