eval_accuracy = 0.5935999751091003
eval_loss = 0.9609808325767517
eval_mae = 0.482
eval_runtime = 17.3695
eval_samples_per_second = 287.861
