eval_accuracy = 0.5461999773979187
eval_loss = 1.0876364707946777
eval_mae = 0.543
eval_runtime = 22.5349
eval_samples_per_second = 221.878
