eval_accuracy = 0.5478000044822693
eval_loss = 1.1478919982910156
eval_mae = 0.5834
eval_runtime = 17.4555
eval_samples_per_second = 286.442
