eval_accuracy = 0.5586000084877014
eval_loss = 1.0788109302520752
eval_mae = 0.5306
eval_runtime = 19.2225
eval_samples_per_second = 260.111
