eval_accuracy = 0.5580000281333923
eval_loss = 1.0787519216537476
eval_mae = 0.5312
eval_runtime = 19.6972
eval_samples_per_second = 253.843
