eval_accuracy = 0.48019999265670776
eval_loss = 1.3923817873001099
eval_mae = 0.6742
eval_runtime = 36.5578
eval_samples_per_second = 136.77
