eval_accuracy = 0.49959999322891235
eval_loss = 1.1552906036376953
eval_mae = 0.5914
eval_runtime = 17.3353
eval_samples_per_second = 288.429
