eval_accuracy = 0.5586000084877014
eval_loss = 1.0785292387008667
eval_mae = 0.5304
eval_runtime = 31.7981
eval_samples_per_second = 157.242
