eval_accuracy = 0.5636000037193298
eval_loss = 1.0149036645889282
eval_mae = 0.5084
eval_runtime = 17.1924
eval_samples_per_second = 290.825
