eval_accuracy = 0.4830000102519989
eval_loss = 1.351982831954956
eval_mae = 0.671
eval_runtime = 17.9171
eval_samples_per_second = 279.063
