eval_accuracy = 0.5788000226020813
eval_loss = 1.0167133808135986
eval_mae = 0.484
eval_runtime = 16.8697
eval_samples_per_second = 296.39
