eval_accuracy = 0.5720000267028809
eval_loss = 0.9904228448867798
eval_mae = 0.5062
eval_runtime = 16.9785
eval_samples_per_second = 294.49
