eval_accuracy = 0.43860000371932983
eval_loss = 1.4442800283432007
eval_mae = 0.73
eval_runtime = 34.8127
eval_samples_per_second = 143.626
