eval_accuracy = 0.503000020980835
eval_loss = 1.2285395860671997
eval_mae = 0.6004
eval_runtime = 18.5085
eval_samples_per_second = 270.146
