eval_accuracy = 0.5573999881744385
eval_loss = 1.0246251821517944
eval_mae = 0.5332
eval_runtime = 17.2617
eval_samples_per_second = 289.659
