eval_accuracy = 0.579800009727478
eval_loss = 0.9791651368141174
eval_mae = 0.491
eval_runtime = 16.7861
eval_samples_per_second = 297.866
