eval_accuracy = 0.5753999948501587
eval_loss = 1.0057306289672852
eval_mae = 0.4966
eval_runtime = 16.3496
eval_samples_per_second = 305.817
