eval_accuracy = 0.4708000123500824
eval_loss = 1.3506972789764404
eval_mae = 0.6888
eval_runtime = 17.3248
eval_samples_per_second = 288.604
