eval_accuracy = 0.5911999940872192
eval_loss = 0.9488871097564697
eval_mae = 0.4618
eval_runtime = 16.6081
eval_samples_per_second = 301.057
