eval_accuracy = 0.527999997138977
eval_loss = 1.0536813735961914
eval_mae = 0.5692
eval_runtime = 15.9874
eval_samples_per_second = 312.745
