eval_accuracy = 0.6363999843597412
eval_loss = 0.8886017799377441
eval_mae = 0.4146
eval_runtime = 18.7052
eval_samples_per_second = 267.306
