eval_accuracy = 0.5703999996185303
eval_loss = 1.0205819606781006
eval_mae = 0.5076
eval_runtime = 17.3388
eval_samples_per_second = 288.371
