eval_accuracy = 0.5482000112533569
eval_loss = 1.0247175693511963
eval_mae = 0.5418
eval_runtime = 17.3664
eval_samples_per_second = 287.912
