eval_accuracy = 0.5609999895095825
eval_loss = 1.0452115535736084
eval_mae = 0.5076
eval_runtime = 18.5875
eval_samples_per_second = 268.999
