eval_accuracy = 0.5934000015258789
eval_loss = 0.9611529111862183
eval_mae = 0.4822
eval_runtime = 17.3666
eval_samples_per_second = 287.91
