eval_accuracy = 0.5802000164985657
eval_loss = 1.0094088315963745
eval_mae = 0.4808
eval_runtime = 16.8493
eval_samples_per_second = 296.749
