eval_accuracy = 0.5022000074386597
eval_loss = 1.176773190498352
eval_mae = 0.5924
eval_runtime = 17.2754
eval_samples_per_second = 289.43
