eval_accuracy = 0.5613999962806702
eval_loss = 1.045400619506836
eval_mae = 0.5076
eval_runtime = 20.5569
eval_samples_per_second = 243.227
