eval_accuracy = 0.4578000009059906
eval_loss = 1.3650184869766235
eval_mae = 0.7312
eval_runtime = 17.3515
eval_samples_per_second = 288.159
