eval_accuracy = 0.5464000105857849
eval_loss = 1.02945876121521
eval_mae = 0.539
eval_runtime = 17.4122
eval_samples_per_second = 287.154
