eval_accuracy = 0.5605999827384949
eval_loss = 1.045133352279663
eval_mae = 0.5084
eval_runtime = 18.4437
eval_samples_per_second = 271.095
