eval_accuracy = 0.5008000135421753
eval_loss = 1.2411701679229736
eval_mae = 0.5944
eval_runtime = 19.2094
eval_samples_per_second = 260.29
