eval_accuracy = 0.5613999962806702
eval_loss = 1.0451154708862305
eval_mae = 0.5086
eval_runtime = 18.4823
eval_samples_per_second = 270.529
