eval_accuracy = 0.5681999921798706
eval_loss = 0.9906726479530334
eval_mae = 0.5102
eval_runtime = 16.2766
eval_samples_per_second = 307.189
