eval_accuracy = 0.5794000029563904
eval_loss = 1.0141369104385376
eval_mae = 0.4972
eval_runtime = 24.2117
eval_samples_per_second = 206.511
