eval_accuracy = 0.605400025844574
eval_loss = 0.9463224411010742
eval_mae = 0.4566
eval_runtime = 16.4888
eval_samples_per_second = 303.236
