eval_accuracy = 0.5260000228881836
eval_loss = 1.052988052368164
eval_mae = 0.5708
eval_runtime = 17.1285
eval_samples_per_second = 291.91
