eval_accuracy = 0.5559999942779541
eval_loss = 1.0798962116241455
eval_mae = 0.566
eval_runtime = 18.4324
eval_samples_per_second = 271.261
