eval_accuracy = 0.605400025844574
eval_loss = 0.9497902393341064
eval_mae = 0.4512
eval_runtime = 18.8904
eval_samples_per_second = 264.684
