eval_accuracy = 0.5558000206947327
eval_loss = 1.0769611597061157
eval_mae = 0.566
eval_runtime = 18.8577
eval_samples_per_second = 265.144
