eval_accuracy = 0.5734000205993652
eval_loss = 1.0846587419509888
eval_mae = 0.5108
eval_runtime = 16.0425
eval_samples_per_second = 311.673
