eval_accuracy = 0.504800021648407
eval_loss = 1.1717562675476074
eval_mae = 0.592
eval_runtime = 16.7498
eval_samples_per_second = 298.512
