eval_accuracy = 0.6003999710083008
eval_loss = 0.9360364079475403
eval_mae = 0.4566
eval_runtime = 16.0812
eval_samples_per_second = 310.923
