eval_accuracy = 0.4832000136375427
eval_loss = 1.3525186777114868
eval_mae = 0.6708
eval_runtime = 18.2613
eval_samples_per_second = 273.802
