eval_accuracy = 0.6200000047683716
eval_loss = 0.951026201248169
eval_mae = 0.4292
eval_runtime = 17.4712
eval_samples_per_second = 286.186
