eval_accuracy = 0.5763999819755554
eval_loss = 1.005202293395996
eval_mae = 0.495
eval_runtime = 17.141
eval_samples_per_second = 291.697
