eval_accuracy = 0.4575999975204468
eval_loss = 1.3668020963668823
eval_mae = 0.7324
eval_runtime = 17.3096
eval_samples_per_second = 288.856
