eval_accuracy = 0.5812000036239624
eval_loss = 1.0114558935165405
eval_mae = 0.4804
eval_runtime = 17.5267
eval_samples_per_second = 285.279
