eval_accuracy = 0.5594000220298767
eval_loss = 1.0756351947784424
eval_mae = 0.5296
eval_runtime = 28.551
eval_samples_per_second = 175.125
