eval_accuracy = 0.592199981212616
eval_loss = 0.9475685358047485
eval_mae = 0.4702
eval_runtime = 19.0741
eval_samples_per_second = 262.136
