eval_accuracy = 0.4997999966144562
eval_loss = 1.155073642730713
eval_mae = 0.5914
eval_runtime = 17.3018
eval_samples_per_second = 288.988
