eval_accuracy = 0.5834000110626221
eval_loss = 0.9800933599472046
eval_mae = 0.4864
eval_runtime = 17.3219
eval_samples_per_second = 288.652
