eval_accuracy = 0.5809999704360962
eval_loss = 1.0184522867202759
eval_mae = 0.4938
eval_runtime = 21.0897
eval_samples_per_second = 237.083
