eval_accuracy = 0.5821999907493591
eval_loss = 0.9800505638122559
eval_mae = 0.4864
eval_runtime = 17.2858
eval_samples_per_second = 289.255
