eval_accuracy = 0.4997999966144562
eval_loss = 1.1543577909469604
eval_mae = 0.5904
eval_runtime = 17.2582
eval_samples_per_second = 289.717
