eval_accuracy = 0.4997999966144562
eval_loss = 1.2421197891235352
eval_mae = 0.5958
eval_runtime = 19.0847
eval_samples_per_second = 261.991
