eval_accuracy = 0.5270000100135803
eval_loss = 1.0556448698043823
eval_mae = 0.5722
eval_runtime = 16.9426
eval_samples_per_second = 295.113
