eval_accuracy = 0.4397999942302704
eval_loss = 1.4429885149002075
eval_mae = 0.7292
eval_runtime = 30.3669
eval_samples_per_second = 164.653
