eval_accuracy = 0.6079999804496765
eval_loss = 0.9493276476860046
eval_mae = 0.4488
eval_runtime = 23.9336
eval_samples_per_second = 208.911
