eval_accuracy = 0.6212000250816345
eval_loss = 0.9507426619529724
eval_mae = 0.4284
eval_runtime = 17.277
eval_samples_per_second = 289.402
