eval_accuracy = 0.5740000009536743
eval_loss = 1.086288332939148
eval_mae = 0.511
eval_runtime = 17.1424
eval_samples_per_second = 291.674
