eval_accuracy = 0.46720001101493835
eval_loss = 1.338341474533081
eval_mae = 0.6892
eval_runtime = 19.7377
eval_samples_per_second = 253.322
