eval_accuracy = 0.4674000144004822
eval_loss = 1.2967333793640137
eval_mae = 0.6826
eval_runtime = 21.8688
eval_samples_per_second = 228.636
