eval_accuracy = 0.5752000212669373
eval_loss = 1.0043742656707764
eval_mae = 0.4958
eval_runtime = 17.4781
eval_samples_per_second = 286.072
