eval_accuracy = 0.5702000260353088
eval_loss = 1.0228317975997925
eval_mae = 0.509
eval_runtime = 16.6722
eval_samples_per_second = 299.9
