eval_accuracy = 0.6019999980926514
eval_loss = 0.9353156089782715
eval_mae = 0.454
eval_runtime = 16.9973
eval_samples_per_second = 294.164
