eval_accuracy = 0.5062000155448914
eval_loss = 1.22891104221344
eval_mae = 0.6214
eval_runtime = 19.4658
eval_samples_per_second = 256.861
