eval_accuracy = 0.6362000107765198
eval_loss = 0.8905147314071655
eval_mae = 0.415
eval_runtime = 19.7629
eval_samples_per_second = 252.999
