eval_accuracy = 0.49900001287460327
eval_loss = 1.1561698913574219
eval_mae = 0.5916
eval_runtime = 18.5724
eval_samples_per_second = 269.216
