eval_accuracy = 0.5812000036239624
eval_loss = 1.0187726020812988
eval_mae = 0.4938
eval_runtime = 23.2745
eval_samples_per_second = 214.827
