eval_accuracy = 0.5482000112533569
eval_loss = 1.0860058069229126
eval_mae = 0.5408
eval_runtime = 20.4126
eval_samples_per_second = 244.946
