eval_accuracy = 0.5465999841690063
eval_loss = 1.030029535293579
eval_mae = 0.5378
eval_runtime = 16.7595
eval_samples_per_second = 298.338
