eval_accuracy = 0.6367999911308289
eval_loss = 0.8894808888435364
eval_mae = 0.4144
eval_runtime = 21.7694
eval_samples_per_second = 229.681
