eval_accuracy = 0.6007999777793884
eval_loss = 0.93585205078125
eval_mae = 0.4554
eval_runtime = 17.0942
eval_samples_per_second = 292.497
