eval_accuracy = 0.5952000021934509
eval_loss = 0.945995032787323
eval_mae = 0.4676
eval_runtime = 19.4266
eval_samples_per_second = 257.379
