eval_accuracy = 0.5016000270843506
eval_loss = 1.1760045289993286
eval_mae = 0.5936
eval_runtime = 17.4966
eval_samples_per_second = 285.77
