eval_accuracy = 0.5559999942779541
eval_loss = 1.0802165269851685
eval_mae = 0.533
eval_runtime = 35.1538
eval_samples_per_second = 142.232
