eval_accuracy = 0.6366000175476074
eval_loss = 0.8891921639442444
eval_mae = 0.4144
eval_runtime = 21.5389
eval_samples_per_second = 232.138
