eval_accuracy = 0.6003999710083008
eval_loss = 0.9553883075714111
eval_mae = 0.4628
eval_runtime = 17.3132
eval_samples_per_second = 288.798
