eval_accuracy = 0.4844000041484833
eval_loss = 1.3533827066421509
eval_mae = 0.6696
eval_runtime = 24.431
eval_samples_per_second = 204.658
