eval_accuracy = 0.4970000088214874
eval_loss = 1.2384554147720337
eval_mae = 0.6474
eval_runtime = 19.2518
eval_samples_per_second = 259.716
