eval_accuracy = 0.5640000104904175
eval_loss = 1.0144189596176147
eval_mae = 0.5076
eval_runtime = 16.9078
eval_samples_per_second = 295.721
