eval_accuracy = 0.5275999903678894
eval_loss = 1.052222490310669
eval_mae = 0.5702
eval_runtime = 16.2666
eval_samples_per_second = 307.378
