eval_accuracy = 0.5809999704360962
eval_loss = 1.0186591148376465
eval_mae = 0.4938
eval_runtime = 32.3864
eval_samples_per_second = 154.386
