eval_accuracy = 0.47279998660087585
eval_loss = 1.2932593822479248
eval_mae = 0.6748
eval_runtime = 18.2617
eval_samples_per_second = 273.797
