eval_accuracy = 0.5799999833106995
eval_loss = 1.0196150541305542
eval_mae = 0.4834
eval_runtime = 17.4893
eval_samples_per_second = 285.89
