eval_accuracy = 0.5479999780654907
eval_loss = 1.0842490196228027
eval_mae = 0.54
eval_runtime = 25.4791
eval_samples_per_second = 196.239
