eval_accuracy = 0.5559999942779541
eval_loss = 1.0804357528686523
eval_mae = 0.5656
eval_runtime = 19.144
eval_samples_per_second = 261.179
