eval_accuracy = 0.5001999735832214
eval_loss = 1.2268986701965332
eval_mae = 0.6026
eval_runtime = 18.8368
eval_samples_per_second = 265.437
