eval_accuracy = 0.49939998984336853
eval_loss = 1.230591893196106
eval_mae = 0.6036
eval_runtime = 18.0767
eval_samples_per_second = 276.599
