eval_accuracy = 0.49939998984336853
eval_loss = 1.2412837743759155
eval_mae = 0.5976
eval_runtime = 18.7681
eval_samples_per_second = 266.41
