eval_accuracy = 0.5059999823570251
eval_loss = 1.2365050315856934
eval_mae = 0.6236
eval_runtime = 21.6329
eval_samples_per_second = 231.129
