eval_accuracy = 0.5917999744415283
eval_loss = 0.9480295777320862
eval_mae = 0.4704
eval_runtime = 18.5862
eval_samples_per_second = 269.017
