eval_accuracy = 0.600600004196167
eval_loss = 0.9565550088882446
eval_mae = 0.4634
eval_runtime = 19.161
eval_samples_per_second = 260.946
