eval_accuracy = 0.5479999780654907
eval_loss = 1.086394190788269
eval_mae = 0.5408
eval_runtime = 20.9541
eval_samples_per_second = 238.616
