eval_accuracy = 0.5943999886512756
eval_loss = 1.0063867568969727
eval_mae = 0.4672
eval_runtime = 17.1711
eval_samples_per_second = 291.187
