eval_accuracy = 0.5576000213623047
eval_loss = 1.0611549615859985
eval_mae = 0.5214
eval_runtime = 18.3911
eval_samples_per_second = 271.871
