eval_accuracy = 0.49779999256134033
eval_loss = 1.2515459060668945
eval_mae = 0.5978
eval_runtime = 18.5986
eval_samples_per_second = 268.837
