eval_accuracy = 0.4832000136375427
eval_loss = 1.352530837059021
eval_mae = 0.67
eval_runtime = 18.4976
eval_samples_per_second = 270.305
