eval_accuracy = 0.5475999712944031
eval_loss = 1.0856724977493286
eval_mae = 0.5414
eval_runtime = 22.5953
eval_samples_per_second = 221.285
