eval_accuracy = 0.5580000281333923
eval_loss = 1.06320321559906
eval_mae = 0.5212
eval_runtime = 18.2979
eval_samples_per_second = 273.255
