eval_accuracy = 0.5641999840736389
eval_loss = 1.0151666402816772
eval_mae = 0.5078
eval_runtime = 17.1833
eval_samples_per_second = 290.98
