eval_accuracy = 0.5929999947547913
eval_loss = 1.0061700344085693
eval_mae = 0.468
eval_runtime = 17.4851
eval_samples_per_second = 285.957
