eval_accuracy = 0.5989999771118164
eval_loss = 0.954576849937439
eval_mae = 0.4654
eval_runtime = 17.2123
eval_samples_per_second = 290.49
