eval_accuracy = 0.6051999926567078
eval_loss = 0.9456416964530945
eval_mae = 0.455
eval_runtime = 16.5134
eval_samples_per_second = 302.784
