eval_accuracy = 0.4830000102519989
eval_loss = 1.3528224229812622
eval_mae = 0.6718
eval_runtime = 18.0117
eval_samples_per_second = 277.598
