eval_accuracy = 0.576200008392334
eval_loss = 1.0056078433990479
eval_mae = 0.4958
eval_runtime = 17.2109
eval_samples_per_second = 290.513
