eval_accuracy = 0.6019999980926514
eval_loss = 0.9511706829071045
eval_mae = 0.4596
eval_runtime = 16.6104
eval_samples_per_second = 301.017
