eval_accuracy = 0.5809999704360962
eval_loss = 1.0187560319900513
eval_mae = 0.4936
eval_runtime = 25.347
eval_samples_per_second = 197.262
