eval_accuracy = 0.5902000069618225
eval_loss = 0.9482806921005249
eval_mae = 0.463
eval_runtime = 17.1842
eval_samples_per_second = 290.966
