eval_accuracy = 0.579200029373169
eval_loss = 1.0174989700317383
eval_mae = 0.4834
eval_runtime = 17.4318
eval_samples_per_second = 286.832
