eval_accuracy = 0.4991999864578247
eval_loss = 1.1759567260742188
eval_mae = 0.5964
eval_runtime = 17.36
eval_samples_per_second = 288.019
