eval_accuracy = 0.5703999996185303
eval_loss = 0.9906273484230042
eval_mae = 0.5086
eval_runtime = 16.2285
eval_samples_per_second = 308.1
