eval_accuracy = 0.6033999919891357
eval_loss = 0.9464730620384216
eval_mae = 0.4566
eval_runtime = 17.3024
eval_samples_per_second = 288.978
