eval_accuracy = 0.6055999994277954
eval_loss = 0.9459424614906311
eval_mae = 0.4562
eval_runtime = 17.2945
eval_samples_per_second = 289.109
