eval_accuracy = 0.5802000164985657
eval_loss = 1.0116630792617798
eval_mae = 0.4826
eval_runtime = 16.8877
eval_samples_per_second = 296.074
