eval_accuracy = 0.579200029373169
eval_loss = 1.019446849822998
eval_mae = 0.4814
eval_runtime = 17.4341
eval_samples_per_second = 286.795
