eval_accuracy = 0.6187999844551086
eval_loss = 0.949669599533081
eval_mae = 0.4308
eval_runtime = 17.4035
eval_samples_per_second = 287.298
