eval_accuracy = 0.5004000067710876
eval_loss = 1.2198002338409424
eval_mae = 0.5974
eval_runtime = 18.0699
eval_samples_per_second = 276.703
