eval_accuracy = 0.5564000010490417
eval_loss = 1.0794811248779297
eval_mae = 0.5658
eval_runtime = 18.2807
eval_samples_per_second = 273.512
