eval_accuracy = 0.5809999704360962
eval_loss = 0.9772866368293762
eval_mae = 0.4886
eval_runtime = 17.3564
eval_samples_per_second = 288.077
