eval_accuracy = 0.5690000057220459
eval_loss = 1.0209472179412842
eval_mae = 0.5092
eval_runtime = 16.552
eval_samples_per_second = 302.078
