eval_accuracy = 0.48579999804496765
eval_loss = 1.3486979007720947
eval_mae = 0.668
eval_runtime = 18.9935
eval_samples_per_second = 263.248
