eval_accuracy = 0.5929999947547913
eval_loss = 1.001959204673767
eval_mae = 0.4674
eval_runtime = 17.2011
eval_samples_per_second = 290.679
