eval_accuracy = 0.49880000948905945
eval_loss = 1.2287492752075195
eval_mae = 0.605
eval_runtime = 18.4692
eval_samples_per_second = 270.721
