eval_accuracy = 0.4758000075817108
eval_loss = 1.3430273532867432
eval_mae = 0.6986
eval_runtime = 16.9356
eval_samples_per_second = 295.236
