eval_accuracy = 0.5716000199317932
eval_loss = 0.9905591607093811
eval_mae = 0.5066
eval_runtime = 17.1291
eval_samples_per_second = 291.901
