eval_accuracy = 0.6018000245094299
eval_loss = 0.9360378980636597
eval_mae = 0.4548
eval_runtime = 17.0505
eval_samples_per_second = 293.246
