eval_accuracy = 0.46779999136924744
eval_loss = 1.328789472579956
eval_mae = 0.6878
eval_runtime = 18.0013
eval_samples_per_second = 277.757
