eval_accuracy = 0.579200029373169
eval_loss = 1.0124330520629883
eval_mae = 0.483
eval_runtime = 17.5278
eval_samples_per_second = 285.261
