eval_accuracy = 0.5486000180244446
eval_loss = 1.1487489938735962
eval_mae = 0.5824
eval_runtime = 16.894
eval_samples_per_second = 295.963
