eval_accuracy = 0.6047999858856201
eval_loss = 0.9463651180267334
eval_mae = 0.4566
eval_runtime = 17.3993
eval_samples_per_second = 287.368
