eval_accuracy = 0.4991999864578247
eval_loss = 1.2359137535095215
eval_mae = 0.6434
eval_runtime = 18.0001
eval_samples_per_second = 277.776
