eval_accuracy = 0.5482000112533569
eval_loss = 1.0857341289520264
eval_mae = 0.5402
eval_runtime = 18.8204
eval_samples_per_second = 265.669
