eval_accuracy = 0.46779999136924744
eval_loss = 1.2969228029251099
eval_mae = 0.6818
eval_runtime = 19.979
eval_samples_per_second = 250.262
