eval_accuracy = 0.4984000027179718
eval_loss = 1.2284603118896484
eval_mae = 0.6032
eval_runtime = 18.0916
eval_samples_per_second = 276.372
