eval_accuracy = 0.6205999851226807
eval_loss = 0.9509497880935669
eval_mae = 0.4292
eval_runtime = 17.336
eval_samples_per_second = 288.418
