eval_accuracy = 0.5493999719619751
eval_loss = 1.1468955278396606
eval_mae = 0.5814
eval_runtime = 16.5079
eval_samples_per_second = 302.884
