eval_accuracy = 0.5925999879837036
eval_loss = 0.9609056711196899
eval_mae = 0.4838
eval_runtime = 17.3757
eval_samples_per_second = 287.758
