eval_accuracy = 0.4812000095844269
eval_loss = 1.3911632299423218
eval_mae = 0.6738
eval_runtime = 20.1338
eval_samples_per_second = 248.338
