eval_accuracy = 0.5672000050544739
eval_loss = 1.0127058029174805
eval_mae = 0.5088
eval_runtime = 16.6202
eval_samples_per_second = 300.84
