eval_accuracy = 0.5573999881744385
eval_loss = 1.0630065202713013
eval_mae = 0.5218
eval_runtime = 18.3401
eval_samples_per_second = 272.627
