eval_accuracy = 0.5799999833106995
eval_loss = 1.0166471004486084
eval_mae = 0.4822
eval_runtime = 17.4958
eval_samples_per_second = 285.784
