eval_accuracy = 0.5564000010490417
eval_loss = 1.0804449319839478
eval_mae = 0.564
eval_runtime = 20.4778
eval_samples_per_second = 244.167
