eval_accuracy = 0.5425999760627747
eval_loss = 1.030027151107788
eval_mae = 0.5418
eval_runtime = 16.3339
eval_samples_per_second = 306.112
