eval_accuracy = 0.5925999879837036
eval_loss = 0.9603718519210815
eval_mae = 0.484
eval_runtime = 17.5356
eval_samples_per_second = 285.135
