eval_accuracy = 0.5813999772071838
eval_loss = 1.018833041191101
eval_mae = 0.4932
eval_runtime = 23.0123
eval_samples_per_second = 217.275
