eval_accuracy = 0.5598000288009644
eval_loss = 1.0449467897415161
eval_mae = 0.5094
eval_runtime = 19.94
eval_samples_per_second = 250.753
