eval_accuracy = 0.48080000281333923
eval_loss = 1.3924384117126465
eval_mae = 0.6738
eval_runtime = 28.6607
eval_samples_per_second = 174.455
