eval_accuracy = 0.46700000762939453
eval_loss = 1.2922136783599854
eval_mae = 0.6796
eval_runtime = 19.1161
eval_samples_per_second = 261.56
