eval_accuracy = 0.5501999855041504
eval_loss = 1.1478016376495361
eval_mae = 0.5812
eval_runtime = 16.7924
eval_samples_per_second = 297.753
