eval_accuracy = 0.46799999475479126
eval_loss = 1.2958905696868896
eval_mae = 0.6814
eval_runtime = 28.8067
eval_samples_per_second = 173.571
