eval_accuracy = 0.49880000948905945
eval_loss = 1.2288057804107666
eval_mae = 0.6038
eval_runtime = 18.4094
eval_samples_per_second = 271.6
