eval_accuracy = 0.5569999814033508
eval_loss = 1.0627771615982056
eval_mae = 0.5226
eval_runtime = 19.8873
eval_samples_per_second = 251.417
