eval_accuracy = 0.5623999834060669
eval_loss = 1.0448102951049805
eval_mae = 0.5074
eval_runtime = 18.4088
eval_samples_per_second = 271.61
