eval_accuracy = 0.4681999981403351
eval_loss = 1.3391568660736084
eval_mae = 0.6886
eval_runtime = 36.2662
eval_samples_per_second = 137.869
