eval_accuracy = 0.4575999975204468
eval_loss = 1.3696767091751099
eval_mae = 0.733
eval_runtime = 16.6984
eval_samples_per_second = 299.43
