eval_accuracy = 0.5799999833106995
eval_loss = 1.0110174417495728
eval_mae = 0.4816
eval_runtime = 17.4016
eval_samples_per_second = 287.329
