eval_accuracy = 0.47200000286102295
eval_loss = 1.350423812866211
eval_mae = 0.6896
eval_runtime = 17.3046
eval_samples_per_second = 288.94
