eval_accuracy = 0.6015999913215637
eval_loss = 0.9348919987678528
eval_mae = 0.4536
eval_runtime = 16.5441
eval_samples_per_second = 302.222
