eval_accuracy = 0.5705999732017517
eval_loss = 1.021451473236084
eval_mae = 0.5076
eval_runtime = 17.5472
eval_samples_per_second = 284.945
