eval_accuracy = 0.5031999945640564
eval_loss = 1.176537275314331
eval_mae = 0.5908
eval_runtime = 17.4366
eval_samples_per_second = 286.753
