eval_accuracy = 0.5565999746322632
eval_loss = 1.0800482034683228
eval_mae = 0.5648
eval_runtime = 24.0207
eval_samples_per_second = 208.154
