eval_accuracy = 0.6051999926567078
eval_loss = 0.9459871053695679
eval_mae = 0.4564
eval_runtime = 17.2955
eval_samples_per_second = 289.093
