eval_accuracy = 0.5608000159263611
eval_loss = 1.045252799987793
eval_mae = 0.5086
eval_runtime = 18.074
eval_samples_per_second = 276.64
