eval_accuracy = 0.5699999928474426
eval_loss = 1.0219764709472656
eval_mae = 0.5086
eval_runtime = 17.3104
eval_samples_per_second = 288.843
