eval_accuracy = 0.4812000095844269
eval_loss = 1.3914737701416016
eval_mae = 0.6736
eval_runtime = 33.163
eval_samples_per_second = 150.77
