eval_accuracy = 0.5802000164985657
eval_loss = 1.0115302801132202
eval_mae = 0.482
eval_runtime = 17.4223
eval_samples_per_second = 286.988
