eval_accuracy = 0.4381999969482422
eval_loss = 1.4454327821731567
eval_mae = 0.732
eval_runtime = 23.285
eval_samples_per_second = 214.731
