eval_accuracy = 0.5983999967575073
eval_loss = 0.95522141456604
eval_mae = 0.4642
eval_runtime = 16.6567
eval_samples_per_second = 300.179
