eval_accuracy = 0.5753999948501587
eval_loss = 1.0059826374053955
eval_mae = 0.4966
eval_runtime = 17.2975
eval_samples_per_second = 289.058
