eval_accuracy = 0.6025999784469604
eval_loss = 0.935762882232666
eval_mae = 0.4532
eval_runtime = 17.0245
eval_samples_per_second = 293.694
