eval_accuracy = 0.4726000130176544
eval_loss = 1.3485275506973267
eval_mae = 0.6892
eval_runtime = 17.339
eval_samples_per_second = 288.367
