eval_accuracy = 0.5917999744415283
eval_loss = 0.9466526508331299
eval_mae = 0.4704
eval_runtime = 18.942
eval_samples_per_second = 263.963
