eval_accuracy = 0.4832000136375427
eval_loss = 1.3535104990005493
eval_mae = 0.671
eval_runtime = 18.0954
eval_samples_per_second = 276.313
