eval_accuracy = 0.5758000016212463
eval_loss = 1.0063151121139526
eval_mae = 0.496
eval_runtime = 17.1934
eval_samples_per_second = 290.809
