eval_accuracy = 0.503600001335144
eval_loss = 1.1771965026855469
eval_mae = 0.5906
eval_runtime = 17.3313
eval_samples_per_second = 288.496
