eval_accuracy = 0.6204000115394592
eval_loss = 0.9507096409797668
eval_mae = 0.4288
eval_runtime = 17.4311
eval_samples_per_second = 286.843
