eval_accuracy = 0.5583999752998352
eval_loss = 1.0795769691467285
eval_mae = 0.5312
eval_runtime = 30.6109
eval_samples_per_second = 163.341
