eval_accuracy = 0.5942000150680542
eval_loss = 0.9602255821228027
eval_mae = 0.4812
eval_runtime = 17.3933
eval_samples_per_second = 287.468
