eval_accuracy = 0.5690000057220459
eval_loss = 1.0177338123321533
eval_mae = 0.5076
eval_runtime = 17.3179
eval_samples_per_second = 288.719
