eval_accuracy = 0.5546000003814697
eval_loss = 1.0251678228378296
eval_mae = 0.5368
eval_runtime = 17.3562
eval_samples_per_second = 288.081
