eval_accuracy = 0.5577999949455261
eval_loss = 1.0625532865524292
eval_mae = 0.5218
eval_runtime = 18.3191
eval_samples_per_second = 272.939
