eval_accuracy = 0.506600022315979
eval_loss = 1.2289930582046509
eval_mae = 0.622
eval_runtime = 18.9209
eval_samples_per_second = 264.258
