eval_accuracy = 0.5558000206947327
eval_loss = 1.0636039972305298
eval_mae = 0.5232
eval_runtime = 26.3323
eval_samples_per_second = 189.881
