eval_accuracy = 0.5640000104904175
eval_loss = 1.0147063732147217
eval_mae = 0.5088
eval_runtime = 16.8652
eval_samples_per_second = 296.468
