eval_accuracy = 0.5943999886512756
eval_loss = 1.0066428184509277
eval_mae = 0.4666
eval_runtime = 17.1279
eval_samples_per_second = 291.921
