eval_accuracy = 0.5712000131607056
eval_loss = 0.9875094890594482
eval_mae = 0.5046
eval_runtime = 17.013
eval_samples_per_second = 293.893
