eval_accuracy = 0.579200029373169
eval_loss = 1.0118378400802612
eval_mae = 0.4826
eval_runtime = 17.3227
eval_samples_per_second = 288.638
