eval_accuracy = 0.5455999970436096
eval_loss = 1.147964358329773
eval_mae = 0.5844
eval_runtime = 16.478
eval_samples_per_second = 303.434
