eval_accuracy = 0.5813999772071838
eval_loss = 0.9788421988487244
eval_mae = 0.4888
eval_runtime = 17.5114
eval_samples_per_second = 285.528
