eval_accuracy = 0.49939998984336853
eval_loss = 1.2273212671279907
eval_mae = 0.6036
eval_runtime = 18.4181
eval_samples_per_second = 271.472
