eval_accuracy = 0.5928000211715698
eval_loss = 1.0087352991104126
eval_mae = 0.4688
eval_runtime = 17.1311
eval_samples_per_second = 291.867
