eval_accuracy = 0.6200000047683716
eval_loss = 0.9505095481872559
eval_mae = 0.4302
eval_runtime = 17.3931
eval_samples_per_second = 287.47
