eval_accuracy = 0.5275999903678894
eval_loss = 1.0551320314407349
eval_mae = 0.5722
eval_runtime = 16.2765
eval_samples_per_second = 307.192
