eval_accuracy = 0.5853999853134155
eval_loss = 0.9762129783630371
eval_mae = 0.4842
eval_runtime = 17.3532
eval_samples_per_second = 288.131
