eval_accuracy = 0.5594000220298767
eval_loss = 1.0739401578903198
eval_mae = 0.5292
eval_runtime = 27.408
eval_samples_per_second = 182.429
