eval_accuracy = 0.605400025844574
eval_loss = 0.9467809796333313
eval_mae = 0.457
eval_runtime = 17.2474
eval_samples_per_second = 289.899
