eval_accuracy = 0.5753999948501587
eval_loss = 1.0059601068496704
eval_mae = 0.495
eval_runtime = 16.5381
eval_samples_per_second = 302.333
