eval_accuracy = 0.5587999820709229
eval_loss = 1.0795601606369019
eval_mae = 0.5618
eval_runtime = 18.5921
eval_samples_per_second = 268.932
