eval_accuracy = 0.5893999934196472
eval_loss = 0.9488238096237183
eval_mae = 0.4644
eval_runtime = 16.5689
eval_samples_per_second = 301.77
