eval_accuracy = 0.6003999710083008
eval_loss = 0.9539462924003601
eval_mae = 0.462
eval_runtime = 17.1742
eval_samples_per_second = 291.135
