eval_accuracy = 0.5618000030517578
eval_loss = 1.0443428754806519
eval_mae = 0.5078
eval_runtime = 18.921
eval_samples_per_second = 264.256
