eval_accuracy = 0.6194000244140625
eval_loss = 0.9522981643676758
eval_mae = 0.4306
eval_runtime = 17.3871
eval_samples_per_second = 287.569
