eval_accuracy = 0.5771999955177307
eval_loss = 1.0058282613754272
eval_mae = 0.4944
eval_runtime = 16.411
eval_samples_per_second = 304.674
