eval_accuracy = 0.4968000054359436
eval_loss = 1.250414490699768
eval_mae = 0.6494
eval_runtime = 22.1802
eval_samples_per_second = 225.426
