eval_accuracy = 0.5587999820709229
eval_loss = 1.0786179304122925
eval_mae = 0.5304
eval_runtime = 30.6573
eval_samples_per_second = 163.093
