eval_accuracy = 0.47699999809265137
eval_loss = 1.344087839126587
eval_mae = 0.6926
eval_runtime = 16.9394
eval_samples_per_second = 295.169
