eval_accuracy = 0.5803999900817871
eval_loss = 1.0182826519012451
eval_mae = 0.4946
eval_runtime = 37.3434
eval_samples_per_second = 133.893
