eval_accuracy = 0.5709999799728394
eval_loss = 1.0231767892837524
eval_mae = 0.507
eval_runtime = 17.3564
eval_samples_per_second = 288.079
