eval_accuracy = 0.4681999981403351
eval_loss = 1.338799238204956
eval_mae = 0.6886
eval_runtime = 27.7878
eval_samples_per_second = 179.935
