eval_accuracy = 0.576200008392334
eval_loss = 1.0053941011428833
eval_mae = 0.495
eval_runtime = 17.2783
eval_samples_per_second = 289.38
