eval_accuracy = 0.5745999813079834
eval_loss = 1.085117220878601
eval_mae = 0.5112
eval_runtime = 16.1627
eval_samples_per_second = 309.355
