eval_accuracy = 0.604200005531311
eval_loss = 0.9463008046150208
eval_mae = 0.4568
eval_runtime = 17.15
eval_samples_per_second = 291.544
