eval_accuracy = 0.5932000279426575
eval_loss = 1.0047584772109985
eval_mae = 0.4676
eval_runtime = 17.3326
eval_samples_per_second = 288.474
