eval_accuracy = 0.5938000082969666
eval_loss = 0.9609058499336243
eval_mae = 0.4818
eval_runtime = 16.4572
eval_samples_per_second = 303.819
