eval_accuracy = 0.5576000213623047
eval_loss = 1.0781625509262085
eval_mae = 0.5324
eval_runtime = 30.2758
eval_samples_per_second = 165.148
