eval_accuracy = 0.6055999994277954
eval_loss = 0.9496005773544312
eval_mae = 0.4502
eval_runtime = 18.7758
eval_samples_per_second = 266.3
