eval_accuracy = 0.5709999799728394
eval_loss = 0.9906436800956726
eval_mae = 0.5076
eval_runtime = 16.9478
eval_samples_per_second = 295.024
