eval_accuracy = 0.4837999939918518
eval_loss = 1.3520153760910034
eval_mae = 0.67
eval_runtime = 18.587
eval_samples_per_second = 269.005
