eval_accuracy = 0.5026000142097473
eval_loss = 1.17752206325531
eval_mae = 0.5926
eval_runtime = 17.3521
eval_samples_per_second = 288.149
