eval_accuracy = 0.46799999475479126
eval_loss = 1.2968249320983887
eval_mae = 0.6818
eval_runtime = 29.9423
eval_samples_per_second = 166.988
