eval_accuracy = 0.620199978351593
eval_loss = 0.9509610533714294
eval_mae = 0.43
eval_runtime = 17.3612
eval_samples_per_second = 287.998
