eval_accuracy = 0.5817999839782715
eval_loss = 0.9794562458992004
eval_mae = 0.4884
eval_runtime = 17.3018
eval_samples_per_second = 288.987
