eval_accuracy = 0.5013999938964844
eval_loss = 1.152613878250122
eval_mae = 0.5896
eval_runtime = 17.2039
eval_samples_per_second = 290.631
