eval_accuracy = 0.46959999203681946
eval_loss = 1.3372650146484375
eval_mae = 0.6866
eval_runtime = 35.8417
eval_samples_per_second = 139.502
