eval_accuracy = 0.5569999814033508
eval_loss = 1.0630632638931274
eval_mae = 0.5226
eval_runtime = 18.3039
eval_samples_per_second = 273.166
