eval_accuracy = 0.579200029373169
eval_loss = 1.017319679260254
eval_mae = 0.4836
eval_runtime = 17.4315
eval_samples_per_second = 286.837
