eval_accuracy = 0.5784000158309937
eval_loss = 1.0160967111587524
eval_mae = 0.484
eval_runtime = 17.1043
eval_samples_per_second = 292.325
