eval_accuracy = 0.5067999958992004
eval_loss = 1.2269854545593262
eval_mae = 0.6196
eval_runtime = 19.5302
eval_samples_per_second = 256.014
