eval_accuracy = 0.5016000270843506
eval_loss = 1.176992416381836
eval_mae = 0.5924
eval_runtime = 17.3061
eval_samples_per_second = 288.916
