eval_accuracy = 0.5623999834060669
eval_loss = 1.0449844598770142
eval_mae = 0.507
eval_runtime = 23.5969
eval_samples_per_second = 211.892
