eval_accuracy = 0.5820000171661377
eval_loss = 0.978773832321167
eval_mae = 0.488
eval_runtime = 17.5144
eval_samples_per_second = 285.479
