eval_accuracy = 0.46779999136924744
eval_loss = 1.3391040563583374
eval_mae = 0.689
eval_runtime = 24.1556
eval_samples_per_second = 206.992
