eval_accuracy = 0.5649999976158142
eval_loss = 1.0147207975387573
eval_mae = 0.5078
eval_runtime = 16.5059
eval_samples_per_second = 302.923
