eval_accuracy = 0.605400025844574
eval_loss = 0.9463309645652771
eval_mae = 0.4566
eval_runtime = 17.2071
eval_samples_per_second = 290.577
