eval_accuracy = 0.5748000144958496
eval_loss = 1.0850635766983032
eval_mae = 0.5108
eval_runtime = 16.0411
eval_samples_per_second = 311.7
