eval_accuracy = 0.5896000266075134
eval_loss = 0.949144721031189
eval_mae = 0.4638
eval_runtime = 17.1851
eval_samples_per_second = 290.949
