eval_accuracy = 0.6021999716758728
eval_loss = 0.9357640743255615
eval_mae = 0.4538
eval_runtime = 16.3246
eval_samples_per_second = 306.286
