eval_accuracy = 0.5907999873161316
eval_loss = 0.9490174055099487
eval_mae = 0.4626
eval_runtime = 16.5698
eval_samples_per_second = 301.754
