eval_accuracy = 0.574999988079071
eval_loss = 1.0063738822937012
eval_mae = 0.4962
eval_runtime = 17.3125
eval_samples_per_second = 288.808
