eval_accuracy = 0.5807999968528748
eval_loss = 1.012323260307312
eval_mae = 0.4806
eval_runtime = 17.4185
eval_samples_per_second = 287.052
