eval_accuracy = 0.592199981212616
eval_loss = 0.9480168223381042
eval_mae = 0.4698
eval_runtime = 18.3699
eval_samples_per_second = 272.184
