eval_accuracy = 0.5067999958992004
eval_loss = 1.2290096282958984
eval_mae = 0.6208
eval_runtime = 22.4275
eval_samples_per_second = 222.941
