eval_accuracy = 0.6376000046730042
eval_loss = 0.8863817453384399
eval_mae = 0.413
eval_runtime = 20.653
eval_samples_per_second = 242.095
