eval_accuracy = 0.5934000015258789
eval_loss = 0.961037278175354
eval_mae = 0.4828
eval_runtime = 17.5507
eval_samples_per_second = 284.89
