eval_accuracy = 0.5591999888420105
eval_loss = 1.0581436157226562
eval_mae = 0.5186
eval_runtime = 18.481
eval_samples_per_second = 270.549
