eval_accuracy = 0.5491999983787537
eval_loss = 1.1477161645889282
eval_mae = 0.5814
eval_runtime = 17.2813
eval_samples_per_second = 289.329
