eval_accuracy = 0.46779999136924744
eval_loss = 1.338165283203125
eval_mae = 0.6888
eval_runtime = 27.5891
eval_samples_per_second = 181.231
