eval_accuracy = 0.592199981212616
eval_loss = 1.0067802667617798
eval_mae = 0.4694
eval_runtime = 17.2807
eval_samples_per_second = 289.339
