eval_accuracy = 0.5723999738693237
eval_loss = 1.0825459957122803
eval_mae = 0.5124
eval_runtime = 16.3622
eval_samples_per_second = 305.583
