eval_accuracy = 0.4681999981403351
eval_loss = 1.297263503074646
eval_mae = 0.681
eval_runtime = 21.34
eval_samples_per_second = 234.301
