eval_accuracy = 0.49939998984336853
eval_loss = 1.2285640239715576
eval_mae = 0.6036
eval_runtime = 18.3922
eval_samples_per_second = 271.854
