eval_accuracy = 0.5662000179290771
eval_loss = 1.0145832300186157
eval_mae = 0.5068
eval_runtime = 15.9905
eval_samples_per_second = 312.685
