eval_accuracy = 0.6018000245094299
eval_loss = 0.9360771775245667
eval_mae = 0.4544
eval_runtime = 16.4652
eval_samples_per_second = 303.671
