eval_accuracy = 0.49959999322891235
eval_loss = 1.2275243997573853
eval_mae = 0.603
eval_runtime = 18.3536
eval_samples_per_second = 272.426
