eval_accuracy = 0.602400004863739
eval_loss = 0.9358085989952087
eval_mae = 0.4528
eval_runtime = 17.1023
eval_samples_per_second = 292.358
