eval_accuracy = 0.5938000082969666
eval_loss = 1.0064127445220947
eval_mae = 0.468
eval_runtime = 17.2069
eval_samples_per_second = 290.582
