eval_accuracy = 0.48019999265670776
eval_loss = 1.3925501108169556
eval_mae = 0.6748
eval_runtime = 19.4615
eval_samples_per_second = 256.917
