eval_accuracy = 0.4749999940395355
eval_loss = 1.3429224491119385
eval_mae = 0.6954
eval_runtime = 16.8818
eval_samples_per_second = 296.177
