eval_accuracy = 0.5271999835968018
eval_loss = 1.0537902116775513
eval_mae = 0.57
eval_runtime = 16.3211
eval_samples_per_second = 306.352
