eval_accuracy = 0.5817999839782715
eval_loss = 0.9786979556083679
eval_mae = 0.4882
eval_runtime = 16.7706
eval_samples_per_second = 298.142
