eval_accuracy = 0.46860000491142273
eval_loss = 1.2969754934310913
eval_mae = 0.681
eval_runtime = 29.926
eval_samples_per_second = 167.079
