eval_accuracy = 0.5475999712944031
eval_loss = 1.0861616134643555
eval_mae = 0.5412
eval_runtime = 19.6783
eval_samples_per_second = 254.087
