eval_accuracy = 0.5565999746322632
eval_loss = 1.0246472358703613
eval_mae = 0.534
eval_runtime = 16.6587
eval_samples_per_second = 300.144
