eval_accuracy = 0.4997999966144562
eval_loss = 1.1561393737792969
eval_mae = 0.5904
eval_runtime = 17.2846
eval_samples_per_second = 289.275
