eval_accuracy = 0.6380000114440918
eval_loss = 0.8896216750144958
eval_mae = 0.4126
eval_runtime = 24.0507
eval_samples_per_second = 207.895
