eval_accuracy = 0.5920000076293945
eval_loss = 0.9489892721176147
eval_mae = 0.4612
eval_runtime = 16.2503
eval_samples_per_second = 307.687
