eval_accuracy = 0.47679999470710754
eval_loss = 1.3295035362243652
eval_mae = 0.6912
eval_runtime = 16.93
eval_samples_per_second = 295.334
