eval_accuracy = 0.5447999835014343
eval_loss = 1.0295912027359009
eval_mae = 0.5402
eval_runtime = 17.352
eval_samples_per_second = 288.151
