eval_accuracy = 0.590399980545044
eval_loss = 0.9488893747329712
eval_mae = 0.4634
eval_runtime = 17.2857
eval_samples_per_second = 289.257
