eval_accuracy = 0.46799999475479126
eval_loss = 1.3387870788574219
eval_mae = 0.6888
eval_runtime = 24.4334
eval_samples_per_second = 204.638
