eval_accuracy = 0.4684000015258789
eval_loss = 1.3377610445022583
eval_mae = 0.6874
eval_runtime = 32.5582
eval_samples_per_second = 153.571
