eval_accuracy = 0.5699999928474426
eval_loss = 0.9903255701065063
eval_mae = 0.5084
eval_runtime = 17.0403
eval_samples_per_second = 293.422
