eval_accuracy = 0.5806000232696533
eval_loss = 0.9779840111732483
eval_mae = 0.4888
eval_runtime = 17.3383
eval_samples_per_second = 288.379
