eval_accuracy = 0.6018000245094299
eval_loss = 0.935348629951477
eval_mae = 0.4534
eval_runtime = 16.9956
eval_samples_per_second = 294.194
