eval_accuracy = 0.4708000123500824
eval_loss = 1.345953345298767
eval_mae = 0.6896
eval_runtime = 16.6509
eval_samples_per_second = 300.284
