eval_accuracy = 0.5753999948501587
eval_loss = 1.0024621486663818
eval_mae = 0.4946
eval_runtime = 17.2252
eval_samples_per_second = 290.272
