eval_accuracy = 0.4846000075340271
eval_loss = 1.3503307104110718
eval_mae = 0.6702
eval_runtime = 18.51
eval_samples_per_second = 270.124
