eval_accuracy = 0.5935999751091003
eval_loss = 1.0066308975219727
eval_mae = 0.468
eval_runtime = 17.2077
eval_samples_per_second = 290.567
