eval_accuracy = 0.49959999322891235
eval_loss = 1.2291170358657837
eval_mae = 0.6016
eval_runtime = 18.4992
eval_samples_per_second = 270.283
