eval_accuracy = 0.5468000173568726
eval_loss = 1.1485382318496704
eval_mae = 0.5838
eval_runtime = 17.5318
eval_samples_per_second = 285.196
