eval_accuracy = 0.4708000123500824
eval_loss = 1.3480732440948486
eval_mae = 0.6934
eval_runtime = 17.4789
eval_samples_per_second = 286.059
