eval_accuracy = 0.5898000001907349
eval_loss = 0.9497090578079224
eval_mae = 0.464
eval_runtime = 17.1446
eval_samples_per_second = 291.637
