eval_accuracy = 0.6370000243186951
eval_loss = 0.8897062540054321
eval_mae = 0.4138
eval_runtime = 20.6774
eval_samples_per_second = 241.81
