eval_accuracy = 0.4986000061035156
eval_loss = 1.228278398513794
eval_mae = 0.604
eval_runtime = 18.3763
eval_samples_per_second = 272.089
