eval_accuracy = 0.5067999958992004
eval_loss = 1.2402251958847046
eval_mae = 0.5878
eval_runtime = 21.5047
eval_samples_per_second = 232.508
