eval_accuracy = 0.574400007724762
eval_loss = 1.0850845575332642
eval_mae = 0.5098
eval_runtime = 16.4772
eval_samples_per_second = 303.45
