eval_accuracy = 0.5795999765396118
eval_loss = 1.0188093185424805
eval_mae = 0.483
eval_runtime = 17.4422
eval_samples_per_second = 286.662
