eval_accuracy = 0.5590000152587891
eval_loss = 1.0785813331604004
eval_mae = 0.5302
eval_runtime = 22.7394
eval_samples_per_second = 219.883
