eval_accuracy = 0.5702000260353088
eval_loss = 1.0773255825042725
eval_mae = 0.5152
eval_runtime = 16.077
eval_samples_per_second = 311.004
