eval_accuracy = 0.555400013923645
eval_loss = 1.0247467756271362
eval_mae = 0.5354
eval_runtime = 17.3245
eval_samples_per_second = 288.609
