eval_accuracy = 0.48559999465942383
eval_loss = 1.3505295515060425
eval_mae = 0.6684
eval_runtime = 18.5925
eval_samples_per_second = 268.926
