eval_accuracy = 0.5820000171661377
eval_loss = 0.9790654182434082
eval_mae = 0.4882
eval_runtime = 17.4348
eval_samples_per_second = 286.782
