eval_accuracy = 0.4970000088214874
eval_loss = 1.24076509475708
eval_mae = 0.6474
eval_runtime = 34.4692
eval_samples_per_second = 145.057
