eval_accuracy = 0.6205999851226807
eval_loss = 0.951257050037384
eval_mae = 0.4284
eval_runtime = 17.4256
eval_samples_per_second = 286.934
