eval_accuracy = 0.579200029373169
eval_loss = 1.0176154375076294
eval_mae = 0.4836
eval_runtime = 17.0938
eval_samples_per_second = 292.503
