eval_accuracy = 0.5770000219345093
eval_loss = 1.0047528743743896
eval_mae = 0.4942
eval_runtime = 17.1618
eval_samples_per_second = 291.345
