eval_accuracy = 0.5812000036239624
eval_loss = 1.0184246301651
eval_mae = 0.481
eval_runtime = 16.8963
eval_samples_per_second = 295.923
