eval_accuracy = 0.4675999879837036
eval_loss = 1.3411329984664917
eval_mae = 0.6892
eval_runtime = 21.6566
eval_samples_per_second = 230.877
