eval_accuracy = 0.5526000261306763
eval_loss = 1.025817632675171
eval_mae = 0.5374
eval_runtime = 17.2385
eval_samples_per_second = 290.048
