eval_accuracy = 0.5473999977111816
eval_loss = 1.0859615802764893
eval_mae = 0.5416
eval_runtime = 18.2899
eval_samples_per_second = 273.376
