eval_accuracy = 0.546999990940094
eval_loss = 1.0862817764282227
eval_mae = 0.5416
eval_runtime = 18.1541
eval_samples_per_second = 275.421
