eval_accuracy = 0.6051999926567078
eval_loss = 0.9465203881263733
eval_mae = 0.4572
eval_runtime = 17.1937
eval_samples_per_second = 290.805
