eval_accuracy = 0.5929999947547913
eval_loss = 0.9485921859741211
eval_mae = 0.4606
eval_runtime = 16.6913
eval_samples_per_second = 299.557
