eval_accuracy = 0.557200014591217
eval_loss = 1.0630589723587036
eval_mae = 0.521
eval_runtime = 18.3061
eval_samples_per_second = 273.133
