eval_accuracy = 0.5928000211715698
eval_loss = 0.9609105587005615
eval_mae = 0.4832
eval_runtime = 17.4863
eval_samples_per_second = 285.939
