eval_accuracy = 0.6367999911308289
eval_loss = 0.8923071026802063
eval_mae = 0.414
eval_runtime = 22.9531
eval_samples_per_second = 217.835
