eval_accuracy = 0.4830000102519989
eval_loss = 1.352868914604187
eval_mae = 0.671
eval_runtime = 18.1026
eval_samples_per_second = 276.204
