eval_accuracy = 0.5482000112533569
eval_loss = 1.1475868225097656
eval_mae = 0.5834
eval_runtime = 17.3889
eval_samples_per_second = 287.539
