eval_accuracy = 0.5641999840736389
eval_loss = 1.0147507190704346
eval_mae = 0.5082
eval_runtime = 16.8797
eval_samples_per_second = 296.214
