eval_accuracy = 0.5090000033378601
eval_loss = 1.224379062652588
eval_mae = 0.6174
eval_runtime = 18.7749
eval_samples_per_second = 266.313
