eval_accuracy = 0.4715999960899353
eval_loss = 1.347178339958191
eval_mae = 0.6904
eval_runtime = 17.2529
eval_samples_per_second = 289.807
