eval_accuracy = 0.5740000009536743
eval_loss = 1.0847293138504028
eval_mae = 0.5108
eval_runtime = 16.0727
eval_samples_per_second = 311.087
