eval_accuracy = 0.571399986743927
eval_loss = 1.0191218852996826
eval_mae = 0.5044
eval_runtime = 17.3483
eval_samples_per_second = 288.213
