eval_accuracy = 0.5587999820709229
eval_loss = 1.0773379802703857
eval_mae = 0.531
eval_runtime = 19.4237
eval_samples_per_second = 257.417
