eval_accuracy = 0.5752000212669373
eval_loss = 1.0846500396728516
eval_mae = 0.5106
eval_runtime = 16.132
eval_samples_per_second = 309.942
