eval_accuracy = 0.5687999725341797
eval_loss = 1.0833779573440552
eval_mae = 0.5184
eval_runtime = 16.4522
eval_samples_per_second = 303.91
