eval_accuracy = 0.5723999738693237
eval_loss = 0.9906654357910156
eval_mae = 0.5064
eval_runtime = 16.9985
eval_samples_per_second = 294.143
