eval_accuracy = 0.5702000260353088
eval_loss = 0.9910972714424133
eval_mae = 0.5074
eval_runtime = 16.1719
eval_samples_per_second = 309.178
