eval_accuracy = 0.5812000036239624
eval_loss = 0.9784631133079529
eval_mae = 0.4888
eval_runtime = 17.3205
eval_samples_per_second = 288.675
