eval_accuracy = 0.6083999872207642
eval_loss = 0.9487684369087219
eval_mae = 0.448
eval_runtime = 18.7811
eval_samples_per_second = 266.224
