eval_accuracy = 0.5785999894142151
eval_loss = 1.017569899559021
eval_mae = 0.4838
eval_runtime = 16.7577
eval_samples_per_second = 298.37
