eval_accuracy = 0.48420000076293945
eval_loss = 1.3388760089874268
eval_mae = 0.6682
eval_runtime = 19.3263
eval_samples_per_second = 258.715
