eval_accuracy = 0.5586000084877014
eval_loss = 1.0786017179489136
eval_mae = 0.5306
eval_runtime = 22.8471
eval_samples_per_second = 218.846
