eval_accuracy = 0.5917999744415283
eval_loss = 0.9609070420265198
eval_mae = 0.484
eval_runtime = 17.2923
eval_samples_per_second = 289.146
