eval_accuracy = 0.45739999413490295
eval_loss = 1.3669812679290771
eval_mae = 0.7322
eval_runtime = 17.4942
eval_samples_per_second = 285.809
