eval_accuracy = 0.5928000211715698
eval_loss = 0.9610829949378967
eval_mae = 0.4834
eval_runtime = 17.348
eval_samples_per_second = 288.217
