eval_accuracy = 0.5600000023841858
eval_loss = 1.078414797782898
eval_mae = 0.5306
eval_runtime = 20.8719
eval_samples_per_second = 239.557
