eval_accuracy = 0.5063999891281128
eval_loss = 1.2301000356674194
eval_mae = 0.6218
eval_runtime = 37.5514
eval_samples_per_second = 133.151
