eval_accuracy = 0.5546000003814697
eval_loss = 1.0254076719284058
eval_mae = 0.5374
eval_runtime = 17.2924
eval_samples_per_second = 289.144
