eval_accuracy = 0.5285999774932861
eval_loss = 1.0535913705825806
eval_mae = 0.5684
eval_runtime = 16.9754
eval_samples_per_second = 294.544
