eval_accuracy = 0.6205999851226807
eval_loss = 0.9508705139160156
eval_mae = 0.4286
eval_runtime = 17.3512
eval_samples_per_second = 288.165
