eval_accuracy = 0.5001999735832214
eval_loss = 1.2420716285705566
eval_mae = 0.5954
eval_runtime = 18.5637
eval_samples_per_second = 269.343
