eval_accuracy = 0.6010000109672546
eval_loss = 0.9352455139160156
eval_mae = 0.4544
eval_runtime = 17.0201
eval_samples_per_second = 293.77
