eval_accuracy = 0.5916000008583069
eval_loss = 0.9603251218795776
eval_mae = 0.4842
eval_runtime = 17.4067
eval_samples_per_second = 287.246
