eval_accuracy = 0.5529999732971191
eval_loss = 1.0240379571914673
eval_mae = 0.5382
eval_runtime = 17.4129
eval_samples_per_second = 287.144
