eval_accuracy = 0.5935999751091003
eval_loss = 0.9470208287239075
eval_mae = 0.4694
eval_runtime = 21.3951
eval_samples_per_second = 233.698
