eval_accuracy = 0.5257999897003174
eval_loss = 1.0564820766448975
eval_mae = 0.576
eval_runtime = 16.294
eval_samples_per_second = 306.862
