eval_accuracy = 0.5023999810218811
eval_loss = 1.1775742769241333
eval_mae = 0.5916
eval_runtime = 17.2498
eval_samples_per_second = 289.859
