eval_accuracy = 0.5094000101089478
eval_loss = 1.2208114862442017
eval_mae = 0.6216
eval_runtime = 18.7965
eval_samples_per_second = 266.007
