eval_accuracy = 0.5063999891281128
eval_loss = 1.2285518646240234
eval_mae = 0.6208
eval_runtime = 18.9567
eval_samples_per_second = 263.76
