eval_accuracy = 0.5817999839782715
eval_loss = 0.9787865281105042
eval_mae = 0.4884
eval_runtime = 16.8031
eval_samples_per_second = 297.563
