eval_accuracy = 0.4392000138759613
eval_loss = 1.443238615989685
eval_mae = 0.7296
eval_runtime = 18.8408
eval_samples_per_second = 265.381
