eval_accuracy = 0.4397999942302704
eval_loss = 1.442152500152588
eval_mae = 0.7286
eval_runtime = 22.1046
eval_samples_per_second = 226.198
