eval_accuracy = 0.4575999975204468
eval_loss = 1.366797924041748
eval_mae = 0.7312
eval_runtime = 17.274
eval_samples_per_second = 289.452
