eval_accuracy = 0.5699999928474426
eval_loss = 1.0117017030715942
eval_mae = 0.5016
eval_runtime = 16.9982
eval_samples_per_second = 294.148
