eval_accuracy = 0.5637999773025513
eval_loss = 1.0145153999328613
eval_mae = 0.5088
eval_runtime = 16.9929
eval_samples_per_second = 294.241
