eval_accuracy = 0.6055999994277954
eval_loss = 0.9461590051651001
eval_mae = 0.4556
eval_runtime = 17.2702
eval_samples_per_second = 289.516
