eval_accuracy = 0.569599986076355
eval_loss = 1.0210449695587158
eval_mae = 0.5086
eval_runtime = 17.274
eval_samples_per_second = 289.452
