eval_accuracy = 0.6061999797821045
eval_loss = 0.9459468722343445
eval_mae = 0.456
eval_runtime = 17.4581
eval_samples_per_second = 286.399
