eval_accuracy = 0.5705999732017517
eval_loss = 0.9902800917625427
eval_mae = 0.5074
eval_runtime = 17.0891
eval_samples_per_second = 292.584
