eval_accuracy = 0.4966000020503998
eval_loss = 1.2385036945343018
eval_mae = 0.6476
eval_runtime = 34.3343
eval_samples_per_second = 145.627
