eval_accuracy = 0.5807999968528748
eval_loss = 1.018676996231079
eval_mae = 0.494
eval_runtime = 37.9744
eval_samples_per_second = 131.668
