eval_accuracy = 0.6061999797821045
eval_loss = 0.946624219417572
eval_mae = 0.45
eval_runtime = 18.3838
eval_samples_per_second = 271.979
