eval_accuracy = 0.5735999941825867
eval_loss = 1.0848900079727173
eval_mae = 0.5116
eval_runtime = 17.2293
eval_samples_per_second = 290.203
