eval_accuracy = 0.47519999742507935
eval_loss = 1.3320704698562622
eval_mae = 0.6796
eval_runtime = 18.0823
eval_samples_per_second = 276.513
