eval_accuracy = 0.5559999942779541
eval_loss = 1.0802605152130127
eval_mae = 0.5652
eval_runtime = 29.9465
eval_samples_per_second = 166.965
