eval_accuracy = 0.4675999879837036
eval_loss = 1.2970867156982422
eval_mae = 0.6828
eval_runtime = 24.3518
eval_samples_per_second = 205.324
