eval_accuracy = 0.6065999865531921
eval_loss = 0.9495902061462402
eval_mae = 0.4492
eval_runtime = 18.6586
eval_samples_per_second = 267.973
