eval_accuracy = 0.5702000260353088
eval_loss = 1.0214306116104126
eval_mae = 0.5076
eval_runtime = 17.339
eval_samples_per_second = 288.367
