eval_accuracy = 0.5690000057220459
eval_loss = 0.9910492300987244
eval_mae = 0.5092
eval_runtime = 16.9365
eval_samples_per_second = 295.221
