eval_accuracy = 0.576200008392334
eval_loss = 1.0849483013153076
eval_mae = 0.5098
eval_runtime = 16.0606
eval_samples_per_second = 311.322
