eval_accuracy = 0.5001999735832214
eval_loss = 1.2419472932815552
eval_mae = 0.5954
eval_runtime = 23.7563
eval_samples_per_second = 210.471
