eval_accuracy = 0.4706000089645386
eval_loss = 1.3303580284118652
eval_mae = 0.6848
eval_runtime = 18.351
eval_samples_per_second = 272.465
