eval_accuracy = 0.5511999726295471
eval_loss = 1.0252609252929688
eval_mae = 0.5394
eval_runtime = 16.6186
eval_samples_per_second = 300.867
