eval_accuracy = 0.5482000112533569
eval_loss = 1.085439682006836
eval_mae = 0.5406
eval_runtime = 20.332
eval_samples_per_second = 245.918
