eval_accuracy = 0.5001999735832214
eval_loss = 1.1555638313293457
eval_mae = 0.5904
eval_runtime = 17.2437
eval_samples_per_second = 289.96
