eval_accuracy = 0.5475999712944031
eval_loss = 1.085911512374878
eval_mae = 0.5414
eval_runtime = 23.1728
eval_samples_per_second = 215.77
