eval_accuracy = 0.5004000067710876
eval_loss = 1.2416080236434937
eval_mae = 0.595
eval_runtime = 20.01
eval_samples_per_second = 249.875
