eval_accuracy = 0.4726000130176544
eval_loss = 1.3489619493484497
eval_mae = 0.6886
eval_runtime = 17.3447
eval_samples_per_second = 288.273
