eval_accuracy = 0.5812000036239624
eval_loss = 0.9758859276771545
eval_mae = 0.4884
eval_runtime = 17.6034
eval_samples_per_second = 284.037
