eval_accuracy = 0.602400004863739
eval_loss = 0.9356591701507568
eval_mae = 0.4528
eval_runtime = 17.0103
eval_samples_per_second = 293.94
