eval_accuracy = 0.5830000042915344
eval_loss = 0.9782613515853882
eval_mae = 0.4874
eval_runtime = 17.3754
eval_samples_per_second = 287.763
