eval_accuracy = 0.5546000003814697
eval_loss = 1.025244951248169
eval_mae = 0.5374
eval_runtime = 17.6364
eval_samples_per_second = 283.505
