eval_accuracy = 0.46799999475479126
eval_loss = 1.2967033386230469
eval_mae = 0.6814
eval_runtime = 33.2499
eval_samples_per_second = 150.377
