eval_accuracy = 0.4399999976158142
eval_loss = 1.4428832530975342
eval_mae = 0.7288
eval_runtime = 18.8279
eval_samples_per_second = 265.564
