eval_accuracy = 0.5992000102996826
eval_loss = 0.9548408389091492
eval_mae = 0.4642
eval_runtime = 17.3041
eval_samples_per_second = 288.949
