eval_accuracy = 0.557200014591217
eval_loss = 1.0631201267242432
eval_mae = 0.5222
eval_runtime = 18.3281
eval_samples_per_second = 272.806
