eval_accuracy = 0.5932000279426575
eval_loss = 0.960913360118866
eval_mae = 0.4828
eval_runtime = 17.2636
eval_samples_per_second = 289.627
