eval_accuracy = 0.6061999797821045
eval_loss = 0.9496170878410339
eval_mae = 0.45
eval_runtime = 18.4764
eval_samples_per_second = 270.615
