eval_accuracy = 0.599399983882904
eval_loss = 0.9552659392356873
eval_mae = 0.4638
eval_runtime = 17.2233
eval_samples_per_second = 290.304
