eval_accuracy = 0.5019999742507935
eval_loss = 1.2431951761245728
eval_mae = 0.5934
eval_runtime = 20.5479
eval_samples_per_second = 243.334
