eval_accuracy = 0.4812000095844269
eval_loss = 1.3922039270401
eval_mae = 0.6736
eval_runtime = 29.7935
eval_samples_per_second = 167.822
