eval_accuracy = 0.47119998931884766
eval_loss = 1.3485355377197266
eval_mae = 0.6902
eval_runtime = 16.0062
eval_samples_per_second = 312.379
