eval_accuracy = 0.5636000037193298
eval_loss = 1.009587287902832
eval_mae = 0.5072
eval_runtime = 16.0285
eval_samples_per_second = 311.944
