eval_accuracy = 0.5997999906539917
eval_loss = 0.9556494355201721
eval_mae = 0.4632
eval_runtime = 17.2842
eval_samples_per_second = 289.282
