eval_accuracy = 0.5942000150680542
eval_loss = 0.9486183524131775
eval_mae = 0.4674
eval_runtime = 22.8836
eval_samples_per_second = 218.497
