eval_accuracy = 0.5591999888420105
eval_loss = 1.0791009664535522
eval_mae = 0.5302
eval_runtime = 18.2002
eval_samples_per_second = 274.722
