eval_accuracy = 0.5702000260353088
eval_loss = 1.0205491781234741
eval_mae = 0.5022
eval_runtime = 16.4803
eval_samples_per_second = 303.392
