eval_accuracy = 0.5059999823570251
eval_loss = 1.2289243936538696
eval_mae = 0.6216
eval_runtime = 25.4851
eval_samples_per_second = 196.193
