eval_accuracy = 0.5004000067710876
eval_loss = 1.1549166440963745
eval_mae = 0.5898
eval_runtime = 16.617
eval_samples_per_second = 300.897
