eval_accuracy = 0.43959999084472656
eval_loss = 1.443533182144165
eval_mae = 0.729
eval_runtime = 33.1625
eval_samples_per_second = 150.773
