eval_accuracy = 0.6043999791145325
eval_loss = 0.9461711049079895
eval_mae = 0.457
eval_runtime = 17.2833
eval_samples_per_second = 289.296
