eval_accuracy = 0.5684000253677368
eval_loss = 1.0207650661468506
eval_mae = 0.51
eval_runtime = 16.483
eval_samples_per_second = 303.343
