eval_accuracy = 0.5027999877929688
eval_loss = 1.177610993385315
eval_mae = 0.591
eval_runtime = 16.3844
eval_samples_per_second = 305.167
