eval_accuracy = 0.5705999732017517
eval_loss = 1.0214002132415771
eval_mae = 0.5074
eval_runtime = 17.2914
eval_samples_per_second = 289.161
