eval_accuracy = 0.5023999810218811
eval_loss = 1.179391622543335
eval_mae = 0.592
eval_runtime = 16.61
eval_samples_per_second = 301.023
