eval_accuracy = 0.4684000015258789
eval_loss = 1.3399039506912231
eval_mae = 0.6886
eval_runtime = 18.2821
eval_samples_per_second = 273.491
