eval_accuracy = 0.5008000135421753
eval_loss = 1.2390064001083374
eval_mae = 0.5938
eval_runtime = 25.9749
eval_samples_per_second = 192.493
