eval_accuracy = 0.5687999725341797
eval_loss = 1.0212949514389038
eval_mae = 0.508
eval_runtime = 17.3107
eval_samples_per_second = 288.839
