eval_accuracy = 0.46799999475479126
eval_loss = 1.3388631343841553
eval_mae = 0.6884
eval_runtime = 19.7648
eval_samples_per_second = 252.974
