eval_accuracy = 0.5673999786376953
eval_loss = 1.0127544403076172
eval_mae = 0.5044
eval_runtime = 16.9968
eval_samples_per_second = 294.173
