eval_accuracy = 0.5928000211715698
eval_loss = 0.9475476741790771
eval_mae = 0.47
eval_runtime = 18.435
eval_samples_per_second = 271.223
