eval_accuracy = 0.4997999966144562
eval_loss = 1.15521240234375
eval_mae = 0.5906
eval_runtime = 17.3416
eval_samples_per_second = 288.324
