eval_accuracy = 0.5932000279426575
eval_loss = 0.9479385614395142
eval_mae = 0.4694
eval_runtime = 18.3557
eval_samples_per_second = 272.395
