eval_accuracy = 0.5473999977111816
eval_loss = 1.0861181020736694
eval_mae = 0.5412
eval_runtime = 18.2914
eval_samples_per_second = 273.352
