eval_accuracy = 0.5031999945640564
eval_loss = 1.1764564514160156
eval_mae = 0.5922
eval_runtime = 17.404
eval_samples_per_second = 287.29
