eval_accuracy = 0.5297999978065491
eval_loss = 1.052719235420227
eval_mae = 0.5666
eval_runtime = 16.3103
eval_samples_per_second = 306.554
