eval_accuracy = 0.510200023651123
eval_loss = 1.2233878374099731
eval_mae = 0.6152
eval_runtime = 36.836
eval_samples_per_second = 135.737
