eval_accuracy = 0.6000000238418579
eval_loss = 0.9335431456565857
eval_mae = 0.4562
eval_runtime = 17.0644
eval_samples_per_second = 293.007
