eval_accuracy = 0.6011999845504761
eval_loss = 0.9356033205986023
eval_mae = 0.4552
eval_runtime = 16.404
eval_samples_per_second = 304.804
