eval_accuracy = 0.5271999835968018
eval_loss = 1.054003357887268
eval_mae = 0.57
eval_runtime = 15.9549
eval_samples_per_second = 313.384
