eval_accuracy = 0.5799999833106995
eval_loss = 1.0181092023849487
eval_mae = 0.4958
eval_runtime = 21.1164
eval_samples_per_second = 236.783
