eval_accuracy = 0.5023999810218811
eval_loss = 1.2446364164352417
eval_mae = 0.6284
eval_runtime = 23.9485
eval_samples_per_second = 208.781
