eval_accuracy = 0.5619999766349792
eval_loss = 1.0454550981521606
eval_mae = 0.5074
eval_runtime = 18.1144
eval_samples_per_second = 276.024
