eval_accuracy = 0.5925999879837036
eval_loss = 0.9477325081825256
eval_mae = 0.47
eval_runtime = 19.1797
eval_samples_per_second = 260.693
