eval_accuracy = 0.5562000274658203
eval_loss = 1.0802018642425537
eval_mae = 0.565
eval_runtime = 18.6121
eval_samples_per_second = 268.642
