eval_accuracy = 0.5934000015258789
eval_loss = 1.0065934658050537
eval_mae = 0.468
eval_runtime = 18.1088
eval_samples_per_second = 276.109
