eval_accuracy = 0.5544000267982483
eval_loss = 1.025084137916565
eval_mae = 0.5376
eval_runtime = 17.32
eval_samples_per_second = 288.684
