eval_accuracy = 0.5586000084877014
eval_loss = 1.0621103048324585
eval_mae = 0.521
eval_runtime = 18.3788
eval_samples_per_second = 272.053
