eval_accuracy = 0.5285999774932861
eval_loss = 1.053476333618164
eval_mae = 0.5674
eval_runtime = 16.9309
eval_samples_per_second = 295.318
