eval_accuracy = 0.46779999136924744
eval_loss = 1.296746850013733
eval_mae = 0.682
eval_runtime = 23.6659
eval_samples_per_second = 211.274
