eval_accuracy = 0.4973999857902527
eval_loss = 1.2387546300888062
eval_mae = 0.6472
eval_runtime = 24.5916
eval_samples_per_second = 203.322
