eval_accuracy = 0.4674000144004822
eval_loss = 1.296972632408142
eval_mae = 0.6822
eval_runtime = 26.6871
eval_samples_per_second = 187.356
