eval_accuracy = 0.4986000061035156
eval_loss = 1.2458131313323975
eval_mae = 0.5964
eval_runtime = 19.1395
eval_samples_per_second = 261.239
