eval_accuracy = 0.5558000206947327
eval_loss = 1.0249333381652832
eval_mae = 0.5352
eval_runtime = 17.2561
eval_samples_per_second = 289.752
