eval_accuracy = 0.5938000082969666
eval_loss = 0.9482830166816711
eval_mae = 0.469
eval_runtime = 18.6367
eval_samples_per_second = 268.288
