eval_accuracy = 0.5031999945640564
eval_loss = 1.2476392984390259
eval_mae = 0.5926
eval_runtime = 19.4394
eval_samples_per_second = 257.21
