eval_accuracy = 0.5684000253677368
eval_loss = 1.0212633609771729
eval_mae = 0.5106
eval_runtime = 17.341
eval_samples_per_second = 288.333
