eval_accuracy = 0.4832000136375427
eval_loss = 1.3521391153335571
eval_mae = 0.671
eval_runtime = 18.3804
eval_samples_per_second = 272.029
