eval_accuracy = 0.5703999996185303
eval_loss = 1.0205591917037964
eval_mae = 0.507
eval_runtime = 17.4785
eval_samples_per_second = 286.065
