eval_accuracy = 0.5651999711990356
eval_loss = 1.014336347579956
eval_mae = 0.5074
eval_runtime = 16.0917
eval_samples_per_second = 310.719
