eval_accuracy = 0.5005999803543091
eval_loss = 1.155760407447815
eval_mae = 0.59
eval_runtime = 16.9878
eval_samples_per_second = 294.329
