eval_accuracy = 0.5928000211715698
eval_loss = 0.960874617099762
eval_mae = 0.4838
eval_runtime = 17.3691
eval_samples_per_second = 287.867
