eval_accuracy = 0.5550000071525574
eval_loss = 1.0291882753372192
eval_mae = 0.5386
eval_runtime = 17.2991
eval_samples_per_second = 289.033
