eval_accuracy = 0.4722000062465668
eval_loss = 1.3484306335449219
eval_mae = 0.6892
eval_runtime = 17.3882
eval_samples_per_second = 287.551
