eval_accuracy = 0.5026000142097473
eval_loss = 1.1772725582122803
eval_mae = 0.5924
eval_runtime = 17.364
eval_samples_per_second = 287.952
