eval_accuracy = 0.6039999723434448
eval_loss = 0.9467933773994446
eval_mae = 0.4562
eval_runtime = 16.5858
eval_samples_per_second = 301.462
