eval_accuracy = 0.5009999871253967
eval_loss = 1.241881012916565
eval_mae = 0.595
eval_runtime = 29.2116
eval_samples_per_second = 171.165
