eval_accuracy = 0.6043999791145325
eval_loss = 0.9505107402801514
eval_mae = 0.4518
eval_runtime = 18.9617
eval_samples_per_second = 263.689
