eval_accuracy = 0.5540000200271606
eval_loss = 1.0243598222732544
eval_mae = 0.5384
eval_runtime = 17.4711
eval_samples_per_second = 286.187
