eval_accuracy = 0.4991999864578247
eval_loss = 1.2288453578948975
eval_mae = 0.604
eval_runtime = 18.4086
eval_samples_per_second = 271.612
