eval_accuracy = 0.5934000015258789
eval_loss = 1.0086427927017212
eval_mae = 0.4682
eval_runtime = 17.2532
eval_samples_per_second = 289.801
