eval_accuracy = 0.5924000144004822
eval_loss = 0.9613822102546692
eval_mae = 0.4842
eval_runtime = 17.4105
eval_samples_per_second = 287.182
