eval_accuracy = 0.5555999875068665
eval_loss = 1.0256867408752441
eval_mae = 0.5368
eval_runtime = 17.3078
eval_samples_per_second = 288.886
