eval_accuracy = 0.5460000038146973
eval_loss = 1.0299592018127441
eval_mae = 0.5388
eval_runtime = 17.1662
eval_samples_per_second = 291.27
