eval_accuracy = 0.4970000088214874
eval_loss = 1.239001989364624
eval_mae = 0.6476
eval_runtime = 18.3056
eval_samples_per_second = 273.141
