eval_accuracy = 0.4997999966144562
eval_loss = 1.241405725479126
eval_mae = 0.5958
eval_runtime = 20.1021
eval_samples_per_second = 248.73
