eval_accuracy = 0.5740000009536743
eval_loss = 1.0064526796340942
eval_mae = 0.499
eval_runtime = 16.579
eval_samples_per_second = 301.587
