eval_accuracy = 0.5795999765396118
eval_loss = 1.0114021301269531
eval_mae = 0.4822
eval_runtime = 17.4523
eval_samples_per_second = 286.495
