eval_accuracy = 0.579200029373169
eval_loss = 1.0178568363189697
eval_mae = 0.4834
eval_runtime = 17.4259
eval_samples_per_second = 286.93
