eval_accuracy = 0.48080000281333923
eval_loss = 1.3922452926635742
eval_mae = 0.6738
eval_runtime = 21.943
eval_samples_per_second = 227.864
