eval_accuracy = 0.5442000031471252
eval_loss = 1.02997887134552
eval_mae = 0.5408
eval_runtime = 17.3414
eval_samples_per_second = 288.327
