eval_accuracy = 0.4681999981403351
eval_loss = 1.3384898900985718
eval_mae = 0.6884
eval_runtime = 34.1893
eval_samples_per_second = 146.245
