eval_accuracy = 0.5899999737739563
eval_loss = 0.9489680528640747
eval_mae = 0.4638
eval_runtime = 16.5827
eval_samples_per_second = 301.519
