eval_accuracy = 0.4731999933719635
eval_loss = 1.3425623178482056
eval_mae = 0.6986
eval_runtime = 16.0421
eval_samples_per_second = 311.68
