eval_accuracy = 0.4674000144004822
eval_loss = 1.3398293256759644
eval_mae = 0.6892
eval_runtime = 23.1793
eval_samples_per_second = 215.71
