eval_accuracy = 0.5562000274658203
eval_loss = 1.0806547403335571
eval_mae = 0.5658
eval_runtime = 21.6162
eval_samples_per_second = 231.308
