eval_accuracy = 0.6000000238418579
eval_loss = 0.9556735157966614
eval_mae = 0.463
eval_runtime = 17.2904
eval_samples_per_second = 289.178
