eval_accuracy = 0.5821999907493591
eval_loss = 0.9785885810852051
eval_mae = 0.4868
eval_runtime = 16.7174
eval_samples_per_second = 299.09
