eval_accuracy = 0.5929999947547913
eval_loss = 0.9479019641876221
eval_mae = 0.4694
eval_runtime = 21.041
eval_samples_per_second = 237.631
