eval_accuracy = 0.4675999879837036
eval_loss = 1.3386846780776978
eval_mae = 0.6892
eval_runtime = 19.985
eval_samples_per_second = 250.188
