eval_accuracy = 0.527999997138977
eval_loss = 1.0536445379257202
eval_mae = 0.5694
eval_runtime = 16.86
eval_samples_per_second = 296.56
