eval_accuracy = 0.5788000226020813
eval_loss = 1.0122796297073364
eval_mae = 0.4838
eval_runtime = 16.726
eval_samples_per_second = 298.936
