eval_accuracy = 0.6021999716758728
eval_loss = 0.9354609251022339
eval_mae = 0.4538
eval_runtime = 17.016
eval_samples_per_second = 293.841
