eval_accuracy = 0.43959999084472656
eval_loss = 1.4441304206848145
eval_mae = 0.7296
eval_runtime = 20.0136
eval_samples_per_second = 249.83
