eval_accuracy = 0.5924000144004822
eval_loss = 1.0057510137557983
eval_mae = 0.4692
eval_runtime = 17.2005
eval_samples_per_second = 290.689
