eval_accuracy = 0.5649999976158142
eval_loss = 1.0149224996566772
eval_mae = 0.5078
eval_runtime = 16.9389
eval_samples_per_second = 295.179
