eval_accuracy = 0.5727999806404114
eval_loss = 0.9892218708992004
eval_mae = 0.504
eval_runtime = 16.2142
eval_samples_per_second = 308.373
