eval_accuracy = 0.5008000135421753
eval_loss = 1.1586387157440186
eval_mae = 0.5896
eval_runtime = 17.2511
eval_samples_per_second = 289.836
