eval_accuracy = 0.503000020980835
eval_loss = 1.1766046285629272
eval_mae = 0.5926
eval_runtime = 17.4214
eval_samples_per_second = 287.004
