eval_accuracy = 0.501800000667572
eval_loss = 1.1756200790405273
eval_mae = 0.5932
eval_runtime = 17.4147
eval_samples_per_second = 287.113
