eval_accuracy = 0.5558000206947327
eval_loss = 1.0795844793319702
eval_mae = 0.5652
eval_runtime = 23.7286
eval_samples_per_second = 210.716
