eval_accuracy = 0.5745999813079834
eval_loss = 1.0865356922149658
eval_mae = 0.5118
eval_runtime = 16.0105
eval_samples_per_second = 312.296
