eval_accuracy = 0.4397999942302704
eval_loss = 1.4429603815078735
eval_mae = 0.7292
eval_runtime = 18.5298
eval_samples_per_second = 269.836
