eval_accuracy = 0.46799999475479126
eval_loss = 1.2966268062591553
eval_mae = 0.6814
eval_runtime = 18.4993
eval_samples_per_second = 270.28
