eval_accuracy = 0.46779999136924744
eval_loss = 1.3391088247299194
eval_mae = 0.6888
eval_runtime = 18.5865
eval_samples_per_second = 269.012
