eval_accuracy = 0.5562000274658203
eval_loss = 1.0802631378173828
eval_mae = 0.565
eval_runtime = 18.5108
eval_samples_per_second = 270.112
