eval_accuracy = 0.46779999136924744
eval_loss = 1.339141845703125
eval_mae = 0.6888
eval_runtime = 26.9679
eval_samples_per_second = 185.405
