eval_accuracy = 0.5777999758720398
eval_loss = 1.0114542245864868
eval_mae = 0.484
eval_runtime = 16.7856
eval_samples_per_second = 297.874
