eval_accuracy = 0.5924000144004822
eval_loss = 0.9475377202033997
eval_mae = 0.471
eval_runtime = 18.0719
eval_samples_per_second = 276.673
