eval_accuracy = 0.5925999879837036
eval_loss = 0.9477673768997192
eval_mae = 0.4698
eval_runtime = 18.6719
eval_samples_per_second = 267.782
