eval_accuracy = 0.5716000199317932
eval_loss = 0.9908722639083862
eval_mae = 0.5066
eval_runtime = 16.9684
eval_samples_per_second = 294.666
