eval_accuracy = 0.5275999903678894
eval_loss = 1.0540779829025269
eval_mae = 0.5698
eval_runtime = 16.9664
eval_samples_per_second = 294.7
