eval_accuracy = 0.5648000240325928
eval_loss = 1.0146558284759521
eval_mae = 0.5072
eval_runtime = 16.5974
eval_samples_per_second = 301.251
