eval_accuracy = 0.5562000274658203
eval_loss = 1.080922245979309
eval_mae = 0.5648
eval_runtime = 18.5325
eval_samples_per_second = 269.797
