eval_accuracy = 0.5803999900817871
eval_loss = 1.0187937021255493
eval_mae = 0.4942
eval_runtime = 29.4533
eval_samples_per_second = 169.76
