eval_accuracy = 0.550000011920929
eval_loss = 1.1475714445114136
eval_mae = 0.5804
eval_runtime = 17.4287
eval_samples_per_second = 286.884
