eval_accuracy = 0.5935999751091003
eval_loss = 1.0067640542984009
eval_mae = 0.468
eval_runtime = 17.2541
eval_samples_per_second = 289.787
