eval_accuracy = 0.5795999765396118
eval_loss = 1.0170221328735352
eval_mae = 0.4828
eval_runtime = 17.5129
eval_samples_per_second = 285.504
