eval_accuracy = 0.5932000279426575
eval_loss = 0.9606364369392395
eval_mae = 0.482
eval_runtime = 17.3825
eval_samples_per_second = 287.645
