eval_accuracy = 0.4397999942302704
eval_loss = 1.4430307149887085
eval_mae = 0.7292
eval_runtime = 25.7696
eval_samples_per_second = 194.027
