eval_accuracy = 0.5820000171661377
eval_loss = 0.9783998727798462
eval_mae = 0.488
eval_runtime = 16.7517
eval_samples_per_second = 298.477
