eval_accuracy = 0.5699999928474426
eval_loss = 0.9901583194732666
eval_mae = 0.5088
eval_runtime = 16.3397
eval_samples_per_second = 306.004
