eval_accuracy = 0.5008000135421753
eval_loss = 1.2264273166656494
eval_mae = 0.6004
eval_runtime = 17.7029
eval_samples_per_second = 282.44
