eval_accuracy = 0.501800000667572
eval_loss = 1.2295464277267456
eval_mae = 0.592
eval_runtime = 18.0603
eval_samples_per_second = 276.85
