eval_accuracy = 0.46799999475479126
eval_loss = 1.2967642545700073
eval_mae = 0.6816
eval_runtime = 21.2511
eval_samples_per_second = 235.282
