eval_accuracy = 0.5784000158309937
eval_loss = 1.0174376964569092
eval_mae = 0.4842
eval_runtime = 17.6061
eval_samples_per_second = 283.993
