eval_accuracy = 0.47540000081062317
eval_loss = 1.3442825078964233
eval_mae = 0.6944
eval_runtime = 17.131
eval_samples_per_second = 291.869
