eval_accuracy = 0.5925999879837036
eval_loss = 1.0060793161392212
eval_mae = 0.4684
eval_runtime = 16.4949
eval_samples_per_second = 303.123
