eval_accuracy = 0.4708000123500824
eval_loss = 1.3490121364593506
eval_mae = 0.6912
eval_runtime = 17.2146
eval_samples_per_second = 290.45
