eval_accuracy = 0.6376000046730042
eval_loss = 0.8895587921142578
eval_mae = 0.4134
eval_runtime = 20.2609
eval_samples_per_second = 246.78
