eval_accuracy = 0.5925999879837036
eval_loss = 0.9608250260353088
eval_mae = 0.4826
eval_runtime = 17.2872
eval_samples_per_second = 289.231
