eval_accuracy = 0.5896000266075134
eval_loss = 0.9490179419517517
eval_mae = 0.4642
eval_runtime = 17.2176
eval_samples_per_second = 290.4
