eval_accuracy = 0.5284000039100647
eval_loss = 1.0529329776763916
eval_mae = 0.5674
eval_runtime = 16.9553
eval_samples_per_second = 294.893
