eval_accuracy = 0.5708000063896179
eval_loss = 1.0219699144363403
eval_mae = 0.5072
eval_runtime = 17.3486
eval_samples_per_second = 288.207
