eval_accuracy = 0.5067999958992004
eval_loss = 1.2283891439437866
eval_mae = 0.621
eval_runtime = 23.621
eval_samples_per_second = 211.676
