eval_accuracy = 0.5809999704360962
eval_loss = 0.9750884771347046
eval_mae = 0.4888
eval_runtime = 16.8478
eval_samples_per_second = 296.774
