eval_accuracy = 0.6370000243186951
eval_loss = 0.8895427584648132
eval_mae = 0.414
eval_runtime = 18.7293
eval_samples_per_second = 266.962
