eval_accuracy = 0.5924000144004822
eval_loss = 0.9616271257400513
eval_mae = 0.4836
eval_runtime = 17.3427
eval_samples_per_second = 288.306
