eval_accuracy = 0.5637999773025513
eval_loss = 1.0144648551940918
eval_mae = 0.5094
eval_runtime = 17.0632
eval_samples_per_second = 293.028
