eval_accuracy = 0.5946000218391418
eval_loss = 1.0070914030075073
eval_mae = 0.4648
eval_runtime = 17.2182
eval_samples_per_second = 290.391
