eval_accuracy = 0.5799999833106995
eval_loss = 1.0168707370758057
eval_mae = 0.4818
eval_runtime = 16.8715
eval_samples_per_second = 296.358
