eval_accuracy = 0.574400007724762
eval_loss = 1.0830118656158447
eval_mae = 0.5102
eval_runtime = 16.3901
eval_samples_per_second = 305.062
