eval_accuracy = 0.5928000211715698
eval_loss = 1.0066478252410889
eval_mae = 0.4686
eval_runtime = 17.1604
eval_samples_per_second = 291.368
