eval_accuracy = 0.5475999712944031
eval_loss = 1.086165189743042
eval_mae = 0.5414
eval_runtime = 18.2706
eval_samples_per_second = 273.664
