eval_accuracy = 0.5911999940872192
eval_loss = 0.9507079124450684
eval_mae = 0.4638
eval_runtime = 16.6061
eval_samples_per_second = 301.095
