eval_accuracy = 0.579800009727478
eval_loss = 1.0116055011749268
eval_mae = 0.482
eval_runtime = 17.4528
eval_samples_per_second = 286.486
