eval_accuracy = 0.5546000003814697
eval_loss = 1.024266004562378
eval_mae = 0.5362
eval_runtime = 17.6079
eval_samples_per_second = 283.963
