eval_accuracy = 0.5929999947547913
eval_loss = 0.9601320028305054
eval_mae = 0.483
eval_runtime = 17.3904
eval_samples_per_second = 287.515
