eval_accuracy = 0.6236000061035156
eval_loss = 0.9481121897697449
eval_mae = 0.4262
eval_runtime = 17.4362
eval_samples_per_second = 286.76
