eval_accuracy = 0.5979999899864197
eval_loss = 0.9572414755821228
eval_mae = 0.4654
eval_runtime = 17.263
eval_samples_per_second = 289.637
