eval_accuracy = 0.579800009727478
eval_loss = 1.0180429220199585
eval_mae = 0.495
eval_runtime = 35.6584
eval_samples_per_second = 140.219
