eval_accuracy = 0.605400025844574
eval_loss = 0.9462754130363464
eval_mae = 0.4566
eval_runtime = 17.2175
eval_samples_per_second = 290.403
