eval_accuracy = 0.5896000266075134
eval_loss = 0.9483746886253357
eval_mae = 0.464
eval_runtime = 17.3123
eval_samples_per_second = 288.812
