eval_accuracy = 0.5830000042915344
eval_loss = 0.9798857569694519
eval_mae = 0.487
eval_runtime = 16.7688
eval_samples_per_second = 298.172
