eval_accuracy = 0.5645999908447266
eval_loss = 1.0148968696594238
eval_mae = 0.5076
eval_runtime = 16.4689
eval_samples_per_second = 303.603
