eval_accuracy = 0.5573999881744385
eval_loss = 1.0621918439865112
eval_mae = 0.5204
eval_runtime = 19.8505
eval_samples_per_second = 251.883
