eval_accuracy = 0.5961999893188477
eval_loss = 0.9472835659980774
eval_mae = 0.4648
eval_runtime = 19.2249
eval_samples_per_second = 260.079
