eval_accuracy = 0.5031999945640564
eval_loss = 1.1771690845489502
eval_mae = 0.591
eval_runtime = 16.992
eval_samples_per_second = 294.256
