eval_accuracy = 0.5562000274658203
eval_loss = 1.0628958940505981
eval_mae = 0.523
eval_runtime = 18.3306
eval_samples_per_second = 272.768
