eval_accuracy = 0.4684000015258789
eval_loss = 1.339013695716858
eval_mae = 0.6882
eval_runtime = 32.5486
eval_samples_per_second = 153.616
