eval_accuracy = 0.5577999949455261
eval_loss = 1.0786646604537964
eval_mae = 0.532
eval_runtime = 23.1015
eval_samples_per_second = 216.437
