eval_accuracy = 0.5070000290870667
eval_loss = 1.2285312414169312
eval_mae = 0.6206
eval_runtime = 18.9708
eval_samples_per_second = 263.563
