eval_accuracy = 0.46639999747276306
eval_loss = 1.3427149057388306
eval_mae = 0.6898
eval_runtime = 18.1015
eval_samples_per_second = 276.22
