eval_accuracy = 0.48260000348091125
eval_loss = 1.3535480499267578
eval_mae = 0.672
eval_runtime = 18.3285
eval_samples_per_second = 272.798
