eval_accuracy = 0.5076000094413757
eval_loss = 1.2277113199234009
eval_mae = 0.6208
eval_runtime = 19.5337
eval_samples_per_second = 255.967
