eval_accuracy = 0.5425999760627747
eval_loss = 1.0297969579696655
eval_mae = 0.5424
eval_runtime = 17.2654
eval_samples_per_second = 289.596
