eval_accuracy = 0.5576000213623047
eval_loss = 1.0605298280715942
eval_mae = 0.5222
eval_runtime = 18.4044
eval_samples_per_second = 271.674
