eval_accuracy = 0.5781999826431274
eval_loss = 1.0160044431686401
eval_mae = 0.4836
eval_runtime = 17.5829
eval_samples_per_second = 284.368
