eval_accuracy = 0.590399980545044
eval_loss = 0.9484976530075073
eval_mae = 0.463
eval_runtime = 16.4813
eval_samples_per_second = 303.374
