eval_accuracy = 0.555400013923645
eval_loss = 1.0795824527740479
eval_mae = 0.567
eval_runtime = 24.1471
eval_samples_per_second = 207.064
