eval_accuracy = 0.576200008392334
eval_loss = 1.0858618021011353
eval_mae = 0.5088
eval_runtime = 16.3387
eval_samples_per_second = 306.022
