eval_accuracy = 0.5264000296592712
eval_loss = 1.0534119606018066
eval_mae = 0.5706
eval_runtime = 16.9385
eval_samples_per_second = 295.185
