eval_accuracy = 0.5644000172615051
eval_loss = 1.0141808986663818
eval_mae = 0.5086
eval_runtime = 16.3739
eval_samples_per_second = 305.363
