eval_accuracy = 0.5559999942779541
eval_loss = 1.0804451704025269
eval_mae = 0.5654
eval_runtime = 22.4654
eval_samples_per_second = 222.564
