eval_accuracy = 0.579800009727478
eval_loss = 1.0168046951293945
eval_mae = 0.495
eval_runtime = 37.3153
eval_samples_per_second = 133.993
