eval_accuracy = 0.5016000270843506
eval_loss = 1.2414008378982544
eval_mae = 0.5944
eval_runtime = 18.8051
eval_samples_per_second = 265.886
