eval_accuracy = 0.5789999961853027
eval_loss = 1.0127146244049072
eval_mae = 0.4824
eval_runtime = 17.4577
eval_samples_per_second = 286.406
