eval_accuracy = 0.5073999762535095
eval_loss = 1.231080174446106
eval_mae = 0.6202
eval_runtime = 24.2368
eval_samples_per_second = 206.298
