eval_accuracy = 0.5906000137329102
eval_loss = 0.9487013816833496
eval_mae = 0.463
eval_runtime = 16.1643
eval_samples_per_second = 309.323
