eval_accuracy = 0.475600004196167
eval_loss = 1.3437267541885376
eval_mae = 0.6936
eval_runtime = 16.9166
eval_samples_per_second = 295.567
