eval_accuracy = 0.5613999962806702
eval_loss = 1.0449576377868652
eval_mae = 0.5074
eval_runtime = 19.9388
eval_samples_per_second = 250.767
