eval_accuracy = 0.5564000010490417
eval_loss = 1.0238651037216187
eval_mae = 0.533
eval_runtime = 17.2555
eval_samples_per_second = 289.763
