eval_accuracy = 0.5442000031471252
eval_loss = 1.029455304145813
eval_mae = 0.5416
eval_runtime = 17.4585
eval_samples_per_second = 286.393
