eval_accuracy = 0.621399998664856
eval_loss = 0.9509437680244446
eval_mae = 0.4286
eval_runtime = 17.3681
eval_samples_per_second = 287.884
