eval_accuracy = 0.5472000241279602
eval_loss = 1.0857932567596436
eval_mae = 0.5414
eval_runtime = 21.7678
eval_samples_per_second = 229.697
