eval_accuracy = 0.5716000199317932
eval_loss = 0.9904650449752808
eval_mae = 0.5054
eval_runtime = 16.2112
eval_samples_per_second = 308.429
