eval_accuracy = 0.4941999912261963
eval_loss = 1.2392858266830444
eval_mae = 0.6072
eval_runtime = 18.9218
eval_samples_per_second = 264.246
