eval_accuracy = 0.5978000164031982
eval_loss = 0.9571349620819092
eval_mae = 0.4652
eval_runtime = 17.4563
eval_samples_per_second = 286.429
