eval_accuracy = 0.5658000111579895
eval_loss = 1.0148247480392456
eval_mae = 0.5062
eval_runtime = 16.9201
eval_samples_per_second = 295.507
