eval_accuracy = 0.5565999746322632
eval_loss = 1.0247437953948975
eval_mae = 0.5348
eval_runtime = 17.2444
eval_samples_per_second = 289.949
