eval_accuracy = 0.49939998984336853
eval_loss = 1.2281808853149414
eval_mae = 0.6038
eval_runtime = 18.4656
eval_samples_per_second = 270.773
