eval_accuracy = 0.6001999974250793
eval_loss = 0.9559779167175293
eval_mae = 0.4632
eval_runtime = 17.3122
eval_samples_per_second = 288.814
