eval_accuracy = 0.4397999942302704
eval_loss = 1.4418634176254272
eval_mae = 0.729
eval_runtime = 30.516
eval_samples_per_second = 163.848
