eval_accuracy = 0.5892000198364258
eval_loss = 0.9489103555679321
eval_mae = 0.4638
eval_runtime = 16.549
eval_samples_per_second = 302.133
