eval_accuracy = 0.4681999981403351
eval_loss = 1.339325189590454
eval_mae = 0.6884
eval_runtime = 26.5016
eval_samples_per_second = 188.668
