eval_accuracy = 0.49639999866485596
eval_loss = 1.238851547241211
eval_mae = 0.648
eval_runtime = 21.7919
eval_samples_per_second = 229.443
