eval_accuracy = 0.43779999017715454
eval_loss = 1.4211939573287964
eval_mae = 0.7188
eval_runtime = 18.4408
eval_samples_per_second = 271.138
