eval_accuracy = 0.4586000144481659
eval_loss = 1.3658227920532227
eval_mae = 0.73
eval_runtime = 17.0408
eval_samples_per_second = 293.414
