eval_accuracy = 0.607200026512146
eval_loss = 0.9508353471755981
eval_mae = 0.4512
eval_runtime = 19.052
eval_samples_per_second = 262.44
