eval_accuracy = 0.6212000250816345
eval_loss = 0.9507112503051758
eval_mae = 0.4272
eval_runtime = 17.429
eval_samples_per_second = 286.878
