eval_accuracy = 0.5934000015258789
eval_loss = 0.9610421061515808
eval_mae = 0.4822
eval_runtime = 17.1492
eval_samples_per_second = 291.559
