eval_accuracy = 0.5896000266075134
eval_loss = 0.9488379955291748
eval_mae = 0.4642
eval_runtime = 17.3832
eval_samples_per_second = 287.634
