eval_accuracy = 0.5479999780654907
eval_loss = 1.0860679149627686
eval_mae = 0.5408
eval_runtime = 31.4168
eval_samples_per_second = 159.15
