eval_accuracy = 0.46720001101493835
eval_loss = 1.296520709991455
eval_mae = 0.6824
eval_runtime = 19.7255
eval_samples_per_second = 253.479
