eval_accuracy = 0.6001999974250793
eval_loss = 0.9555923938751221
eval_mae = 0.4638
eval_runtime = 17.2953
eval_samples_per_second = 289.096
