eval_accuracy = 0.605400025844574
eval_loss = 0.9464207887649536
eval_mae = 0.4556
eval_runtime = 17.361
eval_samples_per_second = 288.002
