eval_accuracy = 0.5789999961853027
eval_loss = 1.0176907777786255
eval_mae = 0.4826
eval_runtime = 17.477
eval_samples_per_second = 286.09
