eval_accuracy = 0.545799970626831
eval_loss = 1.0297884941101074
eval_mae = 0.5394
eval_runtime = 16.8694
eval_samples_per_second = 296.395
