eval_accuracy = 0.6055999994277954
eval_loss = 0.9473264813423157
eval_mae = 0.4554
eval_runtime = 16.3308
eval_samples_per_second = 306.17
