eval_accuracy = 0.557200014591217
eval_loss = 1.0774781703948975
eval_mae = 0.5314
eval_runtime = 30.1771
eval_samples_per_second = 165.689
