eval_accuracy = 0.4722000062465668
eval_loss = 1.3464897871017456
eval_mae = 0.6904
eval_runtime = 17.4195
eval_samples_per_second = 287.034
