eval_accuracy = 0.5580000281333923
eval_loss = 1.078871250152588
eval_mae = 0.563
eval_runtime = 19.9009
eval_samples_per_second = 251.245
