eval_accuracy = 0.5702000260353088
eval_loss = 0.9902607202529907
eval_mae = 0.5076
eval_runtime = 16.1161
eval_samples_per_second = 310.248
