eval_accuracy = 0.6223999857902527
eval_loss = 0.9511397480964661
eval_mae = 0.428
eval_runtime = 17.4742
eval_samples_per_second = 286.136
