eval_accuracy = 0.5776000022888184
eval_loss = 1.0028691291809082
eval_mae = 0.4934
eval_runtime = 17.1987
eval_samples_per_second = 290.719
