eval_accuracy = 0.5702000260353088
eval_loss = 1.0210047960281372
eval_mae = 0.508
eval_runtime = 16.5351
eval_samples_per_second = 302.388
