eval_accuracy = 0.4796000123023987
eval_loss = 1.391308307647705
eval_mae = 0.6754
eval_runtime = 30.4824
eval_samples_per_second = 164.029
