eval_accuracy = 0.5067999958992004
eval_loss = 1.2298948764801025
eval_mae = 0.6206
eval_runtime = 37.1394
eval_samples_per_second = 134.628
