eval_accuracy = 0.5590000152587891
eval_loss = 1.0785887241363525
eval_mae = 0.5302
eval_runtime = 19.3561
eval_samples_per_second = 258.317
