eval_accuracy = 0.5727999806404114
eval_loss = 1.086668610572815
eval_mae = 0.512
eval_runtime = 16.0069
eval_samples_per_second = 312.366
