eval_accuracy = 0.5716000199317932
eval_loss = 0.9910750985145569
eval_mae = 0.5078
eval_runtime = 16.099
eval_samples_per_second = 310.579
