eval_accuracy = 0.6039999723434448
eval_loss = 0.9535527229309082
eval_mae = 0.4528
eval_runtime = 24.0391
eval_samples_per_second = 207.995
