eval_accuracy = 0.5275999903678894
eval_loss = 1.0526409149169922
eval_mae = 0.5694
eval_runtime = 16.9114
eval_samples_per_second = 295.659
