eval_accuracy = 0.47279998660087585
eval_loss = 1.3469316959381104
eval_mae = 0.6896
eval_runtime = 16.5959
eval_samples_per_second = 301.279
