eval_accuracy = 0.525600016117096
eval_loss = 1.0538893938064575
eval_mae = 0.572
eval_runtime = 16.3252
eval_samples_per_second = 306.274
