eval_accuracy = 0.47760000824928284
eval_loss = 1.3418346643447876
eval_mae = 0.6916
eval_runtime = 16.9898
eval_samples_per_second = 294.294
