eval_accuracy = 0.5576000213623047
eval_loss = 1.079948902130127
eval_mae = 0.5334
eval_runtime = 18.7255
eval_samples_per_second = 267.015
