eval_accuracy = 0.45840001106262207
eval_loss = 1.367247223854065
eval_mae = 0.7336
eval_runtime = 16.7263
eval_samples_per_second = 298.931
