eval_accuracy = 0.4830000102519989
eval_loss = 1.3521376848220825
eval_mae = 0.6712
eval_runtime = 17.8141
eval_samples_per_second = 280.676
