eval_accuracy = 0.5920000076293945
eval_loss = 0.9604619145393372
eval_mae = 0.4832
eval_runtime = 17.2941
eval_samples_per_second = 289.116
