eval_accuracy = 0.5027999877929688
eval_loss = 1.176831841468811
eval_mae = 0.5916
eval_runtime = 16.339
eval_samples_per_second = 306.016
