eval_accuracy = 0.5748000144958496
eval_loss = 1.0851677656173706
eval_mae = 0.5114
eval_runtime = 16.1012
eval_samples_per_second = 310.536
