eval_accuracy = 0.47440001368522644
eval_loss = 1.3471593856811523
eval_mae = 0.6966
eval_runtime = 16.3581
eval_samples_per_second = 305.659
