eval_accuracy = 0.48100000619888306
eval_loss = 1.3923768997192383
eval_mae = 0.6736
eval_runtime = 19.7382
eval_samples_per_second = 253.316
