eval_accuracy = 0.44020000100135803
eval_loss = 1.4425451755523682
eval_mae = 0.7288
eval_runtime = 18.6222
eval_samples_per_second = 268.497
