eval_accuracy = 0.54339998960495
eval_loss = 1.03020179271698
eval_mae = 0.5406
eval_runtime = 16.4522
eval_samples_per_second = 303.91
