eval_accuracy = 0.5443999767303467
eval_loss = 1.0301438570022583
eval_mae = 0.5404
eval_runtime = 16.5871
eval_samples_per_second = 301.439
