eval_accuracy = 0.592199981212616
eval_loss = 0.9610768556594849
eval_mae = 0.4842
eval_runtime = 17.3013
eval_samples_per_second = 288.995
