eval_accuracy = 0.4749999940395355
eval_loss = 1.3364607095718384
eval_mae = 0.6948
eval_runtime = 17.0459
eval_samples_per_second = 293.325
