eval_accuracy = 0.5806000232696533
eval_loss = 1.0108431577682495
eval_mae = 0.4808
eval_runtime = 17.3699
eval_samples_per_second = 287.854
