eval_accuracy = 0.620199978351593
eval_loss = 0.9509943127632141
eval_mae = 0.4286
eval_runtime = 17.4561
eval_samples_per_second = 286.433
