eval_accuracy = 0.527999997138977
eval_loss = 1.0546358823776245
eval_mae = 0.5686
eval_runtime = 16.9843
eval_samples_per_second = 294.389
