eval_accuracy = 0.5785999894142151
eval_loss = 1.0175912380218506
eval_mae = 0.4836
eval_runtime = 17.4381
eval_samples_per_second = 286.728
