eval_accuracy = 0.5820000171661377
eval_loss = 0.9782276153564453
eval_mae = 0.489
eval_runtime = 17.2958
eval_samples_per_second = 289.087
