eval_accuracy = 0.5627999901771545
eval_loss = 1.0147044658660889
eval_mae = 0.5096
eval_runtime = 17.3168
eval_samples_per_second = 288.737
