eval_accuracy = 0.4397999942302704
eval_loss = 1.4431427717208862
eval_mae = 0.7292
eval_runtime = 27.193
eval_samples_per_second = 183.871
