eval_accuracy = 0.6060000061988831
eval_loss = 0.9497660994529724
eval_mae = 0.4506
eval_runtime = 18.9147
eval_samples_per_second = 264.344
