eval_accuracy = 0.5558000206947327
eval_loss = 1.0796414613723755
eval_mae = 0.5654
eval_runtime = 18.3862
eval_samples_per_second = 271.943
