eval_accuracy = 0.5694000124931335
eval_loss = 0.9908534288406372
eval_mae = 0.509
eval_runtime = 16.9368
eval_samples_per_second = 295.215
