eval_accuracy = 0.4397999942302704
eval_loss = 1.4431217908859253
eval_mae = 0.729
eval_runtime = 22.6453
eval_samples_per_second = 220.797
