eval_accuracy = 0.5027999877929688
eval_loss = 1.1766122579574585
eval_mae = 0.5916
eval_runtime = 16.7769
eval_samples_per_second = 298.029
