eval_accuracy = 0.5026000142097473
eval_loss = 1.1778016090393066
eval_mae = 0.594
eval_runtime = 17.3562
eval_samples_per_second = 288.081
