eval_accuracy = 0.58160001039505
eval_loss = 1.0169198513031006
eval_mae = 0.496
eval_runtime = 17.8243
eval_samples_per_second = 280.516
