eval_accuracy = 0.5916000008583069
eval_loss = 0.9482027292251587
eval_mae = 0.4714
eval_runtime = 18.0514
eval_samples_per_second = 276.987
