eval_accuracy = 0.5608000159263611
eval_loss = 1.0458025932312012
eval_mae = 0.5086
eval_runtime = 20.2751
eval_samples_per_second = 246.608
