eval_accuracy = 0.5260000228881836
eval_loss = 1.0533709526062012
eval_mae = 0.5716
eval_runtime = 16.4101
eval_samples_per_second = 304.69
