eval_accuracy = 0.4812000095844269
eval_loss = 1.3921765089035034
eval_mae = 0.6734
eval_runtime = 27.2811
eval_samples_per_second = 183.277
