eval_accuracy = 0.5127999782562256
eval_loss = 1.2101993560791016
eval_mae = 0.6116
eval_runtime = 21.3327
eval_samples_per_second = 234.382
