eval_accuracy = 0.557200014591217
eval_loss = 1.0635052919387817
eval_mae = 0.5216
eval_runtime = 18.4378
eval_samples_per_second = 271.182
