eval_accuracy = 0.5753999948501587
eval_loss = 1.005030632019043
eval_mae = 0.4958
eval_runtime = 16.3854
eval_samples_per_second = 305.149
