eval_accuracy = 0.43880000710487366
eval_loss = 1.4442949295043945
eval_mae = 0.7306
eval_runtime = 18.8318
eval_samples_per_second = 265.508
