eval_accuracy = 0.49959999322891235
eval_loss = 1.242380976676941
eval_mae = 0.5958
eval_runtime = 18.5968
eval_samples_per_second = 268.863
