eval_accuracy = 0.5788000226020813
eval_loss = 1.014317512512207
eval_mae = 0.4834
eval_runtime = 17.4195
eval_samples_per_second = 287.034
