eval_accuracy = 0.5943999886512756
eval_loss = 0.9474152326583862
eval_mae = 0.4674
eval_runtime = 18.2711
eval_samples_per_second = 273.657
