eval_accuracy = 0.5812000036239624
eval_loss = 1.0181692838668823
eval_mae = 0.4948
eval_runtime = 21.7252
eval_samples_per_second = 230.147
