eval_accuracy = 0.569599986076355
eval_loss = 0.9902557730674744
eval_mae = 0.5088
eval_runtime = 17.1521
eval_samples_per_second = 291.509
