eval_accuracy = 0.48080000281333923
eval_loss = 1.3921451568603516
eval_mae = 0.6738
eval_runtime = 35.1516
eval_samples_per_second = 142.241
