eval_accuracy = 0.6018000245094299
eval_loss = 0.9361301064491272
eval_mae = 0.4544
eval_runtime = 16.3976
eval_samples_per_second = 304.922
