eval_accuracy = 0.5580000281333923
eval_loss = 1.0787051916122437
eval_mae = 0.5314
eval_runtime = 17.95
eval_samples_per_second = 278.551
