eval_accuracy = 0.5934000015258789
eval_loss = 0.9601361155509949
eval_mae = 0.4814
eval_runtime = 17.3303
eval_samples_per_second = 288.512
