eval_accuracy = 0.579800009727478
eval_loss = 0.978762686252594
eval_mae = 0.4898
eval_runtime = 17.5025
eval_samples_per_second = 285.674
