eval_accuracy = 0.6200000047683716
eval_loss = 0.9496743083000183
eval_mae = 0.4306
eval_runtime = 17.5606
eval_samples_per_second = 284.728
