eval_accuracy = 0.6367999911308289
eval_loss = 0.8895195126533508
eval_mae = 0.4142
eval_runtime = 25.5745
eval_samples_per_second = 195.507
