eval_accuracy = 0.5759999752044678
eval_loss = 1.0056524276733398
eval_mae = 0.4958
eval_runtime = 17.2595
eval_samples_per_second = 289.696
