eval_accuracy = 0.4984000027179718
eval_loss = 1.2346413135528564
eval_mae = 0.6458
eval_runtime = 31.1751
eval_samples_per_second = 160.385
