eval_accuracy = 0.5776000022888184
eval_loss = 1.0052529573440552
eval_mae = 0.4926
eval_runtime = 16.204
eval_samples_per_second = 308.566
