eval_accuracy = 0.621399998664856
eval_loss = 0.9513347744941711
eval_mae = 0.4288
eval_runtime = 17.3724
eval_samples_per_second = 287.812
