eval_accuracy = 0.5067999958992004
eval_loss = 1.2288182973861694
eval_mae = 0.6208
eval_runtime = 18.9942
eval_samples_per_second = 263.238
