eval_accuracy = 0.5005999803543091
eval_loss = 1.2424107789993286
eval_mae = 0.5948
eval_runtime = 18.8577
eval_samples_per_second = 265.144
