eval_accuracy = 0.4997999966144562
eval_loss = 1.2420121431350708
eval_mae = 0.5958
eval_runtime = 19.0302
eval_samples_per_second = 262.74
