eval_accuracy = 0.6363999843597412
eval_loss = 0.8903744220733643
eval_mae = 0.4154
eval_runtime = 19.5802
eval_samples_per_second = 255.36
