eval_accuracy = 0.5550000071525574
eval_loss = 1.0255913734436035
eval_mae = 0.5364
eval_runtime = 17.3473
eval_samples_per_second = 288.229
