eval_accuracy = 0.5562000274658203
eval_loss = 1.0250308513641357
eval_mae = 0.5342
eval_runtime = 17.1973
eval_samples_per_second = 290.743
