eval_accuracy = 0.5934000015258789
eval_loss = 1.0070226192474365
eval_mae = 0.468
eval_runtime = 17.2233
eval_samples_per_second = 290.304
