eval_accuracy = 0.5821999907493591
eval_loss = 0.9792670011520386
eval_mae = 0.4886
eval_runtime = 16.7438
eval_samples_per_second = 298.617
