eval_accuracy = 0.5929999947547913
eval_loss = 1.0019711256027222
eval_mae = 0.4678
eval_runtime = 17.2993
eval_samples_per_second = 289.029
