eval_accuracy = 0.5618000030517578
eval_loss = 1.0458027124404907
eval_mae = 0.5078
eval_runtime = 18.4775
eval_samples_per_second = 270.599
