eval_accuracy = 0.46799999475479126
eval_loss = 1.2966586351394653
eval_mae = 0.6814
eval_runtime = 19.5655
eval_samples_per_second = 255.552
