eval_accuracy = 0.5916000008583069
eval_loss = 0.9486154317855835
eval_mae = 0.4616
eval_runtime = 17.2685
eval_samples_per_second = 289.544
