eval_accuracy = 0.5473999977111816
eval_loss = 1.0854648351669312
eval_mae = 0.5408
eval_runtime = 21.1499
eval_samples_per_second = 236.407
