eval_accuracy = 0.46799999475479126
eval_loss = 1.3395339250564575
eval_mae = 0.6888
eval_runtime = 21.3397
eval_samples_per_second = 234.305
