eval_accuracy = 0.548799991607666
eval_loss = 1.1481033563613892
eval_mae = 0.582
eval_runtime = 17.5711
eval_samples_per_second = 284.559
