eval_accuracy = 0.45739999413490295
eval_loss = 1.3675702810287476
eval_mae = 0.7332
eval_runtime = 17.5232
eval_samples_per_second = 285.336
