eval_accuracy = 0.5479999780654907
eval_loss = 1.0885047912597656
eval_mae = 0.5402
eval_runtime = 23.4389
eval_samples_per_second = 213.32
