eval_accuracy = 0.46799999475479126
eval_loss = 1.339349389076233
eval_mae = 0.6888
eval_runtime = 19.3214
eval_samples_per_second = 258.781
