eval_accuracy = 0.4812000095844269
eval_loss = 1.3932445049285889
eval_mae = 0.674
eval_runtime = 33.012
eval_samples_per_second = 151.46
