eval_accuracy = 0.5478000044822693
eval_loss = 1.087553858757019
eval_mae = 0.5408
eval_runtime = 20.1198
eval_samples_per_second = 248.511
