eval_accuracy = 0.5902000069618225
eval_loss = 0.9486436247825623
eval_mae = 0.4628
eval_runtime = 16.5784
eval_samples_per_second = 301.597
