eval_accuracy = 0.46779999136924744
eval_loss = 1.338287353515625
eval_mae = 0.6884
eval_runtime = 19.4145
eval_samples_per_second = 257.54
