eval_accuracy = 0.5645999908447266
eval_loss = 1.0142489671707153
eval_mae = 0.5078
eval_runtime = 17.1825
eval_samples_per_second = 290.993
