eval_accuracy = 0.5741999745368958
eval_loss = 1.0839743614196777
eval_mae = 0.5112
eval_runtime = 16.9583
eval_samples_per_second = 294.841
