eval_accuracy = 0.569599986076355
eval_loss = 0.9907497763633728
eval_mae = 0.5092
eval_runtime = 16.1427
eval_samples_per_second = 309.738
