eval_accuracy = 0.5067999958992004
eval_loss = 1.2288267612457275
eval_mae = 0.6206
eval_runtime = 23.2187
eval_samples_per_second = 215.344
