eval_accuracy = 0.6204000115394592
eval_loss = 0.9509329795837402
eval_mae = 0.4294
eval_runtime = 17.4026
eval_samples_per_second = 287.314
