eval_accuracy = 0.5491999983787537
eval_loss = 1.0864285230636597
eval_mae = 0.5396
eval_runtime = 18.4981
eval_samples_per_second = 270.298
