eval_accuracy = 0.5703999996185303
eval_loss = 1.0219151973724365
eval_mae = 0.5078
eval_runtime = 17.3351
eval_samples_per_second = 288.431
