eval_accuracy = 0.5925999879837036
eval_loss = 0.9478568434715271
eval_mae = 0.4688
eval_runtime = 18.6767
eval_samples_per_second = 267.713
