eval_accuracy = 0.5699999928474426
eval_loss = 0.9915884733200073
eval_mae = 0.5084
eval_runtime = 16.8746
eval_samples_per_second = 296.303
