eval_accuracy = 0.5807999968528748
eval_loss = 1.011940836906433
eval_mae = 0.481
eval_runtime = 17.2925
eval_samples_per_second = 289.143
