eval_accuracy = 0.46779999136924744
eval_loss = 1.3392744064331055
eval_mae = 0.6888
eval_runtime = 23.8106
eval_samples_per_second = 209.991
