eval_accuracy = 0.5307999849319458
eval_loss = 1.0541335344314575
eval_mae = 0.5682
eval_runtime = 16.3057
eval_samples_per_second = 306.64
