eval_accuracy = 0.5613999962806702
eval_loss = 1.0463422536849976
eval_mae = 0.5082
eval_runtime = 19.1902
eval_samples_per_second = 260.549
