eval_accuracy = 0.5580000281333923
eval_loss = 1.0634336471557617
eval_mae = 0.5204
eval_runtime = 22.5036
eval_samples_per_second = 222.186
