eval_accuracy = 0.6190000176429749
eval_loss = 0.9500172138214111
eval_mae = 0.4294
eval_runtime = 17.3997
eval_samples_per_second = 287.361
