eval_accuracy = 0.4706000089645386
eval_loss = 1.351871132850647
eval_mae = 0.691
eval_runtime = 17.2823
eval_samples_per_second = 289.314
