eval_accuracy = 0.5460000038146973
eval_loss = 1.02964186668396
eval_mae = 0.5384
eval_runtime = 17.4801
eval_samples_per_second = 286.039
