eval_accuracy = 0.5663999915122986
eval_loss = 1.0138682126998901
eval_mae = 0.506
eval_runtime = 16.995
eval_samples_per_second = 294.204
