eval_accuracy = 0.5551999807357788
eval_loss = 1.024616003036499
eval_mae = 0.535
eval_runtime = 17.1698
eval_samples_per_second = 291.208
