eval_accuracy = 0.526199996471405
eval_loss = 1.055086612701416
eval_mae = 0.5714
eval_runtime = 15.8568
eval_samples_per_second = 315.322
