eval_accuracy = 0.5598000288009644
eval_loss = 1.0447639226913452
eval_mae = 0.51
eval_runtime = 18.1539
eval_samples_per_second = 275.423
