eval_accuracy = 0.43939998745918274
eval_loss = 1.4422097206115723
eval_mae = 0.7296
eval_runtime = 20.5204
eval_samples_per_second = 243.66
