eval_accuracy = 0.5785999894142151
eval_loss = 1.0177867412567139
eval_mae = 0.4838
eval_runtime = 17.5428
eval_samples_per_second = 285.018
