eval_accuracy = 0.5559999942779541
eval_loss = 1.080230951309204
eval_mae = 0.5652
eval_runtime = 21.2793
eval_samples_per_second = 234.971
