eval_accuracy = 0.45820000767707825
eval_loss = 1.3666059970855713
eval_mae = 0.731
eval_runtime = 17.398
eval_samples_per_second = 287.389
