eval_accuracy = 0.5573999881744385
eval_loss = 1.0780466794967651
eval_mae = 0.532
eval_runtime = 18.6224
eval_samples_per_second = 268.493
