eval_accuracy = 0.501800000667572
eval_loss = 1.1774970293045044
eval_mae = 0.593
eval_runtime = 16.7283
eval_samples_per_second = 298.894
