eval_accuracy = 0.4381999969482422
eval_loss = 1.442277193069458
eval_mae = 0.7278
eval_runtime = 18.6021
eval_samples_per_second = 268.787
