eval_accuracy = 0.5644000172615051
eval_loss = 1.0144927501678467
eval_mae = 0.508
eval_runtime = 17.2576
eval_samples_per_second = 289.727
