eval_accuracy = 0.5899999737739563
eval_loss = 0.9496179819107056
eval_mae = 0.4624
eval_runtime = 16.5338
eval_samples_per_second = 302.411
