eval_accuracy = 0.5932000279426575
eval_loss = 0.9475141763687134
eval_mae = 0.469
eval_runtime = 19.0532
eval_samples_per_second = 262.423
