eval_accuracy = 0.5758000016212463
eval_loss = 1.0053257942199707
eval_mae = 0.4954
eval_runtime = 17.1571
eval_samples_per_second = 291.424
