eval_accuracy = 0.5916000008583069
eval_loss = 0.9611807465553284
eval_mae = 0.4848
eval_runtime = 17.2885
eval_samples_per_second = 289.21
