eval_accuracy = 0.4997999966144562
eval_loss = 1.1556508541107178
eval_mae = 0.591
eval_runtime = 17.3767
eval_samples_per_second = 287.741
