eval_accuracy = 0.5640000104904175
eval_loss = 1.0130921602249146
eval_mae = 0.5062
eval_runtime = 17.2343
eval_samples_per_second = 290.119
