eval_accuracy = 0.5450000166893005
eval_loss = 1.029909610748291
eval_mae = 0.5402
eval_runtime = 16.6973
eval_samples_per_second = 299.449
