eval_accuracy = 0.5583999752998352
eval_loss = 1.0779833793640137
eval_mae = 0.5308
eval_runtime = 33.085
eval_samples_per_second = 151.126
