eval_accuracy = 0.5001999735832214
eval_loss = 1.2414891719818115
eval_mae = 0.5954
eval_runtime = 18.5739
eval_samples_per_second = 269.195
