eval_accuracy = 0.5058000087738037
eval_loss = 1.2309610843658447
eval_mae = 0.622
eval_runtime = 18.9803
eval_samples_per_second = 263.432
