eval_accuracy = 0.4991999864578247
eval_loss = 1.2293117046356201
eval_mae = 0.6024
eval_runtime = 18.0789
eval_samples_per_second = 276.565
