eval_accuracy = 0.4846000075340271
eval_loss = 1.3521814346313477
eval_mae = 0.6686
eval_runtime = 20.1983
eval_samples_per_second = 247.546
