eval_accuracy = 0.483599990606308
eval_loss = 1.3538295030593872
eval_mae = 0.6702
eval_runtime = 18.3786
eval_samples_per_second = 272.055
