eval_accuracy = 0.4702000021934509
eval_loss = 1.3510390520095825
eval_mae = 0.6932
eval_runtime = 16.7086
eval_samples_per_second = 299.247
