eval_accuracy = 0.6227999925613403
eval_loss = 0.9499756097793579
eval_mae = 0.4268
eval_runtime = 16.895
eval_samples_per_second = 295.946
