eval_accuracy = 0.5475999712944031
eval_loss = 1.086030125617981
eval_mae = 0.5412
eval_runtime = 26.9561
eval_samples_per_second = 185.487
