eval_accuracy = 0.6001999974250793
eval_loss = 0.9353477358818054
eval_mae = 0.4552
eval_runtime = 17.1635
eval_samples_per_second = 291.316
