eval_accuracy = 0.545199990272522
eval_loss = 1.0299965143203735
eval_mae = 0.5406
eval_runtime = 17.5063
eval_samples_per_second = 285.612
