eval_accuracy = 0.4740000069141388
eval_loss = 1.338713526725769
eval_mae = 0.6978
eval_runtime = 16.3124
eval_samples_per_second = 306.515
