eval_accuracy = 0.5001999735832214
eval_loss = 1.227686882019043
eval_mae = 0.6022
eval_runtime = 18.4876
eval_samples_per_second = 270.452
