eval_accuracy = 0.5034000277519226
eval_loss = 1.1769132614135742
eval_mae = 0.5908
eval_runtime = 16.652
eval_samples_per_second = 300.265
