eval_accuracy = 0.5935999751091003
eval_loss = 1.0057023763656616
eval_mae = 0.4672
eval_runtime = 17.222
eval_samples_per_second = 290.326
