eval_accuracy = 0.5928000211715698
eval_loss = 0.9635263681411743
eval_mae = 0.484
eval_runtime = 17.3689
eval_samples_per_second = 287.871
