eval_accuracy = 0.592199981212616
eval_loss = 0.9477674961090088
eval_mae = 0.4702
eval_runtime = 27.1154
eval_samples_per_second = 184.397
