eval_accuracy = 0.5622000098228455
eval_loss = 1.044127345085144
eval_mae = 0.5076
eval_runtime = 18.1228
eval_samples_per_second = 275.895
