eval_accuracy = 0.5781999826431274
eval_loss = 1.017638087272644
eval_mae = 0.4834
eval_runtime = 17.452
eval_samples_per_second = 286.5
