eval_accuracy = 0.4674000144004822
eval_loss = 1.296622633934021
eval_mae = 0.682
eval_runtime = 18.382
eval_samples_per_second = 272.006
