eval_accuracy = 0.5594000220298767
eval_loss = 1.079572081565857
eval_mae = 0.5304
eval_runtime = 18.4042
eval_samples_per_second = 271.677
