eval_accuracy = 0.5952000021934509
eval_loss = 0.9469546675682068
eval_mae = 0.4672
eval_runtime = 18.9687
eval_samples_per_second = 263.593
