eval_accuracy = 0.5461999773979187
eval_loss = 1.0296998023986816
eval_mae = 0.539
eval_runtime = 17.3483
eval_samples_per_second = 288.213
