eval_accuracy = 0.49059998989105225
eval_loss = 1.24822199344635
eval_mae = 0.653
eval_runtime = 18.8558
eval_samples_per_second = 265.17
