eval_accuracy = 0.5591999888420105
eval_loss = 1.083394169807434
eval_mae = 0.5616
eval_runtime = 17.9927
eval_samples_per_second = 277.89
