eval_accuracy = 0.6047999858856201
eval_loss = 0.9456437230110168
eval_mae = 0.4578
eval_runtime = 16.6775
eval_samples_per_second = 299.805
