eval_accuracy = 0.5929999947547913
eval_loss = 0.9477220773696899
eval_mae = 0.4696
eval_runtime = 18.7493
eval_samples_per_second = 266.677
