eval_accuracy = 0.45820000767707825
eval_loss = 1.365238070487976
eval_mae = 0.7308
eval_runtime = 16.4778
eval_samples_per_second = 303.438
