eval_accuracy = 0.5934000015258789
eval_loss = 1.007278561592102
eval_mae = 0.4682
eval_runtime = 16.2976
eval_samples_per_second = 306.794
