eval_accuracy = 0.5583999752998352
eval_loss = 1.077896237373352
eval_mae = 0.531
eval_runtime = 18.25
eval_samples_per_second = 273.972
