eval_accuracy = 0.579200029373169
eval_loss = 1.0093903541564941
eval_mae = 0.4834
eval_runtime = 17.3485
eval_samples_per_second = 288.21
