eval_accuracy = 0.5442000031471252
eval_loss = 1.029422640800476
eval_mae = 0.5402
eval_runtime = 17.3884
eval_samples_per_second = 287.548
