eval_accuracy = 0.579800009727478
eval_loss = 1.0170316696166992
eval_mae = 0.4828
eval_runtime = 17.6271
eval_samples_per_second = 283.654
