eval_accuracy = 0.6057999730110168
eval_loss = 0.9480044841766357
eval_mae = 0.449
eval_runtime = 18.6581
eval_samples_per_second = 267.981
