eval_accuracy = 0.6010000109672546
eval_loss = 0.9354259967803955
eval_mae = 0.4548
eval_runtime = 17.1856
eval_samples_per_second = 290.942
