eval_accuracy = 0.5509999990463257
eval_loss = 1.1456055641174316
eval_mae = 0.5786
eval_runtime = 17.4527
eval_samples_per_second = 286.488
