eval_accuracy = 0.4747999906539917
eval_loss = 1.3435590267181396
eval_mae = 0.6946
eval_runtime = 16.9574
eval_samples_per_second = 294.856
