eval_accuracy = 0.45660001039505005
eval_loss = 1.36732816696167
eval_mae = 0.7342
eval_runtime = 17.4607
eval_samples_per_second = 286.357
