eval_accuracy = 0.5947999954223633
eval_loss = 0.9476391673088074
eval_mae = 0.4666
eval_runtime = 20.9287
eval_samples_per_second = 238.907
