eval_accuracy = 0.5825999975204468
eval_loss = 0.9797160029411316
eval_mae = 0.4866
eval_runtime = 17.3726
eval_samples_per_second = 287.809
