eval_accuracy = 0.5911999940872192
eval_loss = 1.0075035095214844
eval_mae = 0.4706
eval_runtime = 17.239
eval_samples_per_second = 290.041
