eval_accuracy = 0.5907999873161316
eval_loss = 0.9481141567230225
eval_mae = 0.4628
eval_runtime = 16.9061
eval_samples_per_second = 295.751
