eval_accuracy = 0.5296000242233276
eval_loss = 1.050719976425171
eval_mae = 0.5684
eval_runtime = 15.9504
eval_samples_per_second = 313.472
