eval_accuracy = 0.5564000010490417
eval_loss = 1.0803472995758057
eval_mae = 0.564
eval_runtime = 33.3538
eval_samples_per_second = 149.908
