eval_accuracy = 0.5482000112533569
eval_loss = 1.147655963897705
eval_mae = 0.5826
eval_runtime = 17.4297
eval_samples_per_second = 286.867
