eval_accuracy = 0.6083999872207642
eval_loss = 0.9500597715377808
eval_mae = 0.4474
eval_runtime = 18.5516
eval_samples_per_second = 269.518
