eval_accuracy = 0.47600001096725464
eval_loss = 1.3439536094665527
eval_mae = 0.695
eval_runtime = 16.9495
eval_samples_per_second = 294.994
