eval_accuracy = 0.4830000102519989
eval_loss = 1.354352593421936
eval_mae = 0.6722
eval_runtime = 22.3029
eval_samples_per_second = 224.186
