eval_accuracy = 0.5806000232696533
eval_loss = 0.9778997898101807
eval_mae = 0.4884
eval_runtime = 16.6546
eval_samples_per_second = 300.218
