eval_accuracy = 0.49799999594688416
eval_loss = 1.2284562587738037
eval_mae = 0.6046
eval_runtime = 18.354
eval_samples_per_second = 272.421
