eval_accuracy = 0.4805999994277954
eval_loss = 1.3926931619644165
eval_mae = 0.6738
eval_runtime = 26.1981
eval_samples_per_second = 190.853
