eval_accuracy = 0.5806000232696533
eval_loss = 1.0179779529571533
eval_mae = 0.4938
eval_runtime = 22.1169
eval_samples_per_second = 226.071
