eval_accuracy = 0.5253999829292297
eval_loss = 1.0548169612884521
eval_mae = 0.5742
eval_runtime = 16.9494
eval_samples_per_second = 294.996
