eval_accuracy = 0.438400000333786
eval_loss = 1.4425910711288452
eval_mae = 0.731
eval_runtime = 18.858
eval_samples_per_second = 265.139
