eval_accuracy = 0.4844000041484833
eval_loss = 1.352906584739685
eval_mae = 0.6704
eval_runtime = 17.8238
eval_samples_per_second = 280.524
