eval_accuracy = 0.5062000155448914
eval_loss = 1.2288124561309814
eval_mae = 0.6216
eval_runtime = 19.0271
eval_samples_per_second = 262.783
