eval_accuracy = 0.4984000027179718
eval_loss = 1.2373762130737305
eval_mae = 0.6458
eval_runtime = 18.9898
eval_samples_per_second = 263.299
