eval_accuracy = 0.5023999810218811
eval_loss = 1.231817603111267
eval_mae = 0.5996
eval_runtime = 18.4187
eval_samples_per_second = 271.463
