eval_accuracy = 0.45739999413490295
eval_loss = 1.3668264150619507
eval_mae = 0.7324
eval_runtime = 17.3827
eval_samples_per_second = 287.643
