eval_accuracy = 0.5644000172615051
eval_loss = 1.0144935846328735
eval_mae = 0.508
eval_runtime = 16.9665
eval_samples_per_second = 294.698
