eval_accuracy = 0.43939998745918274
eval_loss = 1.442865014076233
eval_mae = 0.7294
eval_runtime = 18.8471
eval_samples_per_second = 265.292
