eval_accuracy = 0.49720001220703125
eval_loss = 1.239160418510437
eval_mae = 0.6474
eval_runtime = 30.3438
eval_samples_per_second = 164.778
