eval_accuracy = 0.5475999712944031
eval_loss = 1.0861752033233643
eval_mae = 0.5412
eval_runtime = 18.6042
eval_samples_per_second = 268.757
