eval_accuracy = 0.5914000272750854
eval_loss = 0.9470468759536743
eval_mae = 0.4698
eval_runtime = 22.1838
eval_samples_per_second = 225.389
