eval_accuracy = 0.4575999975204468
eval_loss = 1.3676767349243164
eval_mae = 0.7318
eval_runtime = 16.3435
eval_samples_per_second = 305.932
