eval_accuracy = 0.599399983882904
eval_loss = 0.9556007981300354
eval_mae = 0.4638
eval_runtime = 17.2773
eval_samples_per_second = 289.397
