eval_accuracy = 0.6363999843597412
eval_loss = 0.8897009491920471
eval_mae = 0.4148
eval_runtime = 21.6032
eval_samples_per_second = 231.447
