eval_accuracy = 0.5929999947547913
eval_loss = 0.9608656167984009
eval_mae = 0.4828
eval_runtime = 17.4237
eval_samples_per_second = 286.966
