eval_accuracy = 0.5766000151634216
eval_loss = 1.005831003189087
eval_mae = 0.4956
eval_runtime = 17.1761
eval_samples_per_second = 291.103
