eval_accuracy = 0.6075999736785889
eval_loss = 0.9438012838363647
eval_mae = 0.4538
eval_runtime = 17.1665
eval_samples_per_second = 291.265
