eval_accuracy = 0.5569999814033508
eval_loss = 1.0623480081558228
eval_mae = 0.5228
eval_runtime = 18.3396
eval_samples_per_second = 272.635
