eval_accuracy = 0.6015999913215637
eval_loss = 0.9357648491859436
eval_mae = 0.4552
eval_runtime = 16.2879
eval_samples_per_second = 306.977
