eval_accuracy = 0.5932000279426575
eval_loss = 1.0077518224716187
eval_mae = 0.4694
eval_runtime = 17.3387
eval_samples_per_second = 288.373
