eval_accuracy = 0.4975999891757965
eval_loss = 1.237078070640564
eval_mae = 0.6466
eval_runtime = 19.7118
eval_samples_per_second = 253.655
