eval_accuracy = 0.43939998745918274
eval_loss = 1.4399677515029907
eval_mae = 0.7296
eval_runtime = 18.3632
eval_samples_per_second = 272.283
