eval_accuracy = 0.5576000213623047
eval_loss = 1.062376618385315
eval_mae = 0.521
eval_runtime = 18.4133
eval_samples_per_second = 271.543
