eval_accuracy = 0.6362000107765198
eval_loss = 0.889518141746521
eval_mae = 0.4148
eval_runtime = 19.3666
eval_samples_per_second = 258.177
