eval_accuracy = 0.5934000015258789
eval_loss = 1.006714105606079
eval_mae = 0.4678
eval_runtime = 17.1776
eval_samples_per_second = 291.078
