eval_accuracy = 0.5608000159263611
eval_loss = 1.0456711053848267
eval_mae = 0.5084
eval_runtime = 19.598
eval_samples_per_second = 255.128
