eval_accuracy = 0.5576000213623047
eval_loss = 1.0808016061782837
eval_mae = 0.5328
eval_runtime = 32.5156
eval_samples_per_second = 153.772
