eval_accuracy = 0.6019999980926514
eval_loss = 0.936063289642334
eval_mae = 0.4542
eval_runtime = 16.4195
eval_samples_per_second = 304.515
