eval_accuracy = 0.5803999900817871
eval_loss = 0.9782719016075134
eval_mae = 0.4894
eval_runtime = 17.4242
eval_samples_per_second = 286.956
