eval_accuracy = 0.5559999942779541
eval_loss = 1.0801043510437012
eval_mae = 0.5654
eval_runtime = 30.4664
eval_samples_per_second = 164.115
