eval_accuracy = 0.5562000274658203
eval_loss = 1.0802377462387085
eval_mae = 0.5652
eval_runtime = 18.9347
eval_samples_per_second = 264.065
