eval_accuracy = 0.47360000014305115
eval_loss = 1.3451344966888428
eval_mae = 0.6968
eval_runtime = 16.0149
eval_samples_per_second = 312.209
