eval_accuracy = 0.5583999752998352
eval_loss = 1.0783826112747192
eval_mae = 0.5308
eval_runtime = 28.2119
eval_samples_per_second = 177.23
