eval_accuracy = 0.6215999722480774
eval_loss = 0.9508368968963623
eval_mae = 0.4276
eval_runtime = 17.498
eval_samples_per_second = 285.747
