eval_accuracy = 0.4832000136375427
eval_loss = 1.3528786897659302
eval_mae = 0.671
eval_runtime = 21.6851
eval_samples_per_second = 230.573
