eval_accuracy = 0.5493999719619751
eval_loss = 1.1477035284042358
eval_mae = 0.581
eval_runtime = 17.53
eval_samples_per_second = 285.225
