eval_accuracy = 0.5031999945640564
eval_loss = 1.1773293018341064
eval_mae = 0.5916
eval_runtime = 17.8224
eval_samples_per_second = 280.545
