eval_accuracy = 0.5920000076293945
eval_loss = 1.0067508220672607
eval_mae = 0.4694
eval_runtime = 17.2841
eval_samples_per_second = 289.283
