eval_accuracy = 0.4674000144004822
eval_loss = 1.339678406715393
eval_mae = 0.6892
eval_runtime = 24.5243
eval_samples_per_second = 203.879
