eval_accuracy = 0.5898000001907349
eval_loss = 0.946760356426239
eval_mae = 0.4638
eval_runtime = 16.5647
eval_samples_per_second = 301.847
