eval_accuracy = 0.5681999921798706
eval_loss = 1.0240628719329834
eval_mae = 0.5118
eval_runtime = 16.7677
eval_samples_per_second = 298.193
