eval_accuracy = 0.5932000279426575
eval_loss = 0.9475455284118652
eval_mae = 0.4692
eval_runtime = 19.7188
eval_samples_per_second = 253.565
