eval_accuracy = 0.5568000078201294
eval_loss = 1.0798736810684204
eval_mae = 0.5638
eval_runtime = 18.4755
eval_samples_per_second = 270.629
