eval_accuracy = 0.607200026512146
eval_loss = 0.9456272721290588
eval_mae = 0.4488
eval_runtime = 18.3059
eval_samples_per_second = 273.137
