eval_accuracy = 0.6367999911308289
eval_loss = 0.8897451162338257
eval_mae = 0.4146
eval_runtime = 26.8471
eval_samples_per_second = 186.24
