eval_accuracy = 0.4681999981403351
eval_loss = 1.2968138456344604
eval_mae = 0.6814
eval_runtime = 28.2512
eval_samples_per_second = 176.984
