eval_accuracy = 0.46779999136924744
eval_loss = 1.2971420288085938
eval_mae = 0.6818
eval_runtime = 23.3441
eval_samples_per_second = 214.187
