eval_accuracy = 0.597599983215332
eval_loss = 0.9601536393165588
eval_mae = 0.467
eval_runtime = 17.2724
eval_samples_per_second = 289.479
