eval_accuracy = 0.5813999772071838
eval_loss = 0.9790441393852234
eval_mae = 0.489
eval_runtime = 17.2359
eval_samples_per_second = 290.092
