eval_accuracy = 0.5925999879837036
eval_loss = 0.9609165191650391
eval_mae = 0.4832
eval_runtime = 17.3517
eval_samples_per_second = 288.157
