eval_accuracy = 0.6068000197410583
eval_loss = 0.9486752152442932
eval_mae = 0.4492
eval_runtime = 19.1711
eval_samples_per_second = 260.809
