eval_accuracy = 0.5587999820709229
eval_loss = 1.0792864561080933
eval_mae = 0.531
eval_runtime = 20.216
eval_samples_per_second = 247.329
