eval_accuracy = 0.5067999958992004
eval_loss = 1.2287509441375732
eval_mae = 0.6208
eval_runtime = 20.4697
eval_samples_per_second = 244.264
