eval_accuracy = 0.5799999833106995
eval_loss = 0.9765677452087402
eval_mae = 0.4898
eval_runtime = 17.3741
eval_samples_per_second = 287.785
