eval_accuracy = 0.5001999735832214
eval_loss = 1.241485357284546
eval_mae = 0.5954
eval_runtime = 20.5839
eval_samples_per_second = 242.908
