eval_accuracy = 0.4717999994754791
eval_loss = 1.3475008010864258
eval_mae = 0.6896
eval_runtime = 17.347
eval_samples_per_second = 288.234
