eval_accuracy = 0.5618000030517578
eval_loss = 1.0462570190429688
eval_mae = 0.508
eval_runtime = 20.8866
eval_samples_per_second = 239.388
