eval_accuracy = 0.527999997138977
eval_loss = 1.053301215171814
eval_mae = 0.5692
eval_runtime = 17.4277
eval_samples_per_second = 286.9
