eval_accuracy = 0.4702000021934509
eval_loss = 1.29025399684906
eval_mae = 0.6798
eval_runtime = 30.9571
eval_samples_per_second = 161.514
