eval_accuracy = 0.5479999780654907
eval_loss = 1.0860289335250854
eval_mae = 0.5408
eval_runtime = 19.7898
eval_samples_per_second = 252.655
