eval_accuracy = 0.5932000279426575
eval_loss = 1.0067753791809082
eval_mae = 0.468
eval_runtime = 17.279
eval_samples_per_second = 289.368
