eval_accuracy = 0.5789999961853027
eval_loss = 1.0170292854309082
eval_mae = 0.4832
eval_runtime = 16.9501
eval_samples_per_second = 294.984
