eval_accuracy = 0.4702000021934509
eval_loss = 1.347826361656189
eval_mae = 0.691
eval_runtime = 17.2417
eval_samples_per_second = 289.995
