eval_accuracy = 0.5587999820709229
eval_loss = 1.0772619247436523
eval_mae = 0.5308
eval_runtime = 18.9162
eval_samples_per_second = 264.324
