eval_accuracy = 0.49639999866485596
eval_loss = 1.2403186559677124
eval_mae = 0.649
eval_runtime = 28.974
eval_samples_per_second = 172.568
