eval_accuracy = 0.6018000245094299
eval_loss = 0.935815155506134
eval_mae = 0.4538
eval_runtime = 16.4167
eval_samples_per_second = 304.568
