eval_accuracy = 0.4991999864578247
eval_loss = 1.2331790924072266
eval_mae = 0.64
eval_runtime = 18.4974
eval_samples_per_second = 270.308
