eval_accuracy = 0.5573999881744385
eval_loss = 1.0639597177505493
eval_mae = 0.5196
eval_runtime = 18.3594
eval_samples_per_second = 272.34
