eval_accuracy = 0.47380000352859497
eval_loss = 1.3475475311279297
eval_mae = 0.6878
eval_runtime = 17.5692
eval_samples_per_second = 284.589
