eval_accuracy = 0.5824000239372253
eval_loss = 0.9785789251327515
eval_mae = 0.4878
eval_runtime = 17.3268
eval_samples_per_second = 288.57
