eval_accuracy = 0.5924000144004822
eval_loss = 0.9460891485214233
eval_mae = 0.4632
eval_runtime = 17.2065
eval_samples_per_second = 290.587
