eval_accuracy = 0.47279998660087585
eval_loss = 1.3483291864395142
eval_mae = 0.6888
eval_runtime = 16.1065
eval_samples_per_second = 310.434
