eval_accuracy = 0.4397999942302704
eval_loss = 1.443114995956421
eval_mae = 0.7292
eval_runtime = 19.3675
eval_samples_per_second = 258.165
