eval_accuracy = 0.6010000109672546
eval_loss = 0.9357247352600098
eval_mae = 0.4552
eval_runtime = 16.6519
eval_samples_per_second = 300.266
