eval_accuracy = 0.604200005531311
eval_loss = 0.9346227645874023
eval_mae = 0.4502
eval_runtime = 16.1545
eval_samples_per_second = 309.511
