eval_accuracy = 0.5063999891281128
eval_loss = 1.229056715965271
eval_mae = 0.621
eval_runtime = 27.5748
eval_samples_per_second = 181.325
