eval_accuracy = 0.46779999136924744
eval_loss = 1.339237928390503
eval_mae = 0.6888
eval_runtime = 22.4094
eval_samples_per_second = 223.121
