eval_accuracy = 0.5281999707221985
eval_loss = 1.0534318685531616
eval_mae = 0.5686
eval_runtime = 17.0244
eval_samples_per_second = 293.695
