eval_accuracy = 0.5454000234603882
eval_loss = 1.0299692153930664
eval_mae = 0.54
eval_runtime = 17.3203
eval_samples_per_second = 288.679
