eval_accuracy = 0.5590000152587891
eval_loss = 1.0631375312805176
eval_mae = 0.5198
eval_runtime = 17.7303
eval_samples_per_second = 282.003
