eval_accuracy = 0.5013999938964844
eval_loss = 1.227513313293457
eval_mae = 0.6268
eval_runtime = 22.2873
eval_samples_per_second = 224.343
