eval_accuracy = 0.43959999084472656
eval_loss = 1.4431641101837158
eval_mae = 0.7294
eval_runtime = 19.121
eval_samples_per_second = 261.492
