eval_accuracy = 0.6032000184059143
eval_loss = 0.9361021518707275
eval_mae = 0.4544
eval_runtime = 17.1547
eval_samples_per_second = 291.465
