eval_accuracy = 0.5813999772071838
eval_loss = 1.0186183452606201
eval_mae = 0.4934
eval_runtime = 23.3285
eval_samples_per_second = 214.33
