eval_accuracy = 0.4968000054359436
eval_loss = 1.2384400367736816
eval_mae = 0.6472
eval_runtime = 18.1475
eval_samples_per_second = 275.52
