eval_accuracy = 0.47099998593330383
eval_loss = 1.3519697189331055
eval_mae = 0.6912
eval_runtime = 17.3262
eval_samples_per_second = 288.581
