eval_accuracy = 0.4675999879837036
eval_loss = 1.2970621585845947
eval_mae = 0.682
eval_runtime = 20.2204
eval_samples_per_second = 247.275
