eval_accuracy = 0.4819999933242798
eval_loss = 1.3528624773025513
eval_mae = 0.6714
eval_runtime = 19.2275
eval_samples_per_second = 260.044
