eval_accuracy = 0.5565999746322632
eval_loss = 1.0258169174194336
eval_mae = 0.5346
eval_runtime = 17.2348
eval_samples_per_second = 290.11
