eval_accuracy = 0.475600004196167
eval_loss = 1.3420515060424805
eval_mae = 0.694
eval_runtime = 15.8977
eval_samples_per_second = 314.51
