eval_accuracy = 0.5063999891281128
eval_loss = 1.2312335968017578
eval_mae = 0.6228
eval_runtime = 24.626
eval_samples_per_second = 203.037
