eval_accuracy = 0.5821999907493591
eval_loss = 0.9780683517456055
eval_mae = 0.4876
eval_runtime = 17.2634
eval_samples_per_second = 289.631
