eval_accuracy = 0.4722000062465668
eval_loss = 1.3474442958831787
eval_mae = 0.6876
eval_runtime = 17.3443
eval_samples_per_second = 288.279
