eval_accuracy = 0.574400007724762
eval_loss = 1.086409091949463
eval_mae = 0.5118
eval_runtime = 16.466
eval_samples_per_second = 303.656
