eval_accuracy = 0.5013999938964844
eval_loss = 1.1540453433990479
eval_mae = 0.5896
eval_runtime = 16.6644
eval_samples_per_second = 300.04
