eval_accuracy = 0.590399980545044
eval_loss = 0.9503453969955444
eval_mae = 0.4634
eval_runtime = 17.4125
eval_samples_per_second = 287.149
