eval_accuracy = 0.6204000115394592
eval_loss = 0.9514669179916382
eval_mae = 0.4296
eval_runtime = 17.4223
eval_samples_per_second = 286.988
