eval_accuracy = 0.4578000009059906
eval_loss = 1.367225170135498
eval_mae = 0.732
eval_runtime = 17.3892
eval_samples_per_second = 287.535
