eval_accuracy = 0.5288000106811523
eval_loss = 1.0535759925842285
eval_mae = 0.5696
eval_runtime = 16.0563
eval_samples_per_second = 311.404
