eval_accuracy = 0.5929999947547913
eval_loss = 0.9605776071548462
eval_mae = 0.4828
eval_runtime = 17.3602
eval_samples_per_second = 288.015
