eval_accuracy = 0.578000009059906
eval_loss = 1.0174576044082642
eval_mae = 0.4848
eval_runtime = 17.5142
eval_samples_per_second = 285.483
