eval_accuracy = 0.5586000084877014
eval_loss = 1.078609824180603
eval_mae = 0.5306
eval_runtime = 27.0186
eval_samples_per_second = 185.058
