eval_accuracy = 0.5935999751091003
eval_loss = 0.9485722780227661
eval_mae = 0.4698
eval_runtime = 19.8291
eval_samples_per_second = 252.155
