eval_accuracy = 0.436599999666214
eval_loss = 1.4277702569961548
eval_mae = 0.7266
eval_runtime = 18.4668
eval_samples_per_second = 270.757
