eval_accuracy = 0.5070000290870667
eval_loss = 1.2285897731781006
eval_mae = 0.621
eval_runtime = 18.9544
eval_samples_per_second = 263.791
