eval_accuracy = 0.5928000211715698
eval_loss = 0.9477735161781311
eval_mae = 0.4696
eval_runtime = 18.6949
eval_samples_per_second = 267.453
