eval_accuracy = 0.5934000015258789
eval_loss = 1.0066511631011963
eval_mae = 0.468
eval_runtime = 17.2498
eval_samples_per_second = 289.858
