eval_accuracy = 0.5019999742507935
eval_loss = 1.177579641342163
eval_mae = 0.5924
eval_runtime = 17.5838
eval_samples_per_second = 284.353
