eval_accuracy = 0.5085999965667725
eval_loss = 1.22980535030365
eval_mae = 0.6186
eval_runtime = 18.9405
eval_samples_per_second = 263.985
