eval_accuracy = 0.46779999136924744
eval_loss = 1.296523094177246
eval_mae = 0.6818
eval_runtime = 23.9883
eval_samples_per_second = 208.435
