eval_accuracy = 0.548799991607666
eval_loss = 1.143310785293579
eval_mae = 0.5816
eval_runtime = 17.5313
eval_samples_per_second = 285.204
