eval_accuracy = 0.6362000107765198
eval_loss = 0.8896308541297913
eval_mae = 0.4148
eval_runtime = 18.4786
eval_samples_per_second = 270.583
