eval_accuracy = 0.5482000112533569
eval_loss = 1.085693359375
eval_mae = 0.5408
eval_runtime = 28.2916
eval_samples_per_second = 176.731
