eval_accuracy = 0.5493999719619751
eval_loss = 1.1476173400878906
eval_mae = 0.5812
eval_runtime = 16.7466
eval_samples_per_second = 298.567
