eval_accuracy = 0.5740000009536743
eval_loss = 1.0846333503723145
eval_mae = 0.5102
eval_runtime = 16.3807
eval_samples_per_second = 305.237
