eval_accuracy = 0.6065999865531921
eval_loss = 0.948184072971344
eval_mae = 0.4494
eval_runtime = 19.0017
eval_samples_per_second = 263.135
