eval_accuracy = 0.5067999958992004
eval_loss = 1.2290630340576172
eval_mae = 0.621
eval_runtime = 18.9619
eval_samples_per_second = 263.687
