eval_accuracy = 0.5564000010490417
eval_loss = 1.0620622634887695
eval_mae = 0.522
eval_runtime = 18.4063
eval_samples_per_second = 271.646
