eval_accuracy = 0.5698000192642212
eval_loss = 1.021424651145935
eval_mae = 0.5094
eval_runtime = 16.7061
eval_samples_per_second = 299.292
