eval_accuracy = 0.5799999833106995
eval_loss = 1.0172878503799438
eval_mae = 0.4958
eval_runtime = 22.4576
eval_samples_per_second = 222.642
