eval_accuracy = 0.5946000218391418
eval_loss = 0.9603009819984436
eval_mae = 0.4808
eval_runtime = 17.5111
eval_samples_per_second = 285.533
