eval_accuracy = 0.5917999744415283
eval_loss = 0.9477178454399109
eval_mae = 0.4708
eval_runtime = 18.5319
eval_samples_per_second = 269.805
