eval_accuracy = 0.4596000015735626
eval_loss = 1.3670895099639893
eval_mae = 0.7298
eval_runtime = 17.6781
eval_samples_per_second = 282.835
