eval_accuracy = 0.6050000190734863
eval_loss = 0.9463013410568237
eval_mae = 0.4566
eval_runtime = 17.2895
eval_samples_per_second = 289.192
