eval_accuracy = 0.579200029373169
eval_loss = 1.0174646377563477
eval_mae = 0.4834
eval_runtime = 17.4934
eval_samples_per_second = 285.822
