eval_accuracy = 0.5756000280380249
eval_loss = 1.0850952863693237
eval_mae = 0.5102
eval_runtime = 17.1132
eval_samples_per_second = 292.172
