eval_accuracy = 0.5983999967575073
eval_loss = 0.9551371335983276
eval_mae = 0.466
eval_runtime = 17.3461
eval_samples_per_second = 288.25
