eval_accuracy = 0.5562000274658203
eval_loss = 1.06318998336792
eval_mae = 0.5232
eval_runtime = 18.3062
eval_samples_per_second = 273.131
