eval_accuracy = 0.576200008392334
eval_loss = 1.0057957172393799
eval_mae = 0.4958
eval_runtime = 17.1769
eval_samples_per_second = 291.088
