eval_accuracy = 0.5925999879837036
eval_loss = 0.9488687515258789
eval_mae = 0.4616
eval_runtime = 17.1802
eval_samples_per_second = 291.033
