eval_accuracy = 0.45820000767707825
eval_loss = 1.3672066926956177
eval_mae = 0.7318
eval_runtime = 17.3812
eval_samples_per_second = 287.667
