eval_accuracy = 0.6010000109672546
eval_loss = 0.9358032941818237
eval_mae = 0.4548
eval_runtime = 17.0773
eval_samples_per_second = 292.787
