eval_accuracy = 0.49939998984336853
eval_loss = 1.2421609163284302
eval_mae = 0.5962
eval_runtime = 21.9639
eval_samples_per_second = 227.646
