eval_accuracy = 0.4812000095844269
eval_loss = 1.3922902345657349
eval_mae = 0.6734
eval_runtime = 28.603
eval_samples_per_second = 174.807
