eval_accuracy = 0.5067999958992004
eval_loss = 1.2279566526412964
eval_mae = 0.6208
eval_runtime = 19.0858
eval_samples_per_second = 261.975
