eval_accuracy = 0.5472000241279602
eval_loss = 1.1491817235946655
eval_mae = 0.5844
eval_runtime = 17.4034
eval_samples_per_second = 287.3
