eval_accuracy = 0.49939998984336853
eval_loss = 1.2416751384735107
eval_mae = 0.5958
eval_runtime = 19.7906
eval_samples_per_second = 252.645
