eval_accuracy = 0.5640000104904175
eval_loss = 1.014332890510559
eval_mae = 0.508
eval_runtime = 16.49
eval_samples_per_second = 303.214
