eval_accuracy = 0.4575999975204468
eval_loss = 1.36648690700531
eval_mae = 0.7326
eval_runtime = 16.4059
eval_samples_per_second = 304.768
