eval_accuracy = 0.4691999852657318
eval_loss = 1.348114252090454
eval_mae = 0.691
eval_runtime = 17.2834
eval_samples_per_second = 289.294
