eval_accuracy = 0.5806000232696533
eval_loss = 1.0171535015106201
eval_mae = 0.494
eval_runtime = 18.796
eval_samples_per_second = 266.015
