eval_accuracy = 0.5645999908447266
eval_loss = 1.0146994590759277
eval_mae = 0.507
eval_runtime = 16.3211
eval_samples_per_second = 306.351
