eval_accuracy = 0.5892000198364258
eval_loss = 0.9491568207740784
eval_mae = 0.4644
eval_runtime = 17.192
eval_samples_per_second = 290.832
