eval_accuracy = 0.4602000117301941
eval_loss = 1.3560172319412231
eval_mae = 0.7274
eval_runtime = 16.6943
eval_samples_per_second = 299.503
