eval_accuracy = 0.5645999908447266
eval_loss = 1.0132802724838257
eval_mae = 0.507
eval_runtime = 16.3365
eval_samples_per_second = 306.063
