eval_accuracy = 0.4747999906539917
eval_loss = 1.3434839248657227
eval_mae = 0.6944
eval_runtime = 16.354
eval_samples_per_second = 305.735
