eval_accuracy = 0.5558000206947327
eval_loss = 1.0769068002700806
eval_mae = 0.565
eval_runtime = 18.4354
eval_samples_per_second = 271.218
