eval_accuracy = 0.49720001220703125
eval_loss = 1.239179253578186
eval_mae = 0.6472
eval_runtime = 30.2856
eval_samples_per_second = 165.095
