eval_accuracy = 0.5544000267982483
eval_loss = 1.0668572187423706
eval_mae = 0.523
eval_runtime = 17.9945
eval_samples_per_second = 277.863
