eval_accuracy = 0.4984000027179718
eval_loss = 1.2291024923324585
eval_mae = 0.6036
eval_runtime = 18.0991
eval_samples_per_second = 276.256
