eval_accuracy = 0.5591999888420105
eval_loss = 1.0786324739456177
eval_mae = 0.5302
eval_runtime = 17.7916
eval_samples_per_second = 281.031
