eval_accuracy = 0.5037999749183655
eval_loss = 1.1747082471847534
eval_mae = 0.5892
eval_runtime = 17.202
eval_samples_per_second = 290.663
