eval_accuracy = 0.48080000281333923
eval_loss = 1.3922537565231323
eval_mae = 0.674
eval_runtime = 20.3602
eval_samples_per_second = 245.577
