eval_accuracy = 0.5702000260353088
eval_loss = 0.9907983541488647
eval_mae = 0.5086
eval_runtime = 16.1633
eval_samples_per_second = 309.343
