eval_accuracy = 0.6362000107765198
eval_loss = 0.8886984586715698
eval_mae = 0.4142
eval_runtime = 19.8532
eval_samples_per_second = 251.849
