eval_accuracy = 0.5013999938964844
eval_loss = 1.179574966430664
eval_mae = 0.5934
eval_runtime = 17.4037
eval_samples_per_second = 287.295
