eval_accuracy = 0.5012000203132629
eval_loss = 1.15446138381958
eval_mae = 0.5894
eval_runtime = 17.3027
eval_samples_per_second = 288.973
