eval_accuracy = 0.5753999948501587
eval_loss = 1.0849499702453613
eval_mae = 0.5098
eval_runtime = 16.8439
eval_samples_per_second = 296.843
