eval_accuracy = 0.5582000017166138
eval_loss = 1.0778123140335083
eval_mae = 0.5312
eval_runtime = 31.4824
eval_samples_per_second = 158.819
