eval_accuracy = 0.5475999712944031
eval_loss = 1.083360195159912
eval_mae = 0.541
eval_runtime = 19.6142
eval_samples_per_second = 254.918
