eval_accuracy = 0.5460000038146973
eval_loss = 1.1463857889175415
eval_mae = 0.5852
eval_runtime = 17.4586
eval_samples_per_second = 286.392
