eval_accuracy = 0.44020000100135803
eval_loss = 1.4404619932174683
eval_mae = 0.7268
eval_runtime = 34.4202
eval_samples_per_second = 145.263
