eval_accuracy = 0.5541999936103821
eval_loss = 1.0264142751693726
eval_mae = 0.5384
eval_runtime = 17.3482
eval_samples_per_second = 288.215
