eval_accuracy = 0.5478000044822693
eval_loss = 1.0859816074371338
eval_mae = 0.5414
eval_runtime = 22.892
eval_samples_per_second = 218.416
