eval_accuracy = 0.5004000067710876
eval_loss = 1.1547695398330688
eval_mae = 0.59
eval_runtime = 17.2902
eval_samples_per_second = 289.181
