eval_accuracy = 0.498199999332428
eval_loss = 1.2295747995376587
eval_mae = 0.6032
eval_runtime = 18.3564
eval_samples_per_second = 272.384
