eval_accuracy = 0.4569999873638153
eval_loss = 1.3673818111419678
eval_mae = 0.7306
eval_runtime = 17.2558
eval_samples_per_second = 289.758
