eval_accuracy = 0.6050000190734863
eval_loss = 0.9489620327949524
eval_mae = 0.4574
eval_runtime = 16.1396
eval_samples_per_second = 309.797
