eval_accuracy = 0.6018000245094299
eval_loss = 0.9366111159324646
eval_mae = 0.454
eval_runtime = 16.3556
eval_samples_per_second = 305.705
