eval_accuracy = 0.621999979019165
eval_loss = 0.9497138857841492
eval_mae = 0.428
eval_runtime = 17.2835
eval_samples_per_second = 289.294
