eval_accuracy = 0.4726000130176544
eval_loss = 1.3483275175094604
eval_mae = 0.6894
eval_runtime = 17.4882
eval_samples_per_second = 285.908
