eval_accuracy = 0.5562000274658203
eval_loss = 1.0813267230987549
eval_mae = 0.5654
eval_runtime = 18.4493
eval_samples_per_second = 271.013
