eval_accuracy = 0.46939998865127563
eval_loss = 1.3498440980911255
eval_mae = 0.6936
eval_runtime = 17.2673
eval_samples_per_second = 289.564
