eval_accuracy = 0.46779999136924744
eval_loss = 1.2966829538345337
eval_mae = 0.6818
eval_runtime = 31.1052
eval_samples_per_second = 160.745
