eval_accuracy = 0.48179998993873596
eval_loss = 1.3916207551956177
eval_mae = 0.6728
eval_runtime = 29.2002
eval_samples_per_second = 171.232
