eval_accuracy = 0.5569999814033508
eval_loss = 1.064414143562317
eval_mae = 0.523
eval_runtime = 18.3076
eval_samples_per_second = 273.11
