eval_accuracy = 0.5705999732017517
eval_loss = 1.0213265419006348
eval_mae = 0.5074
eval_runtime = 16.5861
eval_samples_per_second = 301.457
