eval_accuracy = 0.5465999841690063
eval_loss = 1.029673457145691
eval_mae = 0.5388
eval_runtime = 16.7087
eval_samples_per_second = 299.246
