eval_accuracy = 0.5759999752044678
eval_loss = 1.0847944021224976
eval_mae = 0.5096
eval_runtime = 17.0488
eval_samples_per_second = 293.276
