eval_accuracy = 0.5817999839782715
eval_loss = 1.0186960697174072
eval_mae = 0.4926
eval_runtime = 32.8508
eval_samples_per_second = 152.203
