eval_accuracy = 0.4675999879837036
eval_loss = 1.2962713241577148
eval_mae = 0.6818
eval_runtime = 19.753
eval_samples_per_second = 253.126
