eval_accuracy = 0.5622000098228455
eval_loss = 1.0455608367919922
eval_mae = 0.5072
eval_runtime = 22.7141
eval_samples_per_second = 220.128
