eval_accuracy = 0.5564000010490417
eval_loss = 1.024841070175171
eval_mae = 0.5354
eval_runtime = 17.3165
eval_samples_per_second = 288.742
