eval_accuracy = 0.5583999752998352
eval_loss = 1.0785433053970337
eval_mae = 0.5308
eval_runtime = 19.2112
eval_samples_per_second = 260.265
