eval_accuracy = 0.5929999947547913
eval_loss = 1.008439302444458
eval_mae = 0.4692
eval_runtime = 16.5979
eval_samples_per_second = 301.243
