eval_accuracy = 0.5680000185966492
eval_loss = 1.0211451053619385
eval_mae = 0.5122
eval_runtime = 17.2647
eval_samples_per_second = 289.608
