eval_accuracy = 0.5935999751091003
eval_loss = 1.006321668624878
eval_mae = 0.4682
eval_runtime = 17.8204
eval_samples_per_second = 280.578
