eval_accuracy = 0.5789999961853027
eval_loss = 1.017345905303955
eval_mae = 0.483
eval_runtime = 17.3573
eval_samples_per_second = 288.063
