eval_accuracy = 0.6186000108718872
eval_loss = 0.9529281258583069
eval_mae = 0.4314
eval_runtime = 17.524
eval_samples_per_second = 285.322
