eval_accuracy = 0.5794000029563904
eval_loss = 1.0156580209732056
eval_mae = 0.4826
eval_runtime = 17.4415
eval_samples_per_second = 286.672
