eval_accuracy = 0.5037999749183655
eval_loss = 1.2304198741912842
eval_mae = 0.6238
eval_runtime = 18.5924
eval_samples_per_second = 268.927
