eval_accuracy = 0.4957999885082245
eval_loss = 1.2428251504898071
eval_mae = 0.6496
eval_runtime = 18.9787
eval_samples_per_second = 263.453
