eval_accuracy = 0.5794000029563904
eval_loss = 1.0172383785247803
eval_mae = 0.4828
eval_runtime = 16.4738
eval_samples_per_second = 303.513
