eval_accuracy = 0.5758000016212463
eval_loss = 1.0047684907913208
eval_mae = 0.4956
eval_runtime = 17.1388
eval_samples_per_second = 291.735
