eval_accuracy = 0.5001999735832214
eval_loss = 1.242085337638855
eval_mae = 0.5954
eval_runtime = 18.5985
eval_samples_per_second = 268.838
