eval_accuracy = 0.5892000198364258
eval_loss = 0.9489311575889587
eval_mae = 0.465
eval_runtime = 17.1958
eval_samples_per_second = 290.769
