eval_accuracy = 0.43959999084472656
eval_loss = 1.4421111345291138
eval_mae = 0.729
eval_runtime = 20.9743
eval_samples_per_second = 238.387
