eval_accuracy = 0.4970000088214874
eval_loss = 1.238540768623352
eval_mae = 0.6478
eval_runtime = 18.1617
eval_samples_per_second = 275.305
