eval_accuracy = 0.49900001287460327
eval_loss = 1.227922797203064
eval_mae = 0.6038
eval_runtime = 18.4155
eval_samples_per_second = 271.51
