eval_accuracy = 0.5479999780654907
eval_loss = 1.0866364240646362
eval_mae = 0.5408
eval_runtime = 33.7639
eval_samples_per_second = 148.087
