eval_accuracy = 0.506600022315979
eval_loss = 1.2281060218811035
eval_mae = 0.6208
eval_runtime = 20.4674
eval_samples_per_second = 244.291
