eval_accuracy = 0.5896000266075134
eval_loss = 0.9489771723747253
eval_mae = 0.4642
eval_runtime = 17.2155
eval_samples_per_second = 290.436
