eval_accuracy = 0.5058000087738037
eval_loss = 1.2300692796707153
eval_mae = 0.6224
eval_runtime = 34.5155
eval_samples_per_second = 144.863
