eval_accuracy = 0.47119998931884766
eval_loss = 1.3489408493041992
eval_mae = 0.6914
eval_runtime = 17.503
eval_samples_per_second = 285.665
