eval_accuracy = 0.4837999939918518
eval_loss = 1.3522891998291016
eval_mae = 0.6698
eval_runtime = 24.0049
eval_samples_per_second = 208.29
