eval_accuracy = 0.6065999865531921
eval_loss = 0.9489603638648987
eval_mae = 0.4492
eval_runtime = 18.9065
eval_samples_per_second = 264.46
