eval_accuracy = 0.5821999907493591
eval_loss = 0.9788812398910522
eval_mae = 0.488
eval_runtime = 16.9146
eval_samples_per_second = 295.603
