eval_accuracy = 0.5925999879837036
eval_loss = 0.947201669216156
eval_mae = 0.4708
eval_runtime = 18.6859
eval_samples_per_second = 267.581
