eval_accuracy = 0.5001999735832214
eval_loss = 1.2420070171356201
eval_mae = 0.5954
eval_runtime = 20.7342
eval_samples_per_second = 241.148
