eval_accuracy = 0.49639999866485596
eval_loss = 1.2407000064849854
eval_mae = 0.6468
eval_runtime = 18.6616
eval_samples_per_second = 267.93
