eval_accuracy = 0.46799999475479126
eval_loss = 1.338913083076477
eval_mae = 0.6888
eval_runtime = 20.7554
eval_samples_per_second = 240.901
