eval_accuracy = 0.5005999803543091
eval_loss = 1.1554150581359863
eval_mae = 0.5898
eval_runtime = 17.2821
eval_samples_per_second = 289.318
