eval_accuracy = 0.5813999772071838
eval_loss = 1.0187314748764038
eval_mae = 0.4934
eval_runtime = 23.6725
eval_samples_per_second = 211.215
