eval_accuracy = 0.4569999873638153
eval_loss = 1.3658790588378906
eval_mae = 0.7324
eval_runtime = 17.5539
eval_samples_per_second = 284.837
