eval_accuracy = 0.5898000001907349
eval_loss = 0.9485767483711243
eval_mae = 0.464
eval_runtime = 17.2964
eval_samples_per_second = 289.077
