eval_accuracy = 0.6043999791145325
eval_loss = 0.9460814595222473
eval_mae = 0.4574
eval_runtime = 17.2992
eval_samples_per_second = 289.031
