eval_accuracy = 0.5795999765396118
eval_loss = 1.0160568952560425
eval_mae = 0.4824
eval_runtime = 17.5121
eval_samples_per_second = 285.516
