eval_accuracy = 0.5577999949455261
eval_loss = 1.0853840112686157
eval_mae = 0.5314
eval_runtime = 22.4049
eval_samples_per_second = 223.166
