eval_accuracy = 0.6362000107765198
eval_loss = 0.8895352482795715
eval_mae = 0.4148
eval_runtime = 19.0801
eval_samples_per_second = 262.053
