eval_accuracy = 0.503600001335144
eval_loss = 1.1764549016952515
eval_mae = 0.5912
eval_runtime = 17.2914
eval_samples_per_second = 289.161
