eval_accuracy = 0.5278000235557556
eval_loss = 1.0523064136505127
eval_mae = 0.5688
eval_runtime = 16.253
eval_samples_per_second = 307.635
