eval_accuracy = 0.5559999942779541
eval_loss = 1.0801987648010254
eval_mae = 0.5652
eval_runtime = 18.7163
eval_samples_per_second = 267.148
