eval_accuracy = 0.4569999873638153
eval_loss = 1.3663991689682007
eval_mae = 0.7312
eval_runtime = 16.7424
eval_samples_per_second = 298.643
