eval_accuracy = 0.48100000619888306
eval_loss = 1.3919365406036377
eval_mae = 0.6732
eval_runtime = 20.3319
eval_samples_per_second = 245.919
