eval_accuracy = 0.5938000082969666
eval_loss = 0.9609160423278809
eval_mae = 0.4824
eval_runtime = 17.4031
eval_samples_per_second = 287.305
