eval_accuracy = 0.5676000118255615
eval_loss = 1.014830231666565
eval_mae = 0.5052
eval_runtime = 16.9988
eval_samples_per_second = 294.138
