eval_accuracy = 0.5564000010490417
eval_loss = 1.080483078956604
eval_mae = 0.5652
eval_runtime = 35.0407
eval_samples_per_second = 142.691
