eval_accuracy = 0.5705999732017517
eval_loss = 0.9905309677124023
eval_mae = 0.5074
eval_runtime = 16.2382
eval_samples_per_second = 307.915
