eval_accuracy = 0.5558000206947327
eval_loss = 1.0801249742507935
eval_mae = 0.5654
eval_runtime = 19.5349
eval_samples_per_second = 255.953
