eval_accuracy = 0.5938000082969666
eval_loss = 0.9472310543060303
eval_mae = 0.4678
eval_runtime = 18.6664
eval_samples_per_second = 267.86
