eval_accuracy = 0.579800009727478
eval_loss = 1.0211652517318726
eval_mae = 0.497
eval_runtime = 19.6069
eval_samples_per_second = 255.013
