eval_accuracy = 0.47679999470710754
eval_loss = 1.3135087490081787
eval_mae = 0.6712
eval_runtime = 19.7617
eval_samples_per_second = 253.015
