eval_accuracy = 0.5551999807357788
eval_loss = 1.0252193212509155
eval_mae = 0.5354
eval_runtime = 17.2412
eval_samples_per_second = 290.004
