eval_accuracy = 0.43779999017715454
eval_loss = 1.4456655979156494
eval_mae = 0.7316
eval_runtime = 19.7892
eval_samples_per_second = 252.664
