eval_accuracy = 0.5040000081062317
eval_loss = 1.17866849899292
eval_mae = 0.5908
eval_runtime = 17.344
eval_samples_per_second = 288.284
