eval_accuracy = 0.5288000106811523
eval_loss = 1.0544154644012451
eval_mae = 0.5688
eval_runtime = 16.8746
eval_samples_per_second = 296.304
