eval_accuracy = 0.5568000078201294
eval_loss = 1.0802242755889893
eval_mae = 0.5644
eval_runtime = 33.8949
eval_samples_per_second = 147.515
