eval_accuracy = 0.5741999745368958
eval_loss = 1.0699769258499146
eval_mae = 0.5084
eval_runtime = 17.0294
eval_samples_per_second = 293.609
