eval_accuracy = 0.5806000232696533
eval_loss = 1.0116242170333862
eval_mae = 0.4814
eval_runtime = 17.3671
eval_samples_per_second = 287.901
