eval_accuracy = 0.4580000042915344
eval_loss = 1.367139458656311
eval_mae = 0.732
eval_runtime = 17.5962
eval_samples_per_second = 284.153
