eval_accuracy = 0.5565999746322632
eval_loss = 1.080531358718872
eval_mae = 0.565
eval_runtime = 33.6631
eval_samples_per_second = 148.531
