eval_accuracy = 0.5565999746322632
eval_loss = 1.0634498596191406
eval_mae = 0.5222
eval_runtime = 18.4051
eval_samples_per_second = 271.664
