eval_accuracy = 0.5802000164985657
eval_loss = 1.0195223093032837
eval_mae = 0.498
eval_runtime = 23.0945
eval_samples_per_second = 216.502
