eval_accuracy = 0.5709999799728394
eval_loss = 0.9902512431144714
eval_mae = 0.5068
eval_runtime = 17.1146
eval_samples_per_second = 292.148
