eval_accuracy = 0.5005999803543091
eval_loss = 1.2297738790512085
eval_mae = 0.6004
eval_runtime = 18.8402
eval_samples_per_second = 265.39
