eval_accuracy = 0.483599990606308
eval_loss = 1.3529912233352661
eval_mae = 0.6714
eval_runtime = 18.4165
eval_samples_per_second = 271.495
