eval_accuracy = 0.5564000010490417
eval_loss = 1.0248485803604126
eval_mae = 0.5352
eval_runtime = 17.3378
eval_samples_per_second = 288.388
