eval_accuracy = 0.6064000129699707
eval_loss = 0.9498052597045898
eval_mae = 0.4498
eval_runtime = 18.3314
eval_samples_per_second = 272.756
