eval_accuracy = 0.506600022315979
eval_loss = 1.2290250062942505
eval_mae = 0.6208
eval_runtime = 18.9251
eval_samples_per_second = 264.199
