eval_accuracy = 0.5001999735832214
eval_loss = 1.2423752546310425
eval_mae = 0.5952
eval_runtime = 29.9341
eval_samples_per_second = 167.034
