eval_accuracy = 0.5802000164985657
eval_loss = 1.0120275020599365
eval_mae = 0.4818
eval_runtime = 17.3133
eval_samples_per_second = 288.795
