eval_accuracy = 0.5590000152587891
eval_loss = 1.0792995691299438
eval_mae = 0.5622
eval_runtime = 19.2301
eval_samples_per_second = 260.01
