eval_accuracy = 0.5576000213623047
eval_loss = 1.0796339511871338
eval_mae = 0.565
eval_runtime = 18.449
eval_samples_per_second = 271.017
