eval_accuracy = 0.5806000232696533
eval_loss = 1.0275744199752808
eval_mae = 0.4988
eval_runtime = 18.3274
eval_samples_per_second = 272.816
