eval_accuracy = 0.5794000029563904
eval_loss = 1.0173943042755127
eval_mae = 0.4828
eval_runtime = 17.6726
eval_samples_per_second = 282.924
