eval_accuracy = 0.5630000233650208
eval_loss = 1.0449433326721191
eval_mae = 0.5062
eval_runtime = 20.3816
eval_samples_per_second = 245.319
