eval_accuracy = 0.5785999894142151
eval_loss = 1.0166579484939575
eval_mae = 0.484
eval_runtime = 17.4807
eval_samples_per_second = 286.03
