eval_accuracy = 0.623199999332428
eval_loss = 0.9516707062721252
eval_mae = 0.4264
eval_runtime = 16.5116
eval_samples_per_second = 302.817
