eval_accuracy = 0.49900001287460327
eval_loss = 1.2278560400009155
eval_mae = 0.6044
eval_runtime = 18.4549
eval_samples_per_second = 270.93
