eval_accuracy = 0.5012000203132629
eval_loss = 1.1558579206466675
eval_mae = 0.5896
eval_runtime = 17.6633
eval_samples_per_second = 283.072
