eval_accuracy = 0.5821999907493591
eval_loss = 0.97866290807724
eval_mae = 0.488
eval_runtime = 16.7183
eval_samples_per_second = 299.073
