eval_accuracy = 0.5806000232696533
eval_loss = 1.0083826780319214
eval_mae = 0.481
eval_runtime = 17.3943
eval_samples_per_second = 287.45
