eval_accuracy = 0.5027999877929688
eval_loss = 1.1756800413131714
eval_mae = 0.5916
eval_runtime = 16.6371
eval_samples_per_second = 300.533
