eval_accuracy = 0.602400004863739
eval_loss = 0.9456949234008789
eval_mae = 0.4596
eval_runtime = 17.1775
eval_samples_per_second = 291.079
