eval_accuracy = 0.5473999977111816
eval_loss = 1.1478304862976074
eval_mae = 0.5846
eval_runtime = 16.5745
eval_samples_per_second = 301.668
