eval_accuracy = 0.4991999864578247
eval_loss = 1.2247498035430908
eval_mae = 0.601
eval_runtime = 18.8939
eval_samples_per_second = 264.636
