eval_accuracy = 0.5473999977111816
eval_loss = 1.086007833480835
eval_mae = 0.5412
eval_runtime = 18.2799
eval_samples_per_second = 273.524
