eval_accuracy = 0.4812000095844269
eval_loss = 1.391709566116333
eval_mae = 0.6734
eval_runtime = 23.0187
eval_samples_per_second = 217.214
