eval_accuracy = 0.5935999751091003
eval_loss = 1.0064342021942139
eval_mae = 0.468
eval_runtime = 17.2746
eval_samples_per_second = 289.442
