eval_accuracy = 0.5266000032424927
eval_loss = 1.05345618724823
eval_mae = 0.5722
eval_runtime = 16.7291
eval_samples_per_second = 298.88
