eval_accuracy = 0.5289999842643738
eval_loss = 1.0524080991744995
eval_mae = 0.5666
eval_runtime = 15.9349
eval_samples_per_second = 313.777
