eval_accuracy = 0.5928000211715698
eval_loss = 0.961068868637085
eval_mae = 0.4834
eval_runtime = 17.3462
eval_samples_per_second = 288.248
