eval_accuracy = 0.6367999911308289
eval_loss = 0.8895425796508789
eval_mae = 0.4142
eval_runtime = 20.6452
eval_samples_per_second = 242.187
