eval_accuracy = 0.5613999962806702
eval_loss = 1.0457605123519897
eval_mae = 0.5082
eval_runtime = 20.65
eval_samples_per_second = 242.13
