eval_accuracy = 0.5559999942779541
eval_loss = 1.0800193548202515
eval_mae = 0.5652
eval_runtime = 21.8664
eval_samples_per_second = 228.661
