eval_accuracy = 0.47859999537467957
eval_loss = 1.325400471687317
eval_mae = 0.6918
eval_runtime = 16.369
eval_samples_per_second = 305.456
