eval_accuracy = 0.5253999829292297
eval_loss = 1.0564827919006348
eval_mae = 0.5736
eval_runtime = 16.8772
eval_samples_per_second = 296.258
