eval_accuracy = 0.5001999735832214
eval_loss = 1.2270996570587158
eval_mae = 0.6018
eval_runtime = 18.3432
eval_samples_per_second = 272.581
