eval_accuracy = 0.5898000001907349
eval_loss = 0.9494580030441284
eval_mae = 0.4634
eval_runtime = 16.2754
eval_samples_per_second = 307.212
