eval_accuracy = 0.6061999797821045
eval_loss = 0.9459102749824524
eval_mae = 0.4556
eval_runtime = 17.336
eval_samples_per_second = 288.418
