eval_accuracy = 0.5289999842643738
eval_loss = 1.051573395729065
eval_mae = 0.5684
eval_runtime = 16.328
eval_samples_per_second = 306.223
