eval_accuracy = 0.5771999955177307
eval_loss = 1.0059396028518677
eval_mae = 0.495
eval_runtime = 17.5716
eval_samples_per_second = 284.55
