eval_accuracy = 0.5422000288963318
eval_loss = 1.0331681966781616
eval_mae = 0.546
eval_runtime = 17.5745
eval_samples_per_second = 284.503
