eval_accuracy = 0.5813999772071838
eval_loss = 1.0178868770599365
eval_mae = 0.494
eval_runtime = 21.3175
eval_samples_per_second = 234.549
