eval_accuracy = 0.5759999752044678
eval_loss = 1.0060433149337769
eval_mae = 0.496
eval_runtime = 16.3798
eval_samples_per_second = 305.253
