eval_accuracy = 0.5558000206947327
eval_loss = 1.080456256866455
eval_mae = 0.5656
eval_runtime = 25.3705
eval_samples_per_second = 197.079
