eval_accuracy = 0.579800009727478
eval_loss = 1.019649863243103
eval_mae = 0.495
eval_runtime = 23.4572
eval_samples_per_second = 213.154
