eval_accuracy = 0.5559999942779541
eval_loss = 1.0802044868469238
eval_mae = 0.5652
eval_runtime = 19.5942
eval_samples_per_second = 255.178
