eval_accuracy = 0.5442000031471252
eval_loss = 1.0286945104599
eval_mae = 0.5408
eval_runtime = 16.4374
eval_samples_per_second = 304.185
