eval_accuracy = 0.5740000009536743
eval_loss = 1.0069187879562378
eval_mae = 0.4972
eval_runtime = 17.3914
eval_samples_per_second = 287.499
