eval_accuracy = 0.4674000144004822
eval_loss = 1.3399720191955566
eval_mae = 0.6888
eval_runtime = 19.8023
eval_samples_per_second = 252.496
