eval_accuracy = 0.5026000142097473
eval_loss = 1.1805003881454468
eval_mae = 0.5936
eval_runtime = 16.6517
eval_samples_per_second = 300.27
