eval_accuracy = 0.5655999779701233
eval_loss = 1.0157636404037476
eval_mae = 0.5064
eval_runtime = 16.909
eval_samples_per_second = 295.7
