eval_accuracy = 0.5455999970436096
eval_loss = 1.029955506324768
eval_mae = 0.5398
eval_runtime = 16.6914
eval_samples_per_second = 299.556
