eval_accuracy = 0.5705999732017517
eval_loss = 1.0207427740097046
eval_mae = 0.5066
eval_runtime = 17.2999
eval_samples_per_second = 289.019
