eval_accuracy = 0.5807999968528748
eval_loss = 1.0187385082244873
eval_mae = 0.494
eval_runtime = 34.3329
eval_samples_per_second = 145.633
