eval_accuracy = 0.4397999942302704
eval_loss = 1.4427359104156494
eval_mae = 0.7292
eval_runtime = 21.721
eval_samples_per_second = 230.192
