eval_accuracy = 0.5813999772071838
eval_loss = 1.0177347660064697
eval_mae = 0.4804
eval_runtime = 16.8213
eval_samples_per_second = 297.243
