eval_accuracy = 0.49799999594688416
eval_loss = 1.2378326654434204
eval_mae = 0.6462
eval_runtime = 25.4587
eval_samples_per_second = 196.397
