eval_accuracy = 0.5690000057220459
eval_loss = 0.9904708862304688
eval_mae = 0.508
eval_runtime = 16.2522
eval_samples_per_second = 307.65
