eval_accuracy = 0.4586000144481659
eval_loss = 1.367908239364624
eval_mae = 0.7298
eval_runtime = 17.3685
eval_samples_per_second = 287.878
