eval_accuracy = 0.4814000129699707
eval_loss = 1.35129714012146
eval_mae = 0.6712
eval_runtime = 18.0872
eval_samples_per_second = 276.438
