eval_accuracy = 0.599399983882904
eval_loss = 0.9558890461921692
eval_mae = 0.4634
eval_runtime = 17.3229
eval_samples_per_second = 288.635
