eval_accuracy = 0.4837999939918518
eval_loss = 1.3529752492904663
eval_mae = 0.671
eval_runtime = 17.9067
eval_samples_per_second = 279.226
