eval_accuracy = 0.5651999711990356
eval_loss = 1.0141546726226807
eval_mae = 0.5074
eval_runtime = 17.0296
eval_samples_per_second = 293.607
