eval_accuracy = 0.5558000206947327
eval_loss = 1.0247299671173096
eval_mae = 0.5354
eval_runtime = 16.6358
eval_samples_per_second = 300.556
