eval_accuracy = 0.5928000211715698
eval_loss = 0.9481378793716431
eval_mae = 0.4702
eval_runtime = 18.7486
eval_samples_per_second = 266.687
