eval_accuracy = 0.5034000277519226
eval_loss = 1.1768527030944824
eval_mae = 0.5916
eval_runtime = 17.4019
eval_samples_per_second = 287.326
