eval_accuracy = 0.6366000175476074
eval_loss = 0.8897197246551514
eval_mae = 0.4146
eval_runtime = 20.0511
eval_samples_per_second = 249.363
