eval_accuracy = 0.5590000152587891
eval_loss = 1.049153208732605
eval_mae = 0.5116
eval_runtime = 18.446
eval_samples_per_second = 271.062
