eval_accuracy = 0.5794000029563904
eval_loss = 1.0109131336212158
eval_mae = 0.4828
eval_runtime = 17.4191
eval_samples_per_second = 287.041
