eval_accuracy = 0.5550000071525574
eval_loss = 1.0245425701141357
eval_mae = 0.536
eval_runtime = 17.3795
eval_samples_per_second = 287.696
