eval_accuracy = 0.6200000047683716
eval_loss = 0.9513700008392334
eval_mae = 0.429
eval_runtime = 17.3438
eval_samples_per_second = 288.288
