eval_accuracy = 0.506600022315979
eval_loss = 1.2288446426391602
eval_mae = 0.6206
eval_runtime = 18.8709
eval_samples_per_second = 264.959
