eval_accuracy = 0.5806000232696533
eval_loss = 0.9793562293052673
eval_mae = 0.4884
eval_runtime = 17.2474
eval_samples_per_second = 289.898
