eval_accuracy = 0.4821999967098236
eval_loss = 1.3530956506729126
eval_mae = 0.6722
eval_runtime = 20.3027
eval_samples_per_second = 246.272
