eval_accuracy = 0.5080000162124634
eval_loss = 1.2283225059509277
eval_mae = 0.6196
eval_runtime = 18.906
eval_samples_per_second = 264.467
