eval_accuracy = 0.5935999751091003
eval_loss = 0.9477955102920532
eval_mae = 0.4688
eval_runtime = 18.6916
eval_samples_per_second = 267.5
