eval_accuracy = 0.48399999737739563
eval_loss = 1.351580262184143
eval_mae = 0.6704
eval_runtime = 21.5007
eval_samples_per_second = 232.551
