eval_accuracy = 0.5789999961853027
eval_loss = 1.0175490379333496
eval_mae = 0.4832
eval_runtime = 17.5263
eval_samples_per_second = 285.286
