eval_accuracy = 0.5735999941825867
eval_loss = 1.0047340393066406
eval_mae = 0.4974
eval_runtime = 16.5284
eval_samples_per_second = 302.51
