eval_accuracy = 0.5705999732017517
eval_loss = 1.022143006324768
eval_mae = 0.5068
eval_runtime = 17.4215
eval_samples_per_second = 287.002
