eval_accuracy = 0.5925999879837036
eval_loss = 0.9607831239700317
eval_mae = 0.4834
eval_runtime = 17.3887
eval_samples_per_second = 287.544
