eval_accuracy = 0.48100000619888306
eval_loss = 1.3926283121109009
eval_mae = 0.6738
eval_runtime = 20.0526
eval_samples_per_second = 249.344
