eval_accuracy = 0.5759999752044678
eval_loss = 1.0059906244277954
eval_mae = 0.4952
eval_runtime = 17.2585
eval_samples_per_second = 289.712
