eval_accuracy = 0.5001999735832214
eval_loss = 1.242740273475647
eval_mae = 0.5952
eval_runtime = 21.8189
eval_samples_per_second = 229.16
