eval_accuracy = 0.6065999865531921
eval_loss = 0.9496398568153381
eval_mae = 0.4496
eval_runtime = 18.6617
eval_samples_per_second = 267.928
