eval_accuracy = 0.5917999744415283
eval_loss = 0.9614959955215454
eval_mae = 0.4842
eval_runtime = 17.3395
eval_samples_per_second = 288.359
