eval_accuracy = 0.5008000135421753
eval_loss = 1.1577259302139282
eval_mae = 0.591
eval_runtime = 17.3689
eval_samples_per_second = 287.871
