eval_accuracy = 0.501800000667572
eval_loss = 1.1770514249801636
eval_mae = 0.593
eval_runtime = 17.5429
eval_samples_per_second = 285.016
