eval_accuracy = 0.5813999772071838
eval_loss = 0.9780513644218445
eval_mae = 0.4888
eval_runtime = 17.2647
eval_samples_per_second = 289.609
