eval_accuracy = 0.5992000102996826
eval_loss = 0.9557810425758362
eval_mae = 0.4638
eval_runtime = 17.2931
eval_samples_per_second = 289.132
