eval_accuracy = 0.5934000015258789
eval_loss = 1.0083041191101074
eval_mae = 0.4688
eval_runtime = 17.2308
eval_samples_per_second = 290.178
