eval_accuracy = 0.5741999745368958
eval_loss = 1.0853521823883057
eval_mae = 0.5122
eval_runtime = 16.3559
eval_samples_per_second = 305.699
