eval_accuracy = 0.5920000076293945
eval_loss = 0.9492948055267334
eval_mae = 0.47
eval_runtime = 18.6931
eval_samples_per_second = 267.478
