eval_accuracy = 0.4803999960422516
eval_loss = 1.3931227922439575
eval_mae = 0.6754
eval_runtime = 23.0199
eval_samples_per_second = 217.204
