eval_accuracy = 0.5809999704360962
eval_loss = 1.010207176208496
eval_mae = 0.4802
eval_runtime = 17.3103
eval_samples_per_second = 288.846
