eval_accuracy = 0.5929999947547913
eval_loss = 0.9610922932624817
eval_mae = 0.4828
eval_runtime = 17.3886
eval_samples_per_second = 287.545
