eval_accuracy = 0.5698000192642212
eval_loss = 1.0223979949951172
eval_mae = 0.509
eval_runtime = 17.4805
eval_samples_per_second = 286.033
