eval_accuracy = 0.43959999084472656
eval_loss = 1.4433259963989258
eval_mae = 0.7296
eval_runtime = 18.8374
eval_samples_per_second = 265.429
