eval_accuracy = 0.5812000036239624
eval_loss = 1.0186169147491455
eval_mae = 0.4936
eval_runtime = 23.2424
eval_samples_per_second = 215.124
