eval_accuracy = 0.5942000150680542
eval_loss = 0.9467996954917908
eval_mae = 0.4676
eval_runtime = 18.8875
eval_samples_per_second = 264.726
