eval_accuracy = 0.5789999961853027
eval_loss = 1.0156700611114502
eval_mae = 0.4826
eval_runtime = 17.511
eval_samples_per_second = 285.535
