eval_accuracy = 0.5640000104904175
eval_loss = 1.0134403705596924
eval_mae = 0.5068
eval_runtime = 16.99
eval_samples_per_second = 294.291
