eval_accuracy = 0.5576000213623047
eval_loss = 1.062930703163147
eval_mae = 0.5206
eval_runtime = 18.3513
eval_samples_per_second = 272.46
