eval_accuracy = 0.548799991607666
eval_loss = 1.147705078125
eval_mae = 0.5828
eval_runtime = 17.7379
eval_samples_per_second = 281.883
