eval_accuracy = 0.49900001287460327
eval_loss = 1.1557259559631348
eval_mae = 0.5914
eval_runtime = 16.571
eval_samples_per_second = 301.731
