eval_accuracy = 0.5812000036239624
eval_loss = 0.9786638617515564
eval_mae = 0.4876
eval_runtime = 17.2832
eval_samples_per_second = 289.298
