eval_accuracy = 0.5699999928474426
eval_loss = 0.9907232522964478
eval_mae = 0.5076
eval_runtime = 16.9832
eval_samples_per_second = 294.409
