eval_accuracy = 0.46700000762939453
eval_loss = 1.3390449285507202
eval_mae = 0.6902
eval_runtime = 21.9679
eval_samples_per_second = 227.604
