eval_accuracy = 0.4812000095844269
eval_loss = 1.3926531076431274
eval_mae = 0.6734
eval_runtime = 36.5731
eval_samples_per_second = 136.713
