eval_accuracy = 0.576200008392334
eval_loss = 1.005935788154602
eval_mae = 0.4958
eval_runtime = 17.2283
eval_samples_per_second = 290.22
