eval_accuracy = 0.5616000294685364
eval_loss = 1.0453251600265503
eval_mae = 0.5076
eval_runtime = 17.819
eval_samples_per_second = 280.599
