eval_accuracy = 0.5483999848365784
eval_loss = 1.147438883781433
eval_mae = 0.5818
eval_runtime = 16.5578
eval_samples_per_second = 301.972
