eval_accuracy = 0.5774000287055969
eval_loss = 1.0002332925796509
eval_mae = 0.4924
eval_runtime = 17.2071
eval_samples_per_second = 290.578
