eval_accuracy = 0.6064000129699707
eval_loss = 0.9494832158088684
eval_mae = 0.45
eval_runtime = 18.4462
eval_samples_per_second = 271.059
