eval_accuracy = 0.5573999881744385
eval_loss = 1.0630786418914795
eval_mae = 0.5226
eval_runtime = 18.3051
eval_samples_per_second = 273.147
