eval_accuracy = 0.5698000192642212
eval_loss = 1.021104335784912
eval_mae = 0.5082
eval_runtime = 17.4971
eval_samples_per_second = 285.761
