eval_accuracy = 0.5694000124931335
eval_loss = 1.0217138528823853
eval_mae = 0.5092
eval_runtime = 17.3622
eval_samples_per_second = 287.981
