eval_accuracy = 0.5997999906539917
eval_loss = 0.9554265737533569
eval_mae = 0.4636
eval_runtime = 17.4992
eval_samples_per_second = 285.728
