eval_accuracy = 0.5577999949455261
eval_loss = 1.059706449508667
eval_mae = 0.5208
eval_runtime = 18.2991
eval_samples_per_second = 273.237
