eval_accuracy = 0.47600001096725464
eval_loss = 1.3425192832946777
eval_mae = 0.6936
eval_runtime = 16.1283
eval_samples_per_second = 310.014
