eval_accuracy = 0.4675999879837036
eval_loss = 1.3387261629104614
eval_mae = 0.6888
eval_runtime = 20.4526
eval_samples_per_second = 244.468
