eval_accuracy = 0.48399999737739563
eval_loss = 1.3524279594421387
eval_mae = 0.669
eval_runtime = 18.829
eval_samples_per_second = 265.548
