eval_accuracy = 0.58160001039505
eval_loss = 0.978697657585144
eval_mae = 0.4884
eval_runtime = 17.3233
eval_samples_per_second = 288.628
