eval_accuracy = 0.6014000177383423
eval_loss = 0.9359502196311951
eval_mae = 0.4544
eval_runtime = 16.3905
eval_samples_per_second = 305.055
