eval_accuracy = 0.5924000144004822
eval_loss = 0.9476467967033386
eval_mae = 0.4702
eval_runtime = 30.9067
eval_samples_per_second = 161.777
