eval_accuracy = 0.5766000151634216
eval_loss = 1.0061616897583008
eval_mae = 0.4948
eval_runtime = 17.194
eval_samples_per_second = 290.8
