eval_accuracy = 0.4726000130176544
eval_loss = 1.3482552766799927
eval_mae = 0.6892
eval_runtime = 16.6795
eval_samples_per_second = 299.769
