eval_accuracy = 0.5540000200271606
eval_loss = 1.0250763893127441
eval_mae = 0.5366
eval_runtime = 16.6549
eval_samples_per_second = 300.212
