eval_accuracy = 0.5928000211715698
eval_loss = 1.0077382326126099
eval_mae = 0.4688
eval_runtime = 17.3347
eval_samples_per_second = 288.438
