eval_accuracy = 0.49959999322891235
eval_loss = 1.1560581922531128
eval_mae = 0.5914
eval_runtime = 17.2688
eval_samples_per_second = 289.54
