eval_accuracy = 0.5817999839782715
eval_loss = 0.9794900417327881
eval_mae = 0.4868
eval_runtime = 17.2717
eval_samples_per_second = 289.491
