eval_accuracy = 0.5947999954223633
eval_loss = 0.9469935297966003
eval_mae = 0.4654
eval_runtime = 18.2711
eval_samples_per_second = 273.656
