eval_accuracy = 0.6075999736785889
eval_loss = 0.9444133043289185
eval_mae = 0.4532
eval_runtime = 16.4281
eval_samples_per_second = 304.357
