eval_accuracy = 0.5577999949455261
eval_loss = 1.063094139099121
eval_mae = 0.5214
eval_runtime = 19.4356
eval_samples_per_second = 257.259
