eval_accuracy = 0.5929999947547913
eval_loss = 1.0065447092056274
eval_mae = 0.4686
eval_runtime = 17.4083
eval_samples_per_second = 287.219
