eval_accuracy = 0.46779999136924744
eval_loss = 1.2991867065429688
eval_mae = 0.6826
eval_runtime = 33.2931
eval_samples_per_second = 150.181
