eval_accuracy = 0.5789999961853027
eval_loss = 1.0180342197418213
eval_mae = 0.4952
eval_runtime = 19.0858
eval_samples_per_second = 261.974
