eval_accuracy = 0.5803999900817871
eval_loss = 1.017466425895691
eval_mae = 0.4822
eval_runtime = 17.5879
eval_samples_per_second = 284.286
