eval_accuracy = 0.5546000003814697
eval_loss = 1.025193691253662
eval_mae = 0.5364
eval_runtime = 17.2942
eval_samples_per_second = 289.114
