eval_accuracy = 0.5005999803543091
eval_loss = 1.1552796363830566
eval_mae = 0.5898
eval_runtime = 17.2865
eval_samples_per_second = 289.243
