eval_accuracy = 0.5654000043869019
eval_loss = 1.0142889022827148
eval_mae = 0.5074
eval_runtime = 16.9655
eval_samples_per_second = 294.716
