eval_accuracy = 0.5924000144004822
eval_loss = 0.9476800560951233
eval_mae = 0.4704
eval_runtime = 36.0186
eval_samples_per_second = 138.817
