eval_accuracy = 0.5669999718666077
eval_loss = 1.0184204578399658
eval_mae = 0.5064
eval_runtime = 16.3952
eval_samples_per_second = 304.967
