eval_accuracy = 0.6074000000953674
eval_loss = 0.9491017460823059
eval_mae = 0.4484
eval_runtime = 18.7416
eval_samples_per_second = 266.786
