eval_accuracy = 0.5726000070571899
eval_loss = 0.9898898601531982
eval_mae = 0.5056
eval_runtime = 16.4363
eval_samples_per_second = 304.205
