eval_accuracy = 0.5546000003814697
eval_loss = 1.024507761001587
eval_mae = 0.5376
eval_runtime = 17.3471
eval_samples_per_second = 288.233
