eval_accuracy = 0.5582000017166138
eval_loss = 1.063166618347168
eval_mae = 0.5204
eval_runtime = 18.3297
eval_samples_per_second = 272.781
