eval_accuracy = 0.5824000239372253
eval_loss = 0.9789205193519592
eval_mae = 0.4878
eval_runtime = 17.3529
eval_samples_per_second = 288.136
