eval_accuracy = 0.6215999722480774
eval_loss = 0.9504404067993164
eval_mae = 0.4278
eval_runtime = 17.3737
eval_samples_per_second = 287.792
