eval_accuracy = 0.5666000247001648
eval_loss = 0.9891068339347839
eval_mae = 0.5076
eval_runtime = 16.2348
eval_samples_per_second = 307.98
