eval_accuracy = 0.5825999975204468
eval_loss = 0.9778990149497986
eval_mae = 0.4874
eval_runtime = 17.2969
eval_samples_per_second = 289.07
