eval_accuracy = 0.5745999813079834
eval_loss = 1.0849902629852295
eval_mae = 0.5108
eval_runtime = 16.4399
eval_samples_per_second = 304.138
