eval_accuracy = 0.5447999835014343
eval_loss = 1.0295521020889282
eval_mae = 0.5398
eval_runtime = 16.9317
eval_samples_per_second = 295.304
