eval_accuracy = 0.5023999810218811
eval_loss = 1.176902413368225
eval_mae = 0.5922
eval_runtime = 16.7299
eval_samples_per_second = 298.867
