eval_accuracy = 0.46799999475479126
eval_loss = 1.3389697074890137
eval_mae = 0.6892
eval_runtime = 25.086
eval_samples_per_second = 199.314
