eval_accuracy = 0.557200014591217
eval_loss = 1.0261627435684204
eval_mae = 0.5362
eval_runtime = 17.2027
eval_samples_per_second = 290.652
