eval_accuracy = 0.592199981212616
eval_loss = 0.9472835659980774
eval_mae = 0.4706
eval_runtime = 18.9837
eval_samples_per_second = 263.384
