eval_accuracy = 0.46799999475479126
eval_loss = 1.2966231107711792
eval_mae = 0.6814
eval_runtime = 33.351
eval_samples_per_second = 149.921
