eval_accuracy = 0.5767999887466431
eval_loss = 1.0042381286621094
eval_mae = 0.4938
eval_runtime = 17.3673
eval_samples_per_second = 287.898
