eval_accuracy = 0.4390000104904175
eval_loss = 1.442110538482666
eval_mae = 0.726
eval_runtime = 19.3576
eval_samples_per_second = 258.296
