eval_accuracy = 0.5703999996185303
eval_loss = 0.9912985563278198
eval_mae = 0.5082
eval_runtime = 16.4087
eval_samples_per_second = 304.716
