eval_accuracy = 0.579200029373169
eval_loss = 1.011897087097168
eval_mae = 0.4828
eval_runtime = 17.4547
eval_samples_per_second = 286.455
