eval_accuracy = 0.6370000243186951
eval_loss = 0.8889445066452026
eval_mae = 0.414
eval_runtime = 20.1167
eval_samples_per_second = 248.55
