eval_accuracy = 0.4722000062465668
eval_loss = 1.3474037647247314
eval_mae = 0.6904
eval_runtime = 17.2772
eval_samples_per_second = 289.399
