eval_accuracy = 0.5935999751091003
eval_loss = 0.9486458897590637
eval_mae = 0.469
eval_runtime = 18.3047
eval_samples_per_second = 273.154
