eval_accuracy = 0.5907999873161316
eval_loss = 0.9473517537117004
eval_mae = 0.4614
eval_runtime = 16.5893
eval_samples_per_second = 301.4
