eval_accuracy = 0.5447999835014343
eval_loss = 1.1452233791351318
eval_mae = 0.5812
eval_runtime = 16.4609
eval_samples_per_second = 303.75
