eval_accuracy = 0.5001999735832214
eval_loss = 1.2410142421722412
eval_mae = 0.5956
eval_runtime = 21.8404
eval_samples_per_second = 228.934
