eval_accuracy = 0.475600004196167
eval_loss = 1.342668890953064
eval_mae = 0.694
eval_runtime = 17.0057
eval_samples_per_second = 294.02
