eval_accuracy = 0.605400025844574
eval_loss = 0.9468360543251038
eval_mae = 0.457
eval_runtime = 17.3013
eval_samples_per_second = 288.995
