eval_accuracy = 0.5425999760627747
eval_loss = 1.0295343399047852
eval_mae = 0.5426
eval_runtime = 16.5202
eval_samples_per_second = 302.659
