eval_accuracy = 0.5565999746322632
eval_loss = 1.0801365375518799
eval_mae = 0.5646
eval_runtime = 25.9028
eval_samples_per_second = 193.03
