eval_accuracy = 0.49939998984336853
eval_loss = 1.2423995733261108
eval_mae = 0.5952
eval_runtime = 18.6884
eval_samples_per_second = 267.546
