eval_accuracy = 0.5932000279426575
eval_loss = 0.9608337879180908
eval_mae = 0.4828
eval_runtime = 17.3018
eval_samples_per_second = 288.987
