eval_accuracy = 0.5482000112533569
eval_loss = 1.085960865020752
eval_mae = 0.5406
eval_runtime = 34.17
eval_samples_per_second = 146.327
