eval_accuracy = 0.5446000099182129
eval_loss = 1.0727951526641846
eval_mae = 0.543
eval_runtime = 19.5022
eval_samples_per_second = 256.382
