eval_accuracy = 0.5640000104904175
eval_loss = 1.0150470733642578
eval_mae = 0.5066
eval_runtime = 17.0648
eval_samples_per_second = 293.001
