eval_accuracy = 0.43959999084472656
eval_loss = 1.443804144859314
eval_mae = 0.729
eval_runtime = 20.7106
eval_samples_per_second = 241.422
