eval_accuracy = 0.5586000084877014
eval_loss = 1.0617321729660034
eval_mae = 0.5198
eval_runtime = 18.4625
eval_samples_per_second = 270.82
