eval_accuracy = 0.5267999768257141
eval_loss = 1.0538324117660522
eval_mae = 0.5702
eval_runtime = 16.3813
eval_samples_per_second = 305.225
