eval_accuracy = 0.5934000015258789
eval_loss = 0.9478073120117188
eval_mae = 0.469
eval_runtime = 18.6857
eval_samples_per_second = 267.584
