eval_accuracy = 0.5712000131607056
eval_loss = 0.991994321346283
eval_mae = 0.5072
eval_runtime = 16.9843
eval_samples_per_second = 294.39
