eval_accuracy = 0.5648000240325928
eval_loss = 1.014188528060913
eval_mae = 0.5068
eval_runtime = 16.3342
eval_samples_per_second = 306.106
