eval_accuracy = 0.49939998984336853
eval_loss = 1.1562480926513672
eval_mae = 0.5912
eval_runtime = 17.2372
eval_samples_per_second = 290.07
