eval_accuracy = 0.5758000016212463
eval_loss = 1.0052692890167236
eval_mae = 0.4948
eval_runtime = 16.418
eval_samples_per_second = 304.543
