eval_accuracy = 0.5491999983787537
eval_loss = 1.1473463773727417
eval_mae = 0.5816
eval_runtime = 17.385
eval_samples_per_second = 287.605
