eval_accuracy = 0.58160001039505
eval_loss = 0.9789975881576538
eval_mae = 0.488
eval_runtime = 17.3686
eval_samples_per_second = 287.876
