eval_accuracy = 0.620199978351593
eval_loss = 0.9498318433761597
eval_mae = 0.43
eval_runtime = 17.507
eval_samples_per_second = 285.601
