eval_accuracy = 0.5924000144004822
eval_loss = 0.948204517364502
eval_mae = 0.4612
eval_runtime = 17.2347
eval_samples_per_second = 290.113
