eval_accuracy = 0.5559999942779541
eval_loss = 1.0800527334213257
eval_mae = 0.5652
eval_runtime = 18.8845
eval_samples_per_second = 264.768
