eval_accuracy = 0.4406000077724457
eval_loss = 1.4432587623596191
eval_mae = 0.7282
eval_runtime = 23.3751
eval_samples_per_second = 213.903
