eval_accuracy = 0.5942000150680542
eval_loss = 0.9603398442268372
eval_mae = 0.4822
eval_runtime = 17.3979
eval_samples_per_second = 287.392
