eval_accuracy = 0.5541999936103821
eval_loss = 1.0810468196868896
eval_mae = 0.5666
eval_runtime = 19.8011
eval_samples_per_second = 252.511
