eval_accuracy = 0.5756000280380249
eval_loss = 1.00544011592865
eval_mae = 0.496
eval_runtime = 17.159
eval_samples_per_second = 291.393
