eval_accuracy = 0.48339998722076416
eval_loss = 1.352226972579956
eval_mae = 0.6706
eval_runtime = 17.8112
eval_samples_per_second = 280.722
