eval_accuracy = 0.5472000241279602
eval_loss = 1.0858796834945679
eval_mae = 0.5418
eval_runtime = 18.2392
eval_samples_per_second = 274.134
