eval_accuracy = 0.5576000213623047
eval_loss = 1.0631316900253296
eval_mae = 0.5212
eval_runtime = 18.4128
eval_samples_per_second = 271.55
