eval_accuracy = 0.5914000272750854
eval_loss = 1.0062084197998047
eval_mae = 0.4698
eval_runtime = 17.3392
eval_samples_per_second = 288.364
