eval_accuracy = 0.4586000144481659
eval_loss = 1.3679355382919312
eval_mae = 0.73
eval_runtime = 17.3198
eval_samples_per_second = 288.687
