eval_accuracy = 0.5547999739646912
eval_loss = 1.024527907371521
eval_mae = 0.5374
eval_runtime = 16.6239
eval_samples_per_second = 300.772
