eval_accuracy = 0.58160001039505
eval_loss = 1.0186916589736938
eval_mae = 0.4802
eval_runtime = 18.3605
eval_samples_per_second = 272.324
