eval_accuracy = 0.5914000272750854
eval_loss = 1.0075843334197998
eval_mae = 0.4698
eval_runtime = 17.3274
eval_samples_per_second = 288.561
