eval_accuracy = 0.5788000226020813
eval_loss = 1.0180559158325195
eval_mae = 0.483
eval_runtime = 17.4457
eval_samples_per_second = 286.603
