eval_accuracy = 0.5703999996185303
eval_loss = 1.0221589803695679
eval_mae = 0.5064
eval_runtime = 16.8475
eval_samples_per_second = 296.78
