eval_accuracy = 0.5541999936103821
eval_loss = 1.025227665901184
eval_mae = 0.5372
eval_runtime = 16.5272
eval_samples_per_second = 302.531
