eval_accuracy = 0.6367999911308289
eval_loss = 0.8895037174224854
eval_mae = 0.4142
eval_runtime = 31.7548
eval_samples_per_second = 157.457
