eval_accuracy = 0.5271999835968018
eval_loss = 1.0529865026474
eval_mae = 0.5698
eval_runtime = 16.506
eval_samples_per_second = 302.921
