eval_accuracy = 0.5099999904632568
eval_loss = 1.213156819343567
eval_mae = 0.6156
eval_runtime = 18.6395
eval_samples_per_second = 268.247
