eval_accuracy = 0.5266000032424927
eval_loss = 1.054595947265625
eval_mae = 0.5712
eval_runtime = 16.3768
eval_samples_per_second = 305.311
