eval_accuracy = 0.6018000245094299
eval_loss = 0.9358685612678528
eval_mae = 0.4546
eval_runtime = 16.5699
eval_samples_per_second = 301.751
