eval_accuracy = 0.5763999819755554
eval_loss = 1.0056631565093994
eval_mae = 0.4956
eval_runtime = 16.4964
eval_samples_per_second = 303.097
