eval_accuracy = 0.5490000247955322
eval_loss = 1.1469552516937256
eval_mae = 0.5822
eval_runtime = 17.44
eval_samples_per_second = 286.696
