eval_accuracy = 0.576200008392334
eval_loss = 1.005841851234436
eval_mae = 0.4958
eval_runtime = 17.2046
eval_samples_per_second = 290.621
