eval_accuracy = 0.5812000036239624
eval_loss = 1.018649935722351
eval_mae = 0.4936
eval_runtime = 30.3986
eval_samples_per_second = 164.481
