eval_accuracy = 0.574999988079071
eval_loss = 1.0052721500396729
eval_mae = 0.4966
eval_runtime = 17.4364
eval_samples_per_second = 286.756
