eval_accuracy = 0.5004000067710876
eval_loss = 1.242297649383545
eval_mae = 0.5952
eval_runtime = 31.4784
eval_samples_per_second = 158.839
