eval_accuracy = 0.6075999736785889
eval_loss = 0.9506158232688904
eval_mae = 0.4482
eval_runtime = 17.8858
eval_samples_per_second = 279.552
