eval_accuracy = 0.607200026512146
eval_loss = 0.9491611123085022
eval_mae = 0.449
eval_runtime = 18.9646
eval_samples_per_second = 263.65
