eval_accuracy = 0.5766000151634216
eval_loss = 1.0051442384719849
eval_mae = 0.495
eval_runtime = 17.2555
eval_samples_per_second = 289.762
