eval_accuracy = 0.5555999875068665
eval_loss = 1.0260471105575562
eval_mae = 0.5378
eval_runtime = 17.4136
eval_samples_per_second = 287.132
