eval_accuracy = 0.5781999826431274
eval_loss = 1.0197811126708984
eval_mae = 0.484
eval_runtime = 16.9219
eval_samples_per_second = 295.475
