eval_accuracy = 0.5907999873161316
eval_loss = 0.9466185569763184
eval_mae = 0.4714
eval_runtime = 18.9937
eval_samples_per_second = 263.245
