eval_accuracy = 0.545199990272522
eval_loss = 1.1462980508804321
eval_mae = 0.5824
eval_runtime = 17.506
eval_samples_per_second = 285.616
