eval_accuracy = 0.5884000062942505
eval_loss = 0.9494168162345886
eval_mae = 0.466
eval_runtime = 17.0895
eval_samples_per_second = 292.577
