eval_accuracy = 0.5716000199317932
eval_loss = 0.9906712770462036
eval_mae = 0.506
eval_runtime = 16.1934
eval_samples_per_second = 308.769
