eval_accuracy = 0.5564000010490417
eval_loss = 1.0803982019424438
eval_mae = 0.5648
eval_runtime = 20.115
eval_samples_per_second = 248.571
