eval_accuracy = 0.49799999594688416
eval_loss = 1.2381680011749268
eval_mae = 0.6468
eval_runtime = 21.7073
eval_samples_per_second = 230.338
