eval_accuracy = 0.5031999945640564
eval_loss = 1.1774669885635376
eval_mae = 0.5914
eval_runtime = 17.2833
eval_samples_per_second = 289.297
