eval_accuracy = 0.5008000135421753
eval_loss = 1.1842447519302368
eval_mae = 0.5944
eval_runtime = 17.4439
eval_samples_per_second = 286.634
