eval_accuracy = 0.593999981880188
eval_loss = 0.9606597423553467
eval_mae = 0.4818
eval_runtime = 17.5345
eval_samples_per_second = 285.152
