eval_accuracy = 0.5924000144004822
eval_loss = 0.961031436920166
eval_mae = 0.484
eval_runtime = 17.6074
eval_samples_per_second = 283.971
