eval_accuracy = 0.5947999954223633
eval_loss = 1.0070571899414062
eval_mae = 0.466
eval_runtime = 17.2451
eval_samples_per_second = 289.938
