eval_accuracy = 0.6010000109672546
eval_loss = 0.9357904195785522
eval_mae = 0.455
eval_runtime = 17.0801
eval_samples_per_second = 292.738
