eval_accuracy = 0.58160001039505
eval_loss = 1.0143014192581177
eval_mae = 0.481
eval_runtime = 17.4458
eval_samples_per_second = 286.602
