eval_accuracy = 0.5795999765396118
eval_loss = 1.017699956893921
eval_mae = 0.4822
eval_runtime = 16.4174
eval_samples_per_second = 304.554
