eval_accuracy = 0.6046000123023987
eval_loss = 0.9442890882492065
eval_mae = 0.4588
eval_runtime = 17.2521
eval_samples_per_second = 289.82
