eval_accuracy = 0.5788000226020813
eval_loss = 1.0171905755996704
eval_mae = 0.4834
eval_runtime = 17.6449
eval_samples_per_second = 283.367
