eval_accuracy = 0.5789999961853027
eval_loss = 1.0176215171813965
eval_mae = 0.4836
eval_runtime = 17.4858
eval_samples_per_second = 285.946
