eval_accuracy = 0.49959999322891235
eval_loss = 1.15382981300354
eval_mae = 0.5924
eval_runtime = 16.6529
eval_samples_per_second = 300.247
