eval_accuracy = 0.5558000206947327
eval_loss = 1.0225157737731934
eval_mae = 0.5356
eval_runtime = 17.4052
eval_samples_per_second = 287.27
