eval_accuracy = 0.46779999136924744
eval_loss = 1.3423421382904053
eval_mae = 0.6888
eval_runtime = 21.0235
eval_samples_per_second = 237.829
