eval_accuracy = 0.5824000239372253
eval_loss = 0.9783769249916077
eval_mae = 0.487
eval_runtime = 17.2773
eval_samples_per_second = 289.397
