eval_accuracy = 0.6079999804496765
eval_loss = 0.9496243000030518
eval_mae = 0.4486
eval_runtime = 21.2871
eval_samples_per_second = 234.884
