eval_accuracy = 0.5703999996185303
eval_loss = 0.9907357692718506
eval_mae = 0.5084
eval_runtime = 15.8208
eval_samples_per_second = 316.04
