eval_accuracy = 0.5708000063896179
eval_loss = 1.021803855895996
eval_mae = 0.5086
eval_runtime = 16.6723
eval_samples_per_second = 299.898
