eval_accuracy = 0.5266000032424927
eval_loss = 1.053832769393921
eval_mae = 0.5702
eval_runtime = 16.2865
eval_samples_per_second = 307.004
