eval_accuracy = 0.4697999954223633
eval_loss = 1.297156572341919
eval_mae = 0.682
eval_runtime = 20.5457
eval_samples_per_second = 243.36
