eval_accuracy = 0.576200008392334
eval_loss = 1.0062204599380493
eval_mae = 0.4956
eval_runtime = 17.2066
eval_samples_per_second = 290.586
