eval_accuracy = 0.557200014591217
eval_loss = 1.0624382495880127
eval_mae = 0.5218
eval_runtime = 18.3263
eval_samples_per_second = 272.832
