eval_accuracy = 0.5027999877929688
eval_loss = 1.1760445833206177
eval_mae = 0.5924
eval_runtime = 16.723
eval_samples_per_second = 298.989
