eval_accuracy = 0.5681999921798706
eval_loss = 1.0207232236862183
eval_mae = 0.5116
eval_runtime = 17.4546
eval_samples_per_second = 286.458
