eval_accuracy = 0.5685999989509583
eval_loss = 1.0210195779800415
eval_mae = 0.5094
eval_runtime = 16.6687
eval_samples_per_second = 299.964
