eval_accuracy = 0.5651999711990356
eval_loss = 1.0146729946136475
eval_mae = 0.5076
eval_runtime = 18.4595
eval_samples_per_second = 270.864
