eval_accuracy = 0.5758000016212463
eval_loss = 1.0056859254837036
eval_mae = 0.4962
eval_runtime = 18.4624
eval_samples_per_second = 270.82
