eval_accuracy = 0.599399983882904
eval_loss = 0.9555887579917908
eval_mae = 0.4636
eval_runtime = 18.5496
eval_samples_per_second = 269.547
