eval_accuracy = 0.48159998655319214
eval_loss = 1.3578319549560547
eval_mae = 0.6744
eval_runtime = 18.1953
eval_samples_per_second = 274.796
