eval_accuracy = 0.6007999777793884
eval_loss = 0.9333581328392029
eval_mae = 0.4538
eval_runtime = 16.385
eval_samples_per_second = 305.158
