eval_accuracy = 0.4968000054359436
eval_loss = 1.2387515306472778
eval_mae = 0.648
eval_runtime = 35.1323
eval_samples_per_second = 142.319
