eval_accuracy = 0.43860000371932983
eval_loss = 1.4433752298355103
eval_mae = 0.731
eval_runtime = 18.5803
eval_samples_per_second = 269.102
