eval_accuracy = 0.4578000009059906
eval_loss = 1.36771559715271
eval_mae = 0.7314
eval_runtime = 16.4076
eval_samples_per_second = 304.737
