eval_accuracy = 0.6011999845504761
eval_loss = 0.9353349804878235
eval_mae = 0.4544
eval_runtime = 16.9999
eval_samples_per_second = 294.119
