eval_accuracy = 0.5612000226974487
eval_loss = 1.0460190773010254
eval_mae = 0.508
eval_runtime = 18.4291
eval_samples_per_second = 271.31
