eval_accuracy = 0.4708000123500824
eval_loss = 1.289700984954834
eval_mae = 0.6752
eval_runtime = 35.4299
eval_samples_per_second = 141.124
