eval_accuracy = 0.5997999906539917
eval_loss = 0.9575109481811523
eval_mae = 0.4634
eval_runtime = 17.3702
eval_samples_per_second = 287.849
