eval_accuracy = 0.5616000294685364
eval_loss = 1.045013427734375
eval_mae = 0.508
eval_runtime = 17.944
eval_samples_per_second = 278.645
