eval_accuracy = 0.5059999823570251
eval_loss = 1.228653073310852
eval_mae = 0.6214
eval_runtime = 19.1359
eval_samples_per_second = 261.289
