eval_accuracy = 0.5063999891281128
eval_loss = 1.2291635274887085
eval_mae = 0.6212
eval_runtime = 18.9091
eval_samples_per_second = 264.423
