eval_accuracy = 0.5789999961853027
eval_loss = 1.0175395011901855
eval_mae = 0.4834
eval_runtime = 17.4799
eval_samples_per_second = 286.043
