eval_accuracy = 0.5899999737739563
eval_loss = 0.9467964768409729
eval_mae = 0.4638
eval_runtime = 16.5733
eval_samples_per_second = 301.69
