eval_accuracy = 0.4674000144004822
eval_loss = 1.3389818668365479
eval_mae = 0.689
eval_runtime = 20.829
eval_samples_per_second = 240.05
