eval_accuracy = 0.5935999751091003
eval_loss = 0.9593308568000793
eval_mae = 0.4832
eval_runtime = 17.4719
eval_samples_per_second = 286.174
