eval_accuracy = 0.5910000205039978
eval_loss = 0.948630690574646
eval_mae = 0.4622
eval_runtime = 16.8245
eval_samples_per_second = 297.185
