eval_accuracy = 0.48080000281333923
eval_loss = 1.39252769947052
eval_mae = 0.674
eval_runtime = 20.5276
eval_samples_per_second = 243.574
