eval_accuracy = 0.5722000002861023
eval_loss = 1.0808881521224976
eval_mae = 0.5128
eval_runtime = 16.4999
eval_samples_per_second = 303.032
