eval_accuracy = 0.5748000144958496
eval_loss = 1.0828574895858765
eval_mae = 0.5088
eval_runtime = 16.5371
eval_samples_per_second = 302.35
