eval_accuracy = 0.5785999894142151
eval_loss = 1.0179100036621094
eval_mae = 0.4836
eval_runtime = 17.469
eval_samples_per_second = 286.221
