eval_accuracy = 0.5564000010490417
eval_loss = 1.0625966787338257
eval_mae = 0.5228
eval_runtime = 18.3567
eval_samples_per_second = 272.38
