eval_accuracy = 0.599399983882904
eval_loss = 0.9555052518844604
eval_mae = 0.4634
eval_runtime = 17.3148
eval_samples_per_second = 288.77
