eval_accuracy = 0.4745999872684479
eval_loss = 1.3428759574890137
eval_mae = 0.694
eval_runtime = 16.3252
eval_samples_per_second = 306.275
