eval_accuracy = 0.5803999900817871
eval_loss = 1.0171914100646973
eval_mae = 0.4804
eval_runtime = 16.502
eval_samples_per_second = 302.994
