eval_accuracy = 0.5576000213623047
eval_loss = 1.0791089534759521
eval_mae = 0.532
eval_runtime = 18.5604
eval_samples_per_second = 269.391
