eval_accuracy = 0.5758000016212463
eval_loss = 1.004034399986267
eval_mae = 0.4956
eval_runtime = 17.268
eval_samples_per_second = 289.554
