eval_accuracy = 0.5722000002861023
eval_loss = 0.9908134937286377
eval_mae = 0.5052
eval_runtime = 16.1837
eval_samples_per_second = 308.953
