eval_accuracy = 0.5989999771118164
eval_loss = 0.9554172158241272
eval_mae = 0.4638
eval_runtime = 17.4008
eval_samples_per_second = 287.343
