eval_accuracy = 0.4697999954223633
eval_loss = 1.292076587677002
eval_mae = 0.6804
eval_runtime = 35.0455
eval_samples_per_second = 142.672
