eval_accuracy = 0.5040000081062317
eval_loss = 1.1750845909118652
eval_mae = 0.5912
eval_runtime = 17.4536
eval_samples_per_second = 286.474
