eval_accuracy = 0.46779999136924744
eval_loss = 1.338870644569397
eval_mae = 0.6888
eval_runtime = 19.7857
eval_samples_per_second = 252.707
