eval_accuracy = 0.47279998660087585
eval_loss = 1.3485115766525269
eval_mae = 0.6924
eval_runtime = 17.2705
eval_samples_per_second = 289.511
