eval_accuracy = 0.5799999833106995
eval_loss = 1.0110750198364258
eval_mae = 0.4828
eval_runtime = 17.3545
eval_samples_per_second = 288.11
