eval_accuracy = 0.4991999864578247
eval_loss = 1.1558560132980347
eval_mae = 0.592
eval_runtime = 17.3952
eval_samples_per_second = 287.436
