eval_accuracy = 0.46720001101493835
eval_loss = 1.3395360708236694
eval_mae = 0.6892
eval_runtime = 29.6989
eval_samples_per_second = 168.357
