eval_accuracy = 0.5813999772071838
eval_loss = 1.018012285232544
eval_mae = 0.494
eval_runtime = 31.1068
eval_samples_per_second = 160.736
