eval_accuracy = 0.5759999752044678
eval_loss = 1.0028191804885864
eval_mae = 0.4952
eval_runtime = 17.176
eval_samples_per_second = 291.104
