eval_accuracy = 0.599399983882904
eval_loss = 0.9338277578353882
eval_mae = 0.4566
eval_runtime = 15.9922
eval_samples_per_second = 312.652
