eval_accuracy = 0.46799999475479126
eval_loss = 1.2967066764831543
eval_mae = 0.6812
eval_runtime = 19.2504
eval_samples_per_second = 259.735
