eval_accuracy = 0.5691999793052673
eval_loss = 1.0215927362442017
eval_mae = 0.509
eval_runtime = 16.8546
eval_samples_per_second = 296.654
