eval_accuracy = 0.5271999835968018
eval_loss = 1.0538808107376099
eval_mae = 0.5704
eval_runtime = 16.2995
eval_samples_per_second = 306.758
