eval_accuracy = 0.5906000137329102
eval_loss = 0.9486668109893799
eval_mae = 0.4634
eval_runtime = 17.2727
eval_samples_per_second = 289.474
