eval_accuracy = 0.5928000211715698
eval_loss = 0.9481269717216492
eval_mae = 0.4694
eval_runtime = 22.215
eval_samples_per_second = 225.073
