eval_accuracy = 0.5709999799728394
eval_loss = 1.0231492519378662
eval_mae = 0.5072
eval_runtime = 17.302
eval_samples_per_second = 288.984
