eval_accuracy = 0.503600001335144
eval_loss = 1.245226263999939
eval_mae = 0.5928
eval_runtime = 21.444
eval_samples_per_second = 233.165
