eval_accuracy = 0.5770000219345093
eval_loss = 1.004022240638733
eval_mae = 0.494
eval_runtime = 16.3804
eval_samples_per_second = 305.243
