eval_accuracy = 0.574999988079071
eval_loss = 1.0853033065795898
eval_mae = 0.5108
eval_runtime = 16.9444
eval_samples_per_second = 295.083
