eval_accuracy = 0.5799999833106995
eval_loss = 1.0112112760543823
eval_mae = 0.4818
eval_runtime = 17.3824
eval_samples_per_second = 287.647
