eval_accuracy = 0.48100000619888306
eval_loss = 1.39164400100708
eval_mae = 0.6738
eval_runtime = 27.7234
eval_samples_per_second = 180.353
