eval_accuracy = 0.5544000267982483
eval_loss = 1.0801869630813599
eval_mae = 0.5642
eval_runtime = 19.1074
eval_samples_per_second = 261.679
