eval_accuracy = 0.5072000026702881
eval_loss = 1.2292423248291016
eval_mae = 0.6206
eval_runtime = 32.7375
eval_samples_per_second = 152.73
