eval_accuracy = 0.5612000226974487
eval_loss = 1.0453777313232422
eval_mae = 0.5078
eval_runtime = 21.9081
eval_samples_per_second = 228.226
