eval_accuracy = 0.5473999977111816
eval_loss = 1.1481521129608154
eval_mae = 0.5816
eval_runtime = 17.437
eval_samples_per_second = 286.747
