eval_accuracy = 0.4674000144004822
eval_loss = 1.3397213220596313
eval_mae = 0.6894
eval_runtime = 24.4299
eval_samples_per_second = 204.667
