eval_accuracy = 0.48559999465942383
eval_loss = 1.3517993688583374
eval_mae = 0.6696
eval_runtime = 22.9157
eval_samples_per_second = 218.191
