eval_accuracy = 0.5753999948501587
eval_loss = 1.0853312015533447
eval_mae = 0.5102
eval_runtime = 16.3982
eval_samples_per_second = 304.912
