eval_accuracy = 0.579800009727478
eval_loss = 1.0115947723388672
eval_mae = 0.4816
eval_runtime = 17.5066
eval_samples_per_second = 285.606
