eval_accuracy = 0.5799999833106995
eval_loss = 0.9789604544639587
eval_mae = 0.4898
eval_runtime = 17.3412
eval_samples_per_second = 288.331
