eval_accuracy = 0.5479999780654907
eval_loss = 1.0858726501464844
eval_mae = 0.5412
eval_runtime = 20.2381
eval_samples_per_second = 247.059
