eval_accuracy = 0.5938000082969666
eval_loss = 0.9474846720695496
eval_mae = 0.4678
eval_runtime = 18.3519
eval_samples_per_second = 272.451
