eval_accuracy = 0.46700000762939453
eval_loss = 1.3016225099563599
eval_mae = 0.6816
eval_runtime = 18.3354
eval_samples_per_second = 272.697
