eval_accuracy = 0.5935999751091003
eval_loss = 1.0061126947402954
eval_mae = 0.4678
eval_runtime = 17.1417
eval_samples_per_second = 291.686
