eval_accuracy = 0.6060000061988831
eval_loss = 0.9461226463317871
eval_mae = 0.4552
eval_runtime = 17.4147
eval_samples_per_second = 287.114
