eval_accuracy = 0.5454000234603882
eval_loss = 1.0279035568237305
eval_mae = 0.539
eval_runtime = 16.7805
eval_samples_per_second = 297.966
