eval_accuracy = 0.5938000082969666
eval_loss = 1.0067756175994873
eval_mae = 0.4678
eval_runtime = 17.1935
eval_samples_per_second = 290.807
