eval_accuracy = 0.5685999989509583
eval_loss = 1.0207140445709229
eval_mae = 0.5094
eval_runtime = 16.6305
eval_samples_per_second = 300.652
