eval_accuracy = 0.5565999746322632
eval_loss = 1.0780514478683472
eval_mae = 0.5322
eval_runtime = 20.5374
eval_samples_per_second = 243.459
