eval_accuracy = 0.5809999704360962
eval_loss = 1.018782615661621
eval_mae = 0.494
eval_runtime = 20.6638
eval_samples_per_second = 241.969
