eval_accuracy = 0.46799999475479126
eval_loss = 1.2927578687667847
eval_mae = 0.6798
eval_runtime = 19.3377
eval_samples_per_second = 258.563
