eval_accuracy = 0.5756000280380249
eval_loss = 1.0063937902450562
eval_mae = 0.4966
eval_runtime = 16.7369
eval_samples_per_second = 298.741
