eval_accuracy = 0.5264000296592712
eval_loss = 1.0534611940383911
eval_mae = 0.5708
eval_runtime = 16.241
eval_samples_per_second = 307.863
