eval_accuracy = 0.506600022315979
eval_loss = 1.2288687229156494
eval_mae = 0.6206
eval_runtime = 20.9018
eval_samples_per_second = 239.214
