eval_accuracy = 0.4758000075817108
eval_loss = 1.3437751531600952
eval_mae = 0.6938
eval_runtime = 16.9619
eval_samples_per_second = 294.778
