eval_accuracy = 0.5609999895095825
eval_loss = 1.0452826023101807
eval_mae = 0.5084
eval_runtime = 18.6623
eval_samples_per_second = 267.92
