eval_accuracy = 0.48240000009536743
eval_loss = 1.3529417514801025
eval_mae = 0.6726
eval_runtime = 19.1701
eval_samples_per_second = 260.823
