eval_accuracy = 0.5454000234603882
eval_loss = 1.0301339626312256
eval_mae = 0.5396
eval_runtime = 17.3063
eval_samples_per_second = 288.912
