eval_accuracy = 0.47099998593330383
eval_loss = 1.3498409986495972
eval_mae = 0.6916
eval_runtime = 16.5914
eval_samples_per_second = 301.361
