eval_accuracy = 0.5054000020027161
eval_loss = 1.1769176721572876
eval_mae = 0.5908
eval_runtime = 17.3133
eval_samples_per_second = 288.795
