eval_accuracy = 0.6068000197410583
eval_loss = 0.9500167965888977
eval_mae = 0.4492
eval_runtime = 22.7142
eval_samples_per_second = 220.127
