eval_accuracy = 0.5461999773979187
eval_loss = 1.0301915407180786
eval_mae = 0.5384
eval_runtime = 17.5405
eval_samples_per_second = 285.054
