eval_accuracy = 0.503000020980835
eval_loss = 1.2426574230194092
eval_mae = 0.5932
eval_runtime = 24.7959
eval_samples_per_second = 201.646
