eval_accuracy = 0.5752000212669373
eval_loss = 1.0061938762664795
eval_mae = 0.4964
eval_runtime = 16.3902
eval_samples_per_second = 305.06
