eval_accuracy = 0.5446000099182129
eval_loss = 1.0312564373016357
eval_mae = 0.5406
eval_runtime = 16.6304
eval_samples_per_second = 300.654
