eval_accuracy = 0.5802000164985657
eval_loss = 1.0112152099609375
eval_mae = 0.4818
eval_runtime = 16.8398
eval_samples_per_second = 296.915
