eval_accuracy = 0.4828000068664551
eval_loss = 1.3532476425170898
eval_mae = 0.6718
eval_runtime = 17.7799
eval_samples_per_second = 281.217
