eval_accuracy = 0.47279998660087585
eval_loss = 1.3474435806274414
eval_mae = 0.69
eval_runtime = 17.2866
eval_samples_per_second = 289.242
