eval_accuracy = 0.5992000102996826
eval_loss = 0.9605844020843506
eval_mae = 0.4644
eval_runtime = 17.5478
eval_samples_per_second = 284.937
