eval_accuracy = 0.557200014591217
eval_loss = 1.0624468326568604
eval_mae = 0.5232
eval_runtime = 18.3455
eval_samples_per_second = 272.546
