eval_accuracy = 0.5932000279426575
eval_loss = 1.0062623023986816
eval_mae = 0.4684
eval_runtime = 17.1472
eval_samples_per_second = 291.593
