eval_accuracy = 0.5649999976158142
eval_loss = 1.0147910118103027
eval_mae = 0.5078
eval_runtime = 17.0241
eval_samples_per_second = 293.701
