eval_accuracy = 0.5034000277519226
eval_loss = 1.1765918731689453
eval_mae = 0.5918
eval_runtime = 17.2819
eval_samples_per_second = 289.321
