eval_accuracy = 0.574999988079071
eval_loss = 1.0848387479782104
eval_mae = 0.5102
eval_runtime = 16.3024
eval_samples_per_second = 306.703
