eval_accuracy = 0.45719999074935913
eval_loss = 1.368076205253601
eval_mae = 0.7324
eval_runtime = 17.4179
eval_samples_per_second = 287.061
