eval_accuracy = 0.46779999136924744
eval_loss = 1.2966482639312744
eval_mae = 0.6824
eval_runtime = 24.322
eval_samples_per_second = 205.575
