eval_accuracy = 0.5547999739646912
eval_loss = 1.024775743484497
eval_mae = 0.5358
eval_runtime = 17.312
eval_samples_per_second = 288.817
