eval_accuracy = 0.4399999976158142
eval_loss = 1.4430508613586426
eval_mae = 0.729
eval_runtime = 27.1327
eval_samples_per_second = 184.279
