eval_accuracy = 0.6000000238418579
eval_loss = 0.9562408328056335
eval_mae = 0.4618
eval_runtime = 17.1965
eval_samples_per_second = 290.757
