eval_accuracy = 0.4390000104904175
eval_loss = 1.4415816068649292
eval_mae = 0.7302
eval_runtime = 23.2828
eval_samples_per_second = 214.751
