eval_accuracy = 0.5956000089645386
eval_loss = 0.9607124924659729
eval_mae = 0.4796
eval_runtime = 17.3594
eval_samples_per_second = 288.029
