eval_accuracy = 0.4397999942302704
eval_loss = 1.4431376457214355
eval_mae = 0.7278
eval_runtime = 18.6106
eval_samples_per_second = 268.664
