eval_accuracy = 0.43779999017715454
eval_loss = 1.4385013580322266
eval_mae = 0.7324
eval_runtime = 19.0093
eval_samples_per_second = 263.029
