eval_accuracy = 0.4997999966144562
eval_loss = 1.2295993566513062
eval_mae = 0.603
eval_runtime = 18.4609
eval_samples_per_second = 270.843
