eval_accuracy = 0.5565999746322632
eval_loss = 1.0637996196746826
eval_mae = 0.5226
eval_runtime = 18.2979
eval_samples_per_second = 273.256
