eval_accuracy = 0.6021999716758728
eval_loss = 0.9358565211296082
eval_mae = 0.4534
eval_runtime = 16.3825
eval_samples_per_second = 305.203
