eval_accuracy = 0.621399998664856
eval_loss = 0.950785756111145
eval_mae = 0.428
eval_runtime = 17.6188
eval_samples_per_second = 283.788
