eval_accuracy = 0.5738000273704529
eval_loss = 1.005935549736023
eval_mae = 0.4962
eval_runtime = 17.2966
eval_samples_per_second = 289.075
