eval_accuracy = 0.5562000274658203
eval_loss = 1.0806111097335815
eval_mae = 0.5648
eval_runtime = 21.8784
eval_samples_per_second = 228.536
