eval_accuracy = 0.5034000277519226
eval_loss = 1.1762611865997314
eval_mae = 0.5912
eval_runtime = 17.0606
eval_samples_per_second = 293.072
