eval_accuracy = 0.569599986076355
eval_loss = 1.0214418172836304
eval_mae = 0.5086
eval_runtime = 16.7385
eval_samples_per_second = 298.712
