eval_accuracy = 0.5803999900817871
eval_loss = 1.0118588209152222
eval_mae = 0.4802
eval_runtime = 17.5623
eval_samples_per_second = 284.702
