eval_accuracy = 0.5565999746322632
eval_loss = 1.0804650783538818
eval_mae = 0.565
eval_runtime = 28.7704
eval_samples_per_second = 173.79
