eval_accuracy = 0.4968000054359436
eval_loss = 1.2386244535446167
eval_mae = 0.648
eval_runtime = 33.3019
eval_samples_per_second = 150.142
