eval_accuracy = 0.4699999988079071
eval_loss = 1.3356894254684448
eval_mae = 0.6866
eval_runtime = 18.1342
eval_samples_per_second = 275.723
