eval_accuracy = 0.5748000144958496
eval_loss = 1.0036168098449707
eval_mae = 0.496
eval_runtime = 17.1771
eval_samples_per_second = 291.085
