eval_accuracy = 0.5281999707221985
eval_loss = 1.052160382270813
eval_mae = 0.569
eval_runtime = 16.3189
eval_samples_per_second = 306.392
