eval_accuracy = 0.5807999968528748
eval_loss = 1.0187026262283325
eval_mae = 0.4956
eval_runtime = 18.6062
eval_samples_per_second = 268.727
