eval_accuracy = 0.4837999939918518
eval_loss = 1.349837303161621
eval_mae = 0.6716
eval_runtime = 20.0726
eval_samples_per_second = 249.096
