eval_accuracy = 0.6195999979972839
eval_loss = 0.9513158202171326
eval_mae = 0.4306
eval_runtime = 17.3993
eval_samples_per_second = 287.368
