eval_accuracy = 0.47679999470710754
eval_loss = 1.332034945487976
eval_mae = 0.6928
eval_runtime = 16.9847
eval_samples_per_second = 294.382
