eval_accuracy = 0.5745999813079834
eval_loss = 1.08415687084198
eval_mae = 0.5114
eval_runtime = 16.1023
eval_samples_per_second = 310.515
