eval_accuracy = 0.5685999989509583
eval_loss = 0.9911003708839417
eval_mae = 0.5082
eval_runtime = 16.1469
eval_samples_per_second = 309.657
