eval_accuracy = 0.5943999886512756
eval_loss = 0.9483451247215271
eval_mae = 0.4682
eval_runtime = 22.7751
eval_samples_per_second = 219.538
