eval_accuracy = 0.5943999886512756
eval_loss = 1.0068191289901733
eval_mae = 0.4666
eval_runtime = 17.2464
eval_samples_per_second = 289.916
