eval_accuracy = 0.5817999839782715
eval_loss = 1.0173498392105103
eval_mae = 0.482
eval_runtime = 17.4429
eval_samples_per_second = 286.649
