eval_accuracy = 0.47940000891685486
eval_loss = 1.339727759361267
eval_mae = 0.6906
eval_runtime = 16.343
eval_samples_per_second = 305.942
