eval_accuracy = 0.6371999979019165
eval_loss = 0.8905575275421143
eval_mae = 0.414
eval_runtime = 19.2906
eval_samples_per_second = 259.194
