eval_accuracy = 0.5928000211715698
eval_loss = 0.9603312611579895
eval_mae = 0.4828
eval_runtime = 17.5459
eval_samples_per_second = 284.966
