eval_accuracy = 0.4970000088214874
eval_loss = 1.2386598587036133
eval_mae = 0.6476
eval_runtime = 21.1904
eval_samples_per_second = 235.956
