eval_accuracy = 0.5781999826431274
eval_loss = 1.0174964666366577
eval_mae = 0.4842
eval_runtime = 17.7851
eval_samples_per_second = 281.134
