eval_accuracy = 0.6046000123023987
eval_loss = 0.9461484551429749
eval_mae = 0.4574
eval_runtime = 17.3631
eval_samples_per_second = 287.967
