eval_accuracy = 0.45680001378059387
eval_loss = 1.367962121963501
eval_mae = 0.734
eval_runtime = 16.7062
eval_samples_per_second = 299.291
