eval_accuracy = 0.5752000212669373
eval_loss = 1.0838344097137451
eval_mae = 0.5096
eval_runtime = 16.1218
eval_samples_per_second = 310.138
