eval_accuracy = 0.5483999848365784
eval_loss = 1.0859414339065552
eval_mae = 0.5406
eval_runtime = 19.6096
eval_samples_per_second = 254.977
