eval_accuracy = 0.46779999136924744
eval_loss = 1.2969294786453247
eval_mae = 0.6812
eval_runtime = 27.9813
eval_samples_per_second = 178.691
