eval_accuracy = 0.5820000171661377
eval_loss = 0.9795047640800476
eval_mae = 0.488
eval_runtime = 16.6193
eval_samples_per_second = 300.854
