eval_accuracy = 0.4844000041484833
eval_loss = 1.3519693613052368
eval_mae = 0.67
eval_runtime = 18.4157
eval_samples_per_second = 271.507
