eval_accuracy = 0.45719999074935913
eval_loss = 1.3670543432235718
eval_mae = 0.731
eval_runtime = 16.8529
eval_samples_per_second = 296.684
