eval_accuracy = 0.47839999198913574
eval_loss = 1.386300802230835
eval_mae = 0.68
eval_runtime = 18.3217
eval_samples_per_second = 272.9
