eval_accuracy = 0.47380000352859497
eval_loss = 1.337404727935791
eval_mae = 0.6932
eval_runtime = 16.9027
eval_samples_per_second = 295.812
