eval_accuracy = 0.4722000062465668
eval_loss = 1.3488941192626953
eval_mae = 0.6902
eval_runtime = 16.4816
eval_samples_per_second = 303.368
