eval_accuracy = 0.5888000130653381
eval_loss = 0.9488505721092224
eval_mae = 0.4656
eval_runtime = 17.3155
eval_samples_per_second = 288.758
