eval_accuracy = 0.4803999960422516
eval_loss = 1.3923076391220093
eval_mae = 0.6742
eval_runtime = 19.1415
eval_samples_per_second = 261.213
