eval_accuracy = 0.6366000175476074
eval_loss = 0.8898259997367859
eval_mae = 0.4142
eval_runtime = 23.3909
eval_samples_per_second = 213.758
