eval_accuracy = 0.5586000084877014
eval_loss = 1.0784716606140137
eval_mae = 0.5306
eval_runtime = 28.2324
eval_samples_per_second = 177.101
