eval_accuracy = 0.6000000238418579
eval_loss = 0.9550194144248962
eval_mae = 0.4626
eval_runtime = 17.3145
eval_samples_per_second = 288.775
