eval_accuracy = 0.47119998931884766
eval_loss = 1.3451071977615356
eval_mae = 0.687
eval_runtime = 18.4975
eval_samples_per_second = 270.307
