eval_accuracy = 0.5626000165939331
eval_loss = 1.045331358909607
eval_mae = 0.5068
eval_runtime = 20.8552
eval_samples_per_second = 239.748
