eval_accuracy = 0.4553999900817871
eval_loss = 1.369510293006897
eval_mae = 0.7346
eval_runtime = 16.6749
eval_samples_per_second = 299.852
