eval_accuracy = 0.6355999708175659
eval_loss = 0.8893625140190125
eval_mae = 0.4166
eval_runtime = 18.276
eval_samples_per_second = 273.582
