eval_accuracy = 0.6051999926567078
eval_loss = 0.9466782212257385
eval_mae = 0.457
eval_runtime = 16.4433
eval_samples_per_second = 304.075
