eval_accuracy = 0.4805999994277954
eval_loss = 1.3921195268630981
eval_mae = 0.6742
eval_runtime = 19.0603
eval_samples_per_second = 262.326
