eval_accuracy = 0.5490000247955322
eval_loss = 1.1476508378982544
eval_mae = 0.5816
eval_runtime = 17.4022
eval_samples_per_second = 287.32
