eval_accuracy = 0.5784000158309937
eval_loss = 1.0179228782653809
eval_mae = 0.4836
eval_runtime = 17.4489
eval_samples_per_second = 286.551
