eval_accuracy = 0.4966000020503998
eval_loss = 1.2374521493911743
eval_mae = 0.6462
eval_runtime = 18.4403
eval_samples_per_second = 271.146
