eval_accuracy = 0.5586000084877014
eval_loss = 1.078508734703064
eval_mae = 0.5306
eval_runtime = 23.2226
eval_samples_per_second = 215.307
