eval_accuracy = 0.4984000027179718
eval_loss = 1.2292742729187012
eval_mae = 0.6052
eval_runtime = 18.3792
eval_samples_per_second = 272.046
