eval_accuracy = 0.574400007724762
eval_loss = 1.0846290588378906
eval_mae = 0.5104
eval_runtime = 16.03
eval_samples_per_second = 311.915
