eval_accuracy = 0.4390000104904175
eval_loss = 1.4421180486679077
eval_mae = 0.7302
eval_runtime = 18.8648
eval_samples_per_second = 265.044
