eval_accuracy = 0.5795999765396118
eval_loss = 1.017876386642456
eval_mae = 0.4832
eval_runtime = 17.7505
eval_samples_per_second = 281.682
