eval_accuracy = 0.5812000036239624
eval_loss = 1.018731951713562
eval_mae = 0.4936
eval_runtime = 21.9591
eval_samples_per_second = 227.696
