eval_accuracy = 0.5758000016212463
eval_loss = 1.0055534839630127
eval_mae = 0.4964
eval_runtime = 17.1556
eval_samples_per_second = 291.45
