eval_accuracy = 0.4375999867916107
eval_loss = 1.4445595741271973
eval_mae = 0.732
eval_runtime = 32.7815
eval_samples_per_second = 152.525
