eval_accuracy = 0.5920000076293945
eval_loss = 1.0077133178710938
eval_mae = 0.47
eval_runtime = 16.2103
eval_samples_per_second = 308.445
