eval_accuracy = 0.5587999820709229
eval_loss = 1.0785411596298218
eval_mae = 0.5304
eval_runtime = 19.328
eval_samples_per_second = 258.692
