eval_accuracy = 0.557200014591217
eval_loss = 1.0626757144927979
eval_mae = 0.5226
eval_runtime = 18.3447
eval_samples_per_second = 272.559
