eval_accuracy = 0.5799999833106995
eval_loss = 1.0119603872299194
eval_mae = 0.4816
eval_runtime = 17.3389
eval_samples_per_second = 288.369
