eval_accuracy = 0.498199999332428
eval_loss = 1.1566060781478882
eval_mae = 0.5928
eval_runtime = 16.3774
eval_samples_per_second = 305.3
