eval_accuracy = 0.5929999947547913
eval_loss = 0.9477834105491638
eval_mae = 0.47
eval_runtime = 18.3275
eval_samples_per_second = 272.813
