eval_accuracy = 0.47440001368522644
eval_loss = 1.3522601127624512
eval_mae = 0.6984
eval_runtime = 15.9591
eval_samples_per_second = 313.302
