eval_accuracy = 0.5690000057220459
eval_loss = 1.0195530652999878
eval_mae = 0.5082
eval_runtime = 16.5131
eval_samples_per_second = 302.791
