eval_accuracy = 0.48240000009536743
eval_loss = 1.352070927619934
eval_mae = 0.6728
eval_runtime = 17.8248
eval_samples_per_second = 280.507
