eval_accuracy = 0.5063999891281128
eval_loss = 1.228817343711853
eval_mae = 0.6212
eval_runtime = 20.6032
eval_samples_per_second = 242.681
