eval_accuracy = 0.5789999961853027
eval_loss = 1.0168578624725342
eval_mae = 0.4828
eval_runtime = 17.4905
eval_samples_per_second = 285.87
