eval_accuracy = 0.5712000131607056
eval_loss = 0.9899908304214478
eval_mae = 0.508
eval_runtime = 17.0162
eval_samples_per_second = 293.838
