eval_accuracy = 0.46799999475479126
eval_loss = 1.296684980392456
eval_mae = 0.6814
eval_runtime = 19.2455
eval_samples_per_second = 259.801
