eval_accuracy = 0.5613999962806702
eval_loss = 1.0459800958633423
eval_mae = 0.5088
eval_runtime = 18.3662
eval_samples_per_second = 272.24
