eval_accuracy = 0.5771999955177307
eval_loss = 1.005905032157898
eval_mae = 0.4946
eval_runtime = 16.4619
eval_samples_per_second = 303.731
