eval_accuracy = 0.6014000177383423
eval_loss = 0.9360093474388123
eval_mae = 0.4542
eval_runtime = 16.4441
eval_samples_per_second = 304.061
