eval_accuracy = 0.5299999713897705
eval_loss = 1.0543394088745117
eval_mae = 0.5686
eval_runtime = 15.9884
eval_samples_per_second = 312.727
