eval_accuracy = 0.5059999823570251
eval_loss = 1.2276238203048706
eval_mae = 0.6212
eval_runtime = 18.8842
eval_samples_per_second = 264.771
