eval_accuracy = 0.47279998660087585
eval_loss = 1.34805166721344
eval_mae = 0.6888
eval_runtime = 17.2922
eval_samples_per_second = 289.149
