eval_accuracy = 0.5623999834060669
eval_loss = 1.0451689958572388
eval_mae = 0.5064
eval_runtime = 18.8464
eval_samples_per_second = 265.302
