eval_accuracy = 0.46779999136924744
eval_loss = 1.3380767107009888
eval_mae = 0.6876
eval_runtime = 18.5985
eval_samples_per_second = 268.838
