eval_accuracy = 0.5027999877929688
eval_loss = 1.1767468452453613
eval_mae = 0.591
eval_runtime = 16.6758
eval_samples_per_second = 299.835
