eval_accuracy = 0.5271999835968018
eval_loss = 1.0535961389541626
eval_mae = 0.5698
eval_runtime = 16.0213
eval_samples_per_second = 312.084
