eval_accuracy = 0.5709999799728394
eval_loss = 1.0820457935333252
eval_mae = 0.5134
eval_runtime = 16.4772
eval_samples_per_second = 303.45
