eval_accuracy = 0.5803999900817871
eval_loss = 0.9790632128715515
eval_mae = 0.4888
eval_runtime = 17.3952
eval_samples_per_second = 287.435
