eval_accuracy = 0.503600001335144
eval_loss = 1.2313108444213867
eval_mae = 0.627
eval_runtime = 20.0451
eval_samples_per_second = 249.437
