eval_accuracy = 0.47600001096725464
eval_loss = 1.3432096242904663
eval_mae = 0.6936
eval_runtime = 16.3084
eval_samples_per_second = 306.59
