eval_accuracy = 0.5455999970436096
eval_loss = 1.0293505191802979
eval_mae = 0.5398
eval_runtime = 17.0547
eval_samples_per_second = 293.174
