eval_accuracy = 0.5013999938964844
eval_loss = 1.1755272150039673
eval_mae = 0.5932
eval_runtime = 17.7487
eval_samples_per_second = 281.71
