eval_accuracy = 0.5827999711036682
eval_loss = 1.0187633037567139
eval_mae = 0.4924
eval_runtime = 31.9508
eval_samples_per_second = 156.49
