eval_accuracy = 0.4984000027179718
eval_loss = 1.227362036705017
eval_mae = 0.6046
eval_runtime = 18.4754
eval_samples_per_second = 270.63
