eval_accuracy = 0.5906000137329102
eval_loss = 0.9487878680229187
eval_mae = 0.4632
eval_runtime = 16.4964
eval_samples_per_second = 303.096
