eval_accuracy = 0.5257999897003174
eval_loss = 1.0532231330871582
eval_mae = 0.5704
eval_runtime = 16.5538
eval_samples_per_second = 302.046
