eval_accuracy = 0.5788000226020813
eval_loss = 1.0183178186416626
eval_mae = 0.4832
eval_runtime = 17.4259
eval_samples_per_second = 286.93
