eval_accuracy = 0.5478000044822693
eval_loss = 1.0862547159194946
eval_mae = 0.541
eval_runtime = 18.3814
eval_samples_per_second = 272.015
