eval_accuracy = 0.6194000244140625
eval_loss = 0.9506986141204834
eval_mae = 0.431
eval_runtime = 17.4854
eval_samples_per_second = 285.953
