eval_accuracy = 0.5685999989509583
eval_loss = 1.0208710432052612
eval_mae = 0.509
eval_runtime = 17.3626
eval_samples_per_second = 287.976
