eval_accuracy = 0.573199987411499
eval_loss = 1.0848803520202637
eval_mae = 0.511
eval_runtime = 16.4337
eval_samples_per_second = 304.254
