eval_accuracy = 0.5541999936103821
eval_loss = 1.0249356031417847
eval_mae = 0.5386
eval_runtime = 17.5111
eval_samples_per_second = 285.534
