eval_accuracy = 0.5705999732017517
eval_loss = 1.081170916557312
eval_mae = 0.5146
eval_runtime = 16.4226
eval_samples_per_second = 304.459
