eval_accuracy = 0.5916000008583069
eval_loss = 0.9489990472793579
eval_mae = 0.4618
eval_runtime = 16.6312
eval_samples_per_second = 300.64
