eval_accuracy = 0.49720001220703125
eval_loss = 1.2232873439788818
eval_mae = 0.636
eval_runtime = 20.3357
eval_samples_per_second = 245.873
