eval_accuracy = 0.5917999744415283
eval_loss = 0.9473855495452881
eval_mae = 0.471
eval_runtime = 17.9288
eval_samples_per_second = 278.88
