eval_accuracy = 0.5699999928474426
eval_loss = 1.020521879196167
eval_mae = 0.5074
eval_runtime = 17.2775
eval_samples_per_second = 289.394
