eval_accuracy = 0.4812000095844269
eval_loss = 1.3920717239379883
eval_mae = 0.6734
eval_runtime = 31.8297
eval_samples_per_second = 157.086
