eval_accuracy = 0.569599986076355
eval_loss = 1.0232667922973633
eval_mae = 0.5094
eval_runtime = 16.488
eval_samples_per_second = 303.25
