eval_accuracy = 0.6205999851226807
eval_loss = 0.9489076137542725
eval_mae = 0.4278
eval_runtime = 17.4442
eval_samples_per_second = 286.628
