eval_accuracy = 0.5016000270843506
eval_loss = 1.177459716796875
eval_mae = 0.5926
eval_runtime = 17.4575
eval_samples_per_second = 286.41
