eval_accuracy = 0.5983999967575073
eval_loss = 0.9549536108970642
eval_mae = 0.464
eval_runtime = 16.5707
eval_samples_per_second = 301.737
