eval_accuracy = 0.5601999759674072
eval_loss = 1.0468168258666992
eval_mae = 0.5102
eval_runtime = 18.2579
eval_samples_per_second = 273.855
