eval_accuracy = 0.5806000232696533
eval_loss = 1.0220363140106201
eval_mae = 0.494
eval_runtime = 17.9714
eval_samples_per_second = 278.22
