eval_accuracy = 0.5424000024795532
eval_loss = 1.0345181226730347
eval_mae = 0.5426
eval_runtime = 16.4638
eval_samples_per_second = 303.696
