eval_accuracy = 0.6068000197410583
eval_loss = 0.9456171989440918
eval_mae = 0.455
eval_runtime = 17.2861
eval_samples_per_second = 289.25
