eval_accuracy = 0.6384000182151794
eval_loss = 0.8910476565361023
eval_mae = 0.4122
eval_runtime = 19.6532
eval_samples_per_second = 254.411
