eval_accuracy = 0.6003999710083008
eval_loss = 0.9552927017211914
eval_mae = 0.4624
eval_runtime = 17.2942
eval_samples_per_second = 289.114
