eval_accuracy = 0.5698000192642212
eval_loss = 1.0835893154144287
eval_mae = 0.515
eval_runtime = 16.418
eval_samples_per_second = 304.543
