eval_accuracy = 0.5455999970436096
eval_loss = 1.0293949842453003
eval_mae = 0.5388
eval_runtime = 17.2954
eval_samples_per_second = 289.094
