eval_accuracy = 0.5062000155448914
eval_loss = 1.1731247901916504
eval_mae = 0.5906
eval_runtime = 16.7292
eval_samples_per_second = 298.878
