eval_accuracy = 0.5555999875068665
eval_loss = 1.079376220703125
eval_mae = 0.5664
eval_runtime = 21.647
eval_samples_per_second = 230.978
