eval_accuracy = 0.5022000074386597
eval_loss = 1.17677903175354
eval_mae = 0.5918
eval_runtime = 17.4298
eval_samples_per_second = 286.865
