eval_accuracy = 0.4675999879837036
eval_loss = 1.2962892055511475
eval_mae = 0.6818
eval_runtime = 19.8094
eval_samples_per_second = 252.406
