eval_accuracy = 0.5928000211715698
eval_loss = 1.0093767642974854
eval_mae = 0.469
eval_runtime = 19.2147
eval_samples_per_second = 260.217
