eval_accuracy = 0.5564000010490417
eval_loss = 1.08030104637146
eval_mae = 0.565
eval_runtime = 34.785
eval_samples_per_second = 143.74
