eval_accuracy = 0.6001999974250793
eval_loss = 0.9555069208145142
eval_mae = 0.463
eval_runtime = 17.264
eval_samples_per_second = 289.62
