eval_accuracy = 0.546999990940094
eval_loss = 1.0851831436157227
eval_mae = 0.542
eval_runtime = 19.5708
eval_samples_per_second = 255.483
