eval_accuracy = 0.4832000136375427
eval_loss = 1.3529225587844849
eval_mae = 0.6716
eval_runtime = 18.3927
eval_samples_per_second = 271.848
