eval_accuracy = 0.5809999704360962
eval_loss = 1.0186867713928223
eval_mae = 0.4938
eval_runtime = 21.2941
eval_samples_per_second = 234.807
