eval_accuracy = 0.5580000281333923
eval_loss = 1.0629806518554688
eval_mae = 0.5206
eval_runtime = 18.2938
eval_samples_per_second = 273.316
