eval_accuracy = 0.5569999814033508
eval_loss = 1.0797473192214966
eval_mae = 0.5648
eval_runtime = 29.0287
eval_samples_per_second = 172.243
