eval_accuracy = 0.5821999907493591
eval_loss = 0.9793912172317505
eval_mae = 0.488
eval_runtime = 17.4213
eval_samples_per_second = 287.006
