eval_accuracy = 0.6205999851226807
eval_loss = 0.9514515399932861
eval_mae = 0.4296
eval_runtime = 17.0453
eval_samples_per_second = 293.335
