eval_accuracy = 0.5618000030517578
eval_loss = 1.0450819730758667
eval_mae = 0.508
eval_runtime = 18.1571
eval_samples_per_second = 275.374
