eval_accuracy = 0.4745999872684479
eval_loss = 1.3431140184402466
eval_mae = 0.6958
eval_runtime = 16.3865
eval_samples_per_second = 305.129
