eval_accuracy = 0.4674000144004822
eval_loss = 1.2972040176391602
eval_mae = 0.682
eval_runtime = 27.9956
eval_samples_per_second = 178.599
