eval_accuracy = 0.4749999940395355
eval_loss = 1.3441082239151
eval_mae = 0.694
eval_runtime = 17.1332
eval_samples_per_second = 291.831
