eval_accuracy = 0.5031999945640564
eval_loss = 1.1752570867538452
eval_mae = 0.5942
eval_runtime = 16.6636
eval_samples_per_second = 300.055
