eval_accuracy = 0.4970000088214874
eval_loss = 1.2399892807006836
eval_mae = 0.6478
eval_runtime = 21.7344
eval_samples_per_second = 230.05
