eval_accuracy = 0.5026000142097473
eval_loss = 1.2427740097045898
eval_mae = 0.6334
eval_runtime = 24.4184
eval_samples_per_second = 204.764
