eval_accuracy = 0.48019999265670776
eval_loss = 1.3909070491790771
eval_mae = 0.6748
eval_runtime = 31.3285
eval_samples_per_second = 159.599
