eval_accuracy = 0.5613999962806702
eval_loss = 1.0450935363769531
eval_mae = 0.509
eval_runtime = 18.3055
eval_samples_per_second = 273.142
