eval_accuracy = 0.4970000088214874
eval_loss = 1.2385979890823364
eval_mae = 0.648
eval_runtime = 18.4606
eval_samples_per_second = 270.848
