eval_accuracy = 0.621999979019165
eval_loss = 0.9506487250328064
eval_mae = 0.4274
eval_runtime = 17.3835
eval_samples_per_second = 287.629
