eval_accuracy = 0.604200005531311
eval_loss = 0.9465177655220032
eval_mae = 0.4566
eval_runtime = 17.4252
eval_samples_per_second = 286.94
