eval_accuracy = 0.5763999819755554
eval_loss = 1.0068633556365967
eval_mae = 0.4952
eval_runtime = 16.3776
eval_samples_per_second = 305.295
