eval_accuracy = 0.5455999970436096
eval_loss = 1.029676079750061
eval_mae = 0.5388
eval_runtime = 16.863
eval_samples_per_second = 296.507
