eval_accuracy = 0.4657999873161316
eval_loss = 1.2970057725906372
eval_mae = 0.6844
eval_runtime = 18.3837
eval_samples_per_second = 271.979
