eval_accuracy = 0.501800000667572
eval_loss = 1.15398108959198
eval_mae = 0.5878
eval_runtime = 17.2213
eval_samples_per_second = 290.338
