eval_accuracy = 0.5001999735832214
eval_loss = 1.2408109903335571
eval_mae = 0.595
eval_runtime = 18.6058
eval_samples_per_second = 268.734
