eval_accuracy = 0.5612000226974487
eval_loss = 1.045844316482544
eval_mae = 0.508
eval_runtime = 18.6277
eval_samples_per_second = 268.418
