eval_accuracy = 0.58160001039505
eval_loss = 1.0184733867645264
eval_mae = 0.4928
eval_runtime = 27.708
eval_samples_per_second = 180.454
