eval_accuracy = 0.4586000144481659
eval_loss = 1.3673027753829956
eval_mae = 0.731
eval_runtime = 17.3683
eval_samples_per_second = 287.881
