eval_accuracy = 0.5648000240325928
eval_loss = 1.0144168138504028
eval_mae = 0.5074
eval_runtime = 17.0517
eval_samples_per_second = 293.227
