eval_accuracy = 0.5475999712944031
eval_loss = 1.0860830545425415
eval_mae = 0.5414
eval_runtime = 21.7688
eval_samples_per_second = 229.687
