eval_accuracy = 0.6074000000953674
eval_loss = 0.9499310255050659
eval_mae = 0.4482
eval_runtime = 21.1219
eval_samples_per_second = 236.721
