eval_accuracy = 0.557200014591217
eval_loss = 1.0785176753997803
eval_mae = 0.5318
eval_runtime = 23.9692
eval_samples_per_second = 208.601
