eval_accuracy = 0.4684000015258789
eval_loss = 1.2966041564941406
eval_mae = 0.6812
eval_runtime = 27.4612
eval_samples_per_second = 182.075
