eval_accuracy = 0.49880000948905945
eval_loss = 1.156571388244629
eval_mae = 0.5916
eval_runtime = 16.6092
eval_samples_per_second = 301.039
