eval_accuracy = 0.5774000287055969
eval_loss = 1.0067665576934814
eval_mae = 0.4942
eval_runtime = 17.4101
eval_samples_per_second = 287.19
