eval_accuracy = 0.5928000211715698
eval_loss = 0.9481574296951294
eval_mae = 0.4696
eval_runtime = 18.4973
eval_samples_per_second = 270.31
