eval_accuracy = 0.5461999773979187
eval_loss = 1.0864918231964111
eval_mae = 0.543
eval_runtime = 34.3037
eval_samples_per_second = 145.757
