eval_accuracy = 0.4803999960422516
eval_loss = 1.3931092023849487
eval_mae = 0.674
eval_runtime = 19.6643
eval_samples_per_second = 254.267
