eval_accuracy = 0.5803999900817871
eval_loss = 1.018924593925476
eval_mae = 0.4818
eval_runtime = 17.4394
eval_samples_per_second = 286.707
