eval_accuracy = 0.6001999974250793
eval_loss = 0.9364975690841675
eval_mae = 0.457
eval_runtime = 17.0198
eval_samples_per_second = 293.775
