eval_accuracy = 0.4560000002384186
eval_loss = 1.3705106973648071
eval_mae = 0.7346
eval_runtime = 16.9819
eval_samples_per_second = 294.431
