eval_accuracy = 0.5004000067710876
eval_loss = 1.2420260906219482
eval_mae = 0.5952
eval_runtime = 22.1652
eval_samples_per_second = 225.579
