eval_accuracy = 0.5609999895095825
eval_loss = 1.045780062675476
eval_mae = 0.5082
eval_runtime = 20.5894
eval_samples_per_second = 242.843
