eval_accuracy = 0.43959999084472656
eval_loss = 1.442903995513916
eval_mae = 0.7294
eval_runtime = 33.1518
eval_samples_per_second = 150.822
