eval_accuracy = 0.6215999722480774
eval_loss = 0.9510384798049927
eval_mae = 0.4282
eval_runtime = 17.3829
eval_samples_per_second = 287.639
