eval_accuracy = 0.5558000206947327
eval_loss = 1.0628129243850708
eval_mae = 0.5234
eval_runtime = 18.3426
eval_samples_per_second = 272.589
