eval_accuracy = 0.5702000260353088
eval_loss = 1.0213472843170166
eval_mae = 0.5078
eval_runtime = 17.3351
eval_samples_per_second = 288.432
