eval_accuracy = 0.6065999865531921
eval_loss = 0.9468953013420105
eval_mae = 0.4554
eval_runtime = 16.4258
eval_samples_per_second = 304.4
