eval_accuracy = 0.5034000277519226
eval_loss = 1.1767065525054932
eval_mae = 0.5914
eval_runtime = 16.8416
eval_samples_per_second = 296.884
