eval_accuracy = 0.6362000107765198
eval_loss = 0.8895465731620789
eval_mae = 0.4148
eval_runtime = 23.4825
eval_samples_per_second = 212.925
