eval_accuracy = 0.5475999712944031
eval_loss = 1.0860048532485962
eval_mae = 0.5408
eval_runtime = 33.2415
eval_samples_per_second = 150.415
