eval_accuracy = 0.5640000104904175
eval_loss = 1.0146684646606445
eval_mae = 0.508
eval_runtime = 16.3875
eval_samples_per_second = 305.11
