eval_accuracy = 0.4781999886035919
eval_loss = 1.3920836448669434
eval_mae = 0.6766
eval_runtime = 18.5815
eval_samples_per_second = 269.085
