eval_accuracy = 0.4666000008583069
eval_loss = 1.3379547595977783
eval_mae = 0.69
eval_runtime = 26.3168
eval_samples_per_second = 189.993
