eval_accuracy = 0.5612000226974487
eval_loss = 1.0459094047546387
eval_mae = 0.5084
eval_runtime = 18.0484
eval_samples_per_second = 277.032
