eval_accuracy = 0.58160001039505
eval_loss = 0.9788486361503601
eval_mae = 0.4878
eval_runtime = 17.464
eval_samples_per_second = 286.303
