eval_accuracy = 0.46799999475479126
eval_loss = 1.3391258716583252
eval_mae = 0.6886
eval_runtime = 23.2819
eval_samples_per_second = 214.759
