eval_accuracy = 0.5803999900817871
eval_loss = 1.0116193294525146
eval_mae = 0.4812
eval_runtime = 16.8373
eval_samples_per_second = 296.959
