eval_accuracy = 0.5562000274658203
eval_loss = 1.0797464847564697
eval_mae = 0.564
eval_runtime = 18.6297
eval_samples_per_second = 268.388
