eval_accuracy = 0.5019999742507935
eval_loss = 1.176145315170288
eval_mae = 0.5924
eval_runtime = 17.354
eval_samples_per_second = 288.118
