eval_accuracy = 0.5934000015258789
eval_loss = 0.9487119317054749
eval_mae = 0.4698
eval_runtime = 20.3889
eval_samples_per_second = 245.231
