eval_accuracy = 0.5478000044822693
eval_loss = 1.0861440896987915
eval_mae = 0.5412
eval_runtime = 19.218
eval_samples_per_second = 260.173
