eval_accuracy = 0.5497999787330627
eval_loss = 1.1468037366867065
eval_mae = 0.5806
eval_runtime = 17.4397
eval_samples_per_second = 286.702
