eval_accuracy = 0.5758000016212463
eval_loss = 1.008353352546692
eval_mae = 0.4972
eval_runtime = 16.396
eval_samples_per_second = 304.953
