eval_accuracy = 0.557200014591217
eval_loss = 1.065605878829956
eval_mae = 0.522
eval_runtime = 18.2895
eval_samples_per_second = 273.382
