eval_accuracy = 0.5583999752998352
eval_loss = 1.0784251689910889
eval_mae = 0.5308
eval_runtime = 19.4295
eval_samples_per_second = 257.341
