eval_accuracy = 0.5820000171661377
eval_loss = 0.978367269039154
eval_mae = 0.4878
eval_runtime = 17.3707
eval_samples_per_second = 287.841
