eval_accuracy = 0.47440001368522644
eval_loss = 1.3409804105758667
eval_mae = 0.693
eval_runtime = 16.3943
eval_samples_per_second = 304.985
