eval_accuracy = 0.4814000129699707
eval_loss = 1.3541814088821411
eval_mae = 0.673
eval_runtime = 18.0611
eval_samples_per_second = 276.839
