eval_accuracy = 0.4675999879837036
eval_loss = 1.2980107069015503
eval_mae = 0.683
eval_runtime = 20.0894
eval_samples_per_second = 248.887
