eval_accuracy = 0.43959999084472656
eval_loss = 1.442331075668335
eval_mae = 0.7294
eval_runtime = 20.271
eval_samples_per_second = 246.657
