eval_accuracy = 0.483599990606308
eval_loss = 1.3537909984588623
eval_mae = 0.67
eval_runtime = 18.5
eval_samples_per_second = 270.271
