eval_accuracy = 0.5278000235557556
eval_loss = 1.0531269311904907
eval_mae = 0.5708
eval_runtime = 16.948
eval_samples_per_second = 295.02
