eval_accuracy = 0.5809999704360962
eval_loss = 1.0187458992004395
eval_mae = 0.4938
eval_runtime = 30.6375
eval_samples_per_second = 163.199
