eval_accuracy = 0.5497999787330627
eval_loss = 1.1475458145141602
eval_mae = 0.5774
eval_runtime = 17.5564
eval_samples_per_second = 284.797
