eval_accuracy = 0.4968000054359436
eval_loss = 1.2384611368179321
eval_mae = 0.6476
eval_runtime = 24.6259
eval_samples_per_second = 203.038
