eval_accuracy = 0.49939998984336853
eval_loss = 1.155198097229004
eval_mae = 0.5914
eval_runtime = 17.2209
eval_samples_per_second = 290.345
