eval_accuracy = 0.4745999872684479
eval_loss = 1.347890853881836
eval_mae = 0.6882
eval_runtime = 17.383
eval_samples_per_second = 287.637
