eval_accuracy = 0.5946000218391418
eval_loss = 0.9609898328781128
eval_mae = 0.4816
eval_runtime = 17.3165
eval_samples_per_second = 288.743
