eval_accuracy = 0.5473999977111816
eval_loss = 1.0859380960464478
eval_mae = 0.5414
eval_runtime = 18.2649
eval_samples_per_second = 273.749
