eval_accuracy = 0.5812000036239624
eval_loss = 1.0187596082687378
eval_mae = 0.4936
eval_runtime = 18.7154
eval_samples_per_second = 267.16
