eval_accuracy = 0.5820000171661377
eval_loss = 0.9787011742591858
eval_mae = 0.4866
eval_runtime = 17.3787
eval_samples_per_second = 287.708
