eval_accuracy = 0.569599986076355
eval_loss = 0.9923136830329895
eval_mae = 0.5084
eval_runtime = 17.2762
eval_samples_per_second = 289.415
