eval_accuracy = 0.5281999707221985
eval_loss = 1.0541605949401855
eval_mae = 0.5684
eval_runtime = 15.9228
eval_samples_per_second = 314.016
