eval_accuracy = 0.5555999875068665
eval_loss = 1.0810192823410034
eval_mae = 0.5654
eval_runtime = 29.499
eval_samples_per_second = 169.497
