eval_accuracy = 0.4797999858856201
eval_loss = 1.3928598165512085
eval_mae = 0.675
eval_runtime = 20.3686
eval_samples_per_second = 245.476
