eval_accuracy = 0.5070000290870667
eval_loss = 1.2266757488250732
eval_mae = 0.62
eval_runtime = 19.0096
eval_samples_per_second = 263.025
