eval_accuracy = 0.4805999994277954
eval_loss = 1.392642855644226
eval_mae = 0.674
eval_runtime = 18.8342
eval_samples_per_second = 265.475
