eval_accuracy = 0.6204000115394592
eval_loss = 0.9514464139938354
eval_mae = 0.4292
eval_runtime = 16.7373
eval_samples_per_second = 298.734
