eval_accuracy = 0.569599986076355
eval_loss = 0.9907143712043762
eval_mae = 0.508
eval_runtime = 16.1004
eval_samples_per_second = 310.551
