eval_accuracy = 0.573199987411499
eval_loss = 1.0051273107528687
eval_mae = 0.4986
eval_runtime = 17.2563
eval_samples_per_second = 289.749
