eval_accuracy = 0.5817999839782715
eval_loss = 0.97942715883255
eval_mae = 0.4892
eval_runtime = 17.5083
eval_samples_per_second = 285.578
