eval_accuracy = 0.4747999906539917
eval_loss = 1.34342622756958
eval_mae = 0.6944
eval_runtime = 16.414
eval_samples_per_second = 304.618
