eval_accuracy = 0.5934000015258789
eval_loss = 0.9489501714706421
eval_mae = 0.4604
eval_runtime = 16.2207
eval_samples_per_second = 308.248
