eval_accuracy = 0.5616000294685364
eval_loss = 1.0457085371017456
eval_mae = 0.5076
eval_runtime = 22.7106
eval_samples_per_second = 220.161
