eval_accuracy = 0.47519999742507935
eval_loss = 1.342727541923523
eval_mae = 0.6936
eval_runtime = 17.0154
eval_samples_per_second = 293.851
