eval_accuracy = 0.527999997138977
eval_loss = 1.0537813901901245
eval_mae = 0.5688
eval_runtime = 16.2576
eval_samples_per_second = 307.548
