eval_accuracy = 0.5925999879837036
eval_loss = 0.9468222856521606
eval_mae = 0.4698
eval_runtime = 18.6838
eval_samples_per_second = 267.611
