eval_accuracy = 0.569599986076355
eval_loss = 1.0212490558624268
eval_mae = 0.5084
eval_runtime = 17.4564
eval_samples_per_second = 286.427
