eval_accuracy = 0.6380000114440918
eval_loss = 0.892575204372406
eval_mae = 0.414
eval_runtime = 18.6748
eval_samples_per_second = 267.741
