eval_accuracy = 0.6212000250816345
eval_loss = 0.9507825970649719
eval_mae = 0.4282
eval_runtime = 17.3795
eval_samples_per_second = 287.696
