eval_accuracy = 0.6363999843597412
eval_loss = 0.889572262763977
eval_mae = 0.4146
eval_runtime = 21.2734
eval_samples_per_second = 235.035
