eval_accuracy = 0.5604000091552734
eval_loss = 1.0433050394058228
eval_mae = 0.5098
eval_runtime = 19.1451
eval_samples_per_second = 261.163
