eval_accuracy = 0.5062000155448914
eval_loss = 1.2285736799240112
eval_mae = 0.6214
eval_runtime = 30.0089
eval_samples_per_second = 166.617
