eval_accuracy = 0.579800009727478
eval_loss = 0.9786068201065063
eval_mae = 0.4906
eval_runtime = 17.3892
eval_samples_per_second = 287.534
