eval_accuracy = 0.557200014591217
eval_loss = 1.0802133083343506
eval_mae = 0.5646
eval_runtime = 27.6072
eval_samples_per_second = 181.112
