eval_accuracy = 0.5450000166893005
eval_loss = 1.02987539768219
eval_mae = 0.5402
eval_runtime = 17.3752
eval_samples_per_second = 287.766
