eval_accuracy = 0.5648000240325928
eval_loss = 1.0147110223770142
eval_mae = 0.5068
eval_runtime = 17.0154
eval_samples_per_second = 293.852
