eval_accuracy = 0.4586000144481659
eval_loss = 1.3655755519866943
eval_mae = 0.732
eval_runtime = 16.6078
eval_samples_per_second = 301.064
