eval_accuracy = 0.5555999875068665
eval_loss = 1.0250601768493652
eval_mae = 0.5364
eval_runtime = 17.0509
eval_samples_per_second = 293.24
