eval_accuracy = 0.5807999968528748
eval_loss = 1.0110493898391724
eval_mae = 0.4808
eval_runtime = 17.4807
eval_samples_per_second = 286.029
