eval_accuracy = 0.46480000019073486
eval_loss = 1.3513603210449219
eval_mae = 0.6938
eval_runtime = 21.1808
eval_samples_per_second = 236.062
