eval_accuracy = 0.49939998984336853
eval_loss = 1.2278470993041992
eval_mae = 0.6036
eval_runtime = 18.3764
eval_samples_per_second = 272.088
