eval_accuracy = 0.4717999994754791
eval_loss = 1.3484700918197632
eval_mae = 0.6902
eval_runtime = 17.2793
eval_samples_per_second = 289.363
