eval_accuracy = 0.5026000142097473
eval_loss = 1.177486538887024
eval_mae = 0.592
eval_runtime = 17.3209
eval_samples_per_second = 288.669
