eval_accuracy = 0.48159998655319214
eval_loss = 1.3924379348754883
eval_mae = 0.6732
eval_runtime = 29.7386
eval_samples_per_second = 168.132
