eval_accuracy = 0.5898000001907349
eval_loss = 0.948571503162384
eval_mae = 0.4634
eval_runtime = 16.5034
eval_samples_per_second = 302.968
