eval_accuracy = 0.5722000002861023
eval_loss = 1.0064855813980103
eval_mae = 0.5038
eval_runtime = 25.6112
eval_samples_per_second = 195.227
