eval_accuracy = 0.6376000046730042
eval_loss = 0.888867974281311
eval_mae = 0.414
eval_runtime = 19.8882
eval_samples_per_second = 251.405
