eval_accuracy = 0.5934000015258789
eval_loss = 0.9609368443489075
eval_mae = 0.4826
eval_runtime = 17.5393
eval_samples_per_second = 285.075
