eval_accuracy = 0.590399980545044
eval_loss = 0.9485195279121399
eval_mae = 0.463
eval_runtime = 16.6242
eval_samples_per_second = 300.767
