eval_accuracy = 0.49720001220703125
eval_loss = 1.2364118099212646
eval_mae = 0.6436
eval_runtime = 18.11
eval_samples_per_second = 276.091
