eval_accuracy = 0.5928000211715698
eval_loss = 0.9468706846237183
eval_mae = 0.4712
eval_runtime = 18.3822
eval_samples_per_second = 272.003
