eval_accuracy = 0.5478000044822693
eval_loss = 1.0860041379928589
eval_mae = 0.541
eval_runtime = 18.2272
eval_samples_per_second = 274.315
