eval_accuracy = 0.4828000068664551
eval_loss = 1.3520931005477905
eval_mae = 0.6718
eval_runtime = 18.1157
eval_samples_per_second = 276.004
