eval_accuracy = 0.5580000281333923
eval_loss = 1.063353180885315
eval_mae = 0.5204
eval_runtime = 18.4175
eval_samples_per_second = 271.481
