eval_accuracy = 0.6025999784469604
eval_loss = 0.9359005689620972
eval_mae = 0.4532
eval_runtime = 17.0102
eval_samples_per_second = 293.942
