eval_accuracy = 0.5005999803543091
eval_loss = 1.2434576749801636
eval_mae = 0.5952
eval_runtime = 19.409
eval_samples_per_second = 257.612
