eval_accuracy = 0.5062000155448914
eval_loss = 1.228769302368164
eval_mae = 0.6214
eval_runtime = 20.4725
eval_samples_per_second = 244.23
