eval_accuracy = 0.5817999839782715
eval_loss = 0.9788879752159119
eval_mae = 0.4888
eval_runtime = 17.3239
eval_samples_per_second = 288.619
