eval_accuracy = 0.5802000164985657
eval_loss = 1.0126914978027344
eval_mae = 0.482
eval_runtime = 17.5123
eval_samples_per_second = 285.514
