eval_accuracy = 0.5813999772071838
eval_loss = 1.018846035003662
eval_mae = 0.4934
eval_runtime = 21.441
eval_samples_per_second = 233.198
