eval_accuracy = 0.503000020980835
eval_loss = 1.1775388717651367
eval_mae = 0.5916
eval_runtime = 17.3449
eval_samples_per_second = 288.27
