eval_accuracy = 0.46880000829696655
eval_loss = 1.3343015909194946
eval_mae = 0.687
eval_runtime = 19.2616
eval_samples_per_second = 259.583
