eval_accuracy = 0.5648000240325928
eval_loss = 1.0145514011383057
eval_mae = 0.5074
eval_runtime = 17.2354
eval_samples_per_second = 290.101
