eval_accuracy = 0.5763999819755554
eval_loss = 1.0054928064346313
eval_mae = 0.4944
eval_runtime = 17.2531
eval_samples_per_second = 289.803
