eval_accuracy = 0.48339998722076416
eval_loss = 1.3525022268295288
eval_mae = 0.6706
eval_runtime = 21.3016
eval_samples_per_second = 234.725
