eval_accuracy = 0.5537999868392944
eval_loss = 1.0243275165557861
eval_mae = 0.5374
eval_runtime = 17.2163
eval_samples_per_second = 290.423
