eval_accuracy = 0.5558000206947327
eval_loss = 1.061727523803711
eval_mae = 0.5212
eval_runtime = 18.3943
eval_samples_per_second = 271.824
