eval_accuracy = 0.5558000206947327
eval_loss = 1.0801231861114502
eval_mae = 0.5654
eval_runtime = 25.4621
eval_samples_per_second = 196.37
