eval_accuracy = 0.5735999941825867
eval_loss = 1.085289478302002
eval_mae = 0.513
eval_runtime = 17.0582
eval_samples_per_second = 293.115
