eval_accuracy = 0.5605999827384949
eval_loss = 1.0458284616470337
eval_mae = 0.509
eval_runtime = 18.6006
eval_samples_per_second = 268.808
