eval_accuracy = 0.592199981212616
eval_loss = 0.9477413892745972
eval_mae = 0.4706
eval_runtime = 22.7251
eval_samples_per_second = 220.021
