eval_accuracy = 0.5806000232696533
eval_loss = 1.0184756517410278
eval_mae = 0.4942
eval_runtime = 20.7858
eval_samples_per_second = 240.549
