eval_accuracy = 0.5776000022888184
eval_loss = 1.0060703754425049
eval_mae = 0.4942
eval_runtime = 16.5626
eval_samples_per_second = 301.884
