eval_accuracy = 0.4593999981880188
eval_loss = 1.3746408224105835
eval_mae = 0.7312
eval_runtime = 17.131
eval_samples_per_second = 291.869
