eval_accuracy = 0.5898000001907349
eval_loss = 0.948584794998169
eval_mae = 0.463
eval_runtime = 16.6721
eval_samples_per_second = 299.903
