eval_accuracy = 0.4821999967098236
eval_loss = 1.3525508642196655
eval_mae = 0.673
eval_runtime = 18.4985
eval_samples_per_second = 270.292
