eval_accuracy = 0.6212000250816345
eval_loss = 0.9510103464126587
eval_mae = 0.4276
eval_runtime = 17.478
eval_samples_per_second = 286.074
