eval_accuracy = 0.5612000226974487
eval_loss = 1.042953372001648
eval_mae = 0.5082
eval_runtime = 21.002
eval_samples_per_second = 238.072
