eval_accuracy = 0.602400004863739
eval_loss = 0.9360541105270386
eval_mae = 0.4538
eval_runtime = 17.0896
eval_samples_per_second = 292.575
