eval_accuracy = 0.5008000135421753
eval_loss = 1.156896710395813
eval_mae = 0.589
eval_runtime = 17.2533
eval_samples_per_second = 289.799
