eval_accuracy = 0.5595999956130981
eval_loss = 1.0455405712127686
eval_mae = 0.5096
eval_runtime = 19.7313
eval_samples_per_second = 253.405
