eval_accuracy = 0.6037999987602234
eval_loss = 0.9476826190948486
eval_mae = 0.4582
eval_runtime = 17.2506
eval_samples_per_second = 289.845
