eval_accuracy = 0.5073999762535095
eval_loss = 1.2290081977844238
eval_mae = 0.6198
eval_runtime = 19.4204
eval_samples_per_second = 257.461
