eval_accuracy = 0.5821999907493591
eval_loss = 0.978952169418335
eval_mae = 0.4882
eval_runtime = 17.3563
eval_samples_per_second = 288.079
