eval_accuracy = 0.5289999842643738
eval_loss = 1.0543640851974487
eval_mae = 0.569
eval_runtime = 16.9125
eval_samples_per_second = 295.639
