eval_accuracy = 0.6061999797821045
eval_loss = 0.9497093558311462
eval_mae = 0.4494
eval_runtime = 19.2125
eval_samples_per_second = 260.247
