eval_accuracy = 0.5447999835014343
eval_loss = 1.028970718383789
eval_mae = 0.5402
eval_runtime = 16.6743
eval_samples_per_second = 299.862
