eval_accuracy = 0.6021999716758728
eval_loss = 0.935342013835907
eval_mae = 0.4532
eval_runtime = 16.0224
eval_samples_per_second = 312.062
