eval_accuracy = 0.5564000010490417
eval_loss = 1.07975435256958
eval_mae = 0.565
eval_runtime = 31.781
eval_samples_per_second = 157.327
