eval_accuracy = 0.47200000286102295
eval_loss = 1.3480794429779053
eval_mae = 0.6906
eval_runtime = 17.3565
eval_samples_per_second = 288.076
