eval_accuracy = 0.5785999894142151
eval_loss = 1.0123586654663086
eval_mae = 0.4836
eval_runtime = 17.5467
eval_samples_per_second = 284.955
