eval_accuracy = 0.5758000016212463
eval_loss = 1.0059309005737305
eval_mae = 0.4954
eval_runtime = 16.0162
eval_samples_per_second = 312.184
