eval_accuracy = 0.5442000031471252
eval_loss = 1.0315742492675781
eval_mae = 0.5412
eval_runtime = 16.3795
eval_samples_per_second = 305.26
