eval_accuracy = 0.5827999711036682
eval_loss = 1.0140470266342163
eval_mae = 0.48
eval_runtime = 17.772
eval_samples_per_second = 281.341
