eval_accuracy = 0.46939998865127563
eval_loss = 1.2939683198928833
eval_mae = 0.6802
eval_runtime = 19.2069
eval_samples_per_second = 260.323
