eval_accuracy = 0.5429999828338623
eval_loss = 1.0277529954910278
eval_mae = 0.5418
eval_runtime = 16.4471
eval_samples_per_second = 304.004
