eval_accuracy = 0.6068000197410583
eval_loss = 0.9499043226242065
eval_mae = 0.4498
eval_runtime = 18.5893
eval_samples_per_second = 268.971
