eval_accuracy = 0.593999981880188
eval_loss = 1.0069866180419922
eval_mae = 0.4674
eval_runtime = 17.3529
eval_samples_per_second = 288.137
