eval_accuracy = 0.620199978351593
eval_loss = 0.9511652588844299
eval_mae = 0.4296
eval_runtime = 17.4282
eval_samples_per_second = 286.892
